83, 20
84, 20
85, 19
85, 20
86, 19
86, 20
86, 21
87, 19
87, 20
87, 21
87, 24
87, 25
87, 26
87, 27
87, 28
87, 29
87, 30
87, 31
88, 19
88, 20
88, 21
88, 22
88, 23
88, 24
88, 25
88, 26
88, 27
88, 28
88, 29
88, 30
88, 31
88, 32
88, 33
88, 34
88, 35
88, 36
88, 37
88, 38
88, 39
89, 19
89, 20
89, 21
89, 22
89, 23
89, 24
89, 25
89, 26
89, 27
89, 28
89, 29
89, 30
89, 31
89, 32
89, 33
89, 34
89, 35
89, 36
89, 37
89, 38
89, 39
89, 40
90, 19
90, 20
90, 21
90, 22
90, 23
90, 24
90, 25
90, 26
90, 27
90, 28
90, 29
90, 30
90, 31
90, 32
90, 33
90, 34
90, 35
90, 36
90, 37
90, 38
90, 39
90, 40
91, 19
91, 20
91, 21
91, 22
91, 23
91, 24
91, 25
91, 26
91, 27
91, 28
91, 29
91, 30
91, 31
91, 32
91, 33
91, 34
91, 35
91, 36
91, 37
91, 38
91, 39
91, 40
91, 41
92, 19
92, 20
92, 21
92, 22
92, 23
92, 24
92, 25
92, 26
92, 27
92, 28
92, 29
92, 30
92, 31
92, 32
92, 33
92, 34
92, 35
92, 36
92, 37
92, 38
92, 39
92, 40
92, 41
92, 42
92, 43
92, 46
92, 47
92, 48
92, 49
93, 19
93, 20
93, 21
93, 22
93, 23
93, 24
93, 25
93, 26
93, 27
93, 28
93, 29
93, 30
93, 31
93, 32
93, 33
93, 34
93, 35
93, 36
93, 37
93, 38
93, 39
93, 40
93, 41
93, 42
93, 43
93, 44
93, 45
93, 46
93, 47
93, 48
93, 49
93, 50
94, 19
94, 20
94, 21
94, 22
94, 23
94, 24
94, 25
94, 26
94, 27
94, 28
94, 29
94, 30
94, 31
94, 32
94, 33
94, 34
94, 35
94, 36
94, 37
94, 38
94, 39
94, 40
94, 41
94, 42
94, 43
94, 44
94, 45
94, 46
94, 47
94, 48
94, 49
94, 50
94, 51
95, 19
95, 20
95, 21
95, 22
95, 23
95, 24
95, 25
95, 26
95, 27
95, 28
95, 29
95, 30
95, 31
95, 32
95, 33
95, 34
95, 35
95, 36
95, 37
95, 38
95, 39
95, 40
95, 41
95, 42
95, 43
95, 44
95, 45
95, 46
95, 47
95, 48
95, 49
95, 50
96, 19
96, 20
96, 21
96, 22
96, 23
96, 24
96, 25
96, 26
96, 27
96, 28
96, 29
96, 30
96, 31
96, 32
96, 33
96, 34
96, 35
96, 36
96, 37
96, 38
96, 39
96, 40
96, 41
96, 42
96, 43
96, 44
96, 45
96, 46
96, 47
96, 48
96, 49
96, 50
97, 19
97, 20
97, 21
97, 22
97, 23
97, 24
97, 25
97, 26
97, 27
97, 28
97, 29
97, 30
97, 31
97, 32
97, 33
97, 34
97, 35
97, 36
97, 37
97, 38
97, 39
97, 40
97, 41
97, 42
97, 43
97, 44
97, 45
97, 46
97, 47
97, 48
97, 49
97, 50
97, 51
98, 19
98, 20
98, 21
98, 22
98, 23
98, 24
98, 25
98, 26
98, 27
98, 28
98, 29
98, 30
98, 31
98, 32
98, 33
98, 34
98, 35
98, 36
98, 37
98, 38
98, 39
98, 40
98, 41
98, 42
98, 43
98, 44
98, 45
98, 46
98, 47
98, 48
98, 49
98, 50
98, 51
99, 19
99, 20
99, 21
99, 22
99, 23
99, 24
99, 25
99, 26
99, 27
99, 28
99, 29
99, 30
99, 31
99, 32
99, 33
99, 34
99, 35
99, 36
99, 37
99, 38
99, 39
99, 40
99, 41
99, 42
99, 43
99, 44
99, 45
99, 46
99, 47
99, 48
99, 49
99, 50
99, 51
100, 19
100, 20
100, 21
100, 22
100, 23
100, 24
100, 25
100, 26
100, 27
100, 28
100, 29
100, 30
100, 31
100, 32
100, 33
100, 34
100, 35
100, 36
100, 37
100, 38
100, 39
100, 40
100, 41
100, 42
100, 43
100, 44
100, 45
100, 46
100, 47
100, 48
100, 49
100, 50
100, 51
101, 19
101, 20
101, 21
101, 22
101, 23
101, 24
101, 25
101, 26
101, 27
101, 28
101, 29
101, 30
101, 31
101, 32
101, 33
101, 34
101, 35
101, 36
101, 37
101, 38
101, 39
101, 40
101, 41
101, 42
101, 43
101, 44
101, 45
101, 46
101, 47
101, 48
101, 49
101, 50
101, 51
102, 19
102, 20
102, 21
102, 22
102, 23
102, 24
102, 25
102, 26
102, 27
102, 28
102, 29
102, 30
102, 31
102, 32
102, 33
102, 34
102, 35
102, 36
102, 37
102, 38
102, 39
102, 40
102, 41
102, 42
102, 43
102, 44
102, 45
102, 46
102, 47
102, 48
102, 49
102, 50
102, 51
102, 52
103, 19
103, 20
103, 21
103, 22
103, 23
103, 24
103, 25
103, 26
103, 27
103, 28
103, 29
103, 30
103, 31
103, 32
103, 33
103, 34
103, 35
103, 36
103, 37
103, 38
103, 39
103, 40
103, 41
103, 42
103, 43
103, 44
103, 45
103, 46
103, 47
103, 48
103, 49
103, 50
103, 51
103, 52
104, 19
104, 20
104, 21
104, 22
104, 23
104, 24
104, 25
104, 26
104, 27
104, 28
104, 29
104, 30
104, 31
104, 32
104, 33
104, 34
104, 35
104, 36
104, 37
104, 38
104, 39
104, 40
104, 41
104, 42
104, 43
104, 44
104, 45
104, 46
104, 47
104, 48
104, 49
104, 50
104, 51
104, 52
105, 19
105, 20
105, 21
105, 22
105, 23
105, 24
105, 25
105, 26
105, 27
105, 28
105, 29
105, 30
105, 31
105, 32
105, 33
105, 34
105, 35
105, 36
105, 37
105, 38
105, 39
105, 40
105, 41
105, 42
105, 43
105, 44
105, 45
105, 46
105, 47
105, 48
105, 49
105, 50
105, 51
105, 52
106, 19
106, 20
106, 21
106, 22
106, 23
106, 24
106, 25
106, 26
106, 27
106, 28
106, 29
106, 30
106, 31
106, 32
106, 33
106, 34
106, 35
106, 36
106, 37
106, 38
106, 39
106, 40
106, 41
106, 42
106, 43
106, 44
106, 45
106, 46
106, 47
106, 48
106, 49
106, 50
106, 51
106, 52
107, 19
107, 20
107, 21
107, 22
107, 23
107, 24
107, 25
107, 26
107, 27
107, 28
107, 29
107, 30
107, 31
107, 32
107, 33
107, 34
107, 35
107, 36
107, 37
107, 38
107, 39
107, 40
107, 41
107, 42
107, 43
107, 44
107, 45
107, 46
107, 47
107, 48
107, 49
107, 50
107, 51
107, 52
108, 19
108, 20
108, 21
108, 22
108, 23
108, 24
108, 25
108, 26
108, 27
108, 28
108, 29
108, 30
108, 31
108, 32
108, 33
108, 34
108, 35
108, 36
108, 37
108, 38
108, 39
108, 40
108, 41
108, 42
108, 43
108, 44
108, 45
108, 46
108, 47
108, 48
108, 49
108, 50
108, 51
108, 52
109, 19
109, 20
109, 21
109, 22
109, 23
109, 24
109, 25
109, 26
109, 27
109, 28
109, 29
109, 30
109, 31
109, 32
109, 33
109, 34
109, 35
109, 36
109, 37
109, 38
109, 39
109, 40
109, 41
109, 42
109, 43
109, 44
109, 45
109, 46
109, 47
109, 48
109, 49
109, 50
109, 51
109, 52
110, 19
110, 20
110, 21
110, 22
110, 23
110, 24
110, 25
110, 26
110, 27
110, 28
110, 29
110, 30
110, 31
110, 32
110, 33
110, 34
110, 35
110, 36
110, 37
110, 38
110, 39
110, 40
110, 41
110, 42
110, 43
110, 44
110, 45
110, 46
110, 47
110, 48
110, 49
110, 50
110, 51
110, 52
111, 19
111, 20
111, 21
111, 22
111, 23
111, 24
111, 25
111, 26
111, 27
111, 28
111, 29
111, 30
111, 31
111, 32
111, 33
111, 34
111, 35
111, 36
111, 37
111, 38
111, 39
111, 40
111, 41
111, 42
111, 43
111, 44
111, 45
111, 46
111, 47
111, 48
111, 49
111, 50
111, 51
111, 52
112, 19
112, 20
112, 21
112, 22
112, 23
112, 24
112, 25
112, 26
112, 27
112, 28
112, 29
112, 30
112, 31
112, 32
112, 33
112, 34
112, 35
112, 36
112, 37
112, 38
112, 39
112, 40
112, 41
112, 42
112, 43
112, 44
112, 45
112, 46
112, 47
112, 48
112, 49
112, 50
112, 51
112, 52
113, 19
113, 20
113, 21
113, 22
113, 23
113, 24
113, 25
113, 30
113, 31
113, 32
113, 33
113, 34
113, 35
113, 36
113, 37
113, 38
113, 39
113, 40
113, 41
113, 42
113, 43
113, 44
113, 45
113, 46
113, 47
113, 48
113, 49
113, 50
113, 51
113, 52
114, 19
114, 20
114, 21
114, 22
114, 23
114, 24
114, 25
114, 31
114, 32
114, 33
114, 34
114, 35
114, 36
114, 37
114, 38
114, 39
114, 40
114, 41
114, 42
114, 43
114, 44
114, 45
114, 46
114, 47
114, 48
114, 49
114, 50
114, 51
114, 52
115, 19
115, 20
115, 21
115, 35
115, 36
115, 37
115, 38
115, 39
115, 40
115, 41
115, 42
115, 43
115, 44
115, 45
115, 46
115, 47
115, 48
115, 49
115, 50
115, 51
115, 52
116, 20
116, 36
116, 37
116, 38
116, 39
116, 40
116, 41
116, 42
116, 43
116, 44
116, 45
116, 46
116, 47
116, 48
116, 49
116, 50
116, 51
116, 52
117, 20
117, 36
117, 37
117, 38
117, 39
117, 40
117, 41
117, 42
117, 43
117, 44
117, 45
117, 46
117, 47
117, 48
117, 49
117, 50
117, 51
117, 52
118, 36
118, 37
118, 38
118, 39
118, 40
118, 41
118, 42
118, 43
118, 44
118, 45
118, 46
118, 47
118, 48
118, 49
118, 50
118, 51
118, 52
119, 37
119, 38
119, 39
119, 40
119, 41
119, 42
119, 43
119, 44
119, 45
119, 46
119, 47
119, 48
119, 49
119, 50
119, 51
119, 52
120, 39
120, 40
120, 41
120, 42
120, 43
120, 44
120, 45
120, 46
120, 47
120, 48
120, 49
120, 50
149, 22
149, 23
149, 24
149, 25
149, 26
150, 20
150, 21
150, 22
150, 23
150, 24
150, 25
150, 26
150, 27
150, 28
150, 29
150, 30
150, 31
151, 20
151, 21
151, 22
151, 23
151, 24
151, 25
151, 26
151, 27
151, 28
151, 29
151, 30
151, 31
151, 32
151, 33
151, 34
152, 19
152, 20
152, 21
152, 22
152, 23
152, 24
152, 25
152, 26
152, 27
152, 28
152, 29
152, 30
152, 31
152, 32
152, 33
152, 34
152, 35
152, 36
152, 37
152, 38
152, 39
152, 40
153, 19
153, 20
153, 21
153, 22
153, 23
153, 24
153, 25
153, 26
153, 27
153, 28
153, 29
153, 30
153, 31
153, 32
153, 33
153, 34
153, 35
153, 36
153, 37
153, 38
153, 39
153, 40
153, 41
153, 42
153, 43
154, 19
154, 20
154, 21
154, 22
154, 23
154, 24
154, 25
154, 26
154, 27
154, 28
154, 29
154, 30
154, 31
154, 32
154, 33
154, 34
154, 35
154, 36
154, 37
154, 38
154, 39
154, 40
154, 41
154, 42
154, 43
154, 44
154, 45
154, 46
154, 47
154, 48
154, 49
154, 50
155, 19
155, 20
155, 21
155, 22
155, 23
155, 24
155, 25
155, 26
155, 27
155, 28
155, 29
155, 30
155, 31
155, 32
155, 33
155, 34
155, 35
155, 36
155, 37
155, 38
155, 39
155, 40
155, 41
155, 42
155, 43
155, 44
155, 45
155, 46
155, 47
155, 48
155, 49
155, 50
155, 51
156, 19
156, 20
156, 21
156, 22
156, 23
156, 24
156, 25
156, 26
156, 27
156, 28
156, 29
156, 30
156, 31
156, 32
156, 33
156, 34
156, 35
156, 36
156, 37
156, 38
156, 39
156, 40
156, 41
156, 42
156, 43
156, 44
156, 45
156, 46
156, 47
156, 48
156, 49
156, 50
156, 51
156, 52
157, 18
157, 19
157, 20
157, 21
157, 22
157, 23
157, 24
157, 25
157, 26
157, 27
157, 28
157, 29
157, 30
157, 31
157, 32
157, 33
157, 34
157, 35
157, 36
157, 37
157, 38
157, 39
157, 40
157, 41
157, 42
157, 43
157, 44
157, 45
157, 46
157, 47
157, 48
157, 49
157, 50
157, 51
157, 52
158, 18
158, 19
158, 20
158, 21
158, 22
158, 23
158, 24
158, 25
158, 26
158, 27
158, 28
158, 29
158, 30
158, 31
158, 32
158, 33
158, 34
158, 35
158, 36
158, 37
158, 38
158, 39
158, 40
158, 41
158, 42
158, 43
158, 44
158, 45
158, 46
158, 47
158, 48
158, 49
158, 50
158, 51
158, 52
158, 53
159, 18
159, 19
159, 20
159, 21
159, 22
159, 23
159, 24
159, 25
159, 26
159, 27
159, 28
159, 29
159, 30
159, 31
159, 32
159, 33
159, 34
159, 35
159, 36
159, 37
159, 38
159, 39
159, 40
159, 41
159, 42
159, 43
159, 44
159, 45
159, 46
159, 47
159, 48
159, 49
159, 50
159, 51
159, 52
159, 53
160, 18
160, 19
160, 20
160, 21
160, 22
160, 23
160, 24
160, 25
160, 26
160, 27
160, 28
160, 29
160, 30
160, 31
160, 32
160, 33
160, 34
160, 35
160, 36
160, 37
160, 38
160, 39
160, 40
160, 41
160, 42
160, 43
160, 44
160, 45
160, 46
160, 47
160, 48
160, 49
160, 50
160, 51
160, 52
160, 53
161, 18
161, 19
161, 20
161, 21
161, 22
161, 23
161, 24
161, 25
161, 26
161, 27
161, 28
161, 29
161, 30
161, 31
161, 32
161, 33
161, 34
161, 35
161, 36
161, 37
161, 38
161, 39
161, 40
161, 41
161, 42
161, 43
161, 44
161, 45
161, 46
161, 47
161, 48
161, 49
161, 50
161, 51
161, 52
161, 53
162, 18
162, 19
162, 20
162, 21
162, 22
162, 23
162, 24
162, 25
162, 26
162, 27
162, 28
162, 29
162, 30
162, 31
162, 32
162, 33
162, 34
162, 35
162, 36
162, 37
162, 38
162, 39
162, 40
162, 41
162, 42
162, 43
162, 44
162, 45
162, 46
162, 47
162, 48
162, 49
162, 50
162, 51
162, 52
162, 53
162, 54
163, 18
163, 19
163, 20
163, 21
163, 22
163, 23
163, 24
163, 25
163, 26
163, 27
163, 28
163, 29
163, 30
163, 31
163, 32
163, 33
163, 34
163, 35
163, 36
163, 37
163, 38
163, 39
163, 40
163, 41
163, 42
163, 43
163, 44
163, 45
163, 46
163, 47
163, 48
163, 49
163, 50
163, 51
163, 52
163, 53
163, 54
164, 17
164, 18
164, 19
164, 20
164, 21
164, 22
164, 23
164, 24
164, 25
164, 26
164, 27
164, 28
164, 29
164, 30
164, 31
164, 32
164, 33
164, 34
164, 35
164, 36
164, 37
164, 38
164, 39
164, 40
164, 41
164, 42
164, 43
164, 44
164, 45
164, 46
164, 47
164, 48
164, 49
164, 50
164, 51
164, 52
164, 53
164, 54
165, 17
165, 18
165, 19
165, 20
165, 21
165, 22
165, 23
165, 24
165, 25
165, 26
165, 27
165, 28
165, 29
165, 30
165, 31
165, 32
165, 33
165, 34
165, 35
165, 36
165, 37
165, 38
165, 39
165, 40
165, 41
165, 42
165, 43
165, 44
165, 45
165, 46
165, 47
165, 48
165, 49
165, 50
165, 51
165, 52
165, 53
165, 54
165, 55
166, 17
166, 18
166, 19
166, 20
166, 21
166, 22
166, 23
166, 24
166, 25
166, 26
166, 27
166, 28
166, 29
166, 30
166, 31
166, 32
166, 33
166, 34
166, 35
166, 36
166, 37
166, 38
166, 39
166, 40
166, 41
166, 42
166, 43
166, 44
166, 45
166, 46
166, 47
166, 48
166, 49
166, 50
166, 51
166, 52
166, 53
166, 54
166, 55
167, 17
167, 18
167, 19
167, 20
167, 21
167, 22
167, 23
167, 24
167, 25
167, 26
167, 27
167, 28
167, 29
167, 30
167, 31
167, 32
167, 33
167, 34
167, 35
167, 36
167, 37
167, 38
167, 39
167, 40
167, 41
167, 42
167, 43
167, 44
167, 45
167, 46
167, 47
167, 48
167, 49
167, 50
167, 51
167, 52
167, 53
167, 54
167, 55
168, 17
168, 18
168, 19
168, 20
168, 21
168, 22
168, 23
168, 24
168, 25
168, 26
168, 27
168, 28
168, 29
168, 30
168, 31
168, 32
168, 33
168, 34
168, 35
168, 36
168, 37
168, 38
168, 39
168, 40
168, 41
168, 42
168, 43
168, 44
168, 45
168, 46
168, 47
168, 48
168, 49
168, 50
168, 51
168, 52
168, 53
168, 54
168, 55
168, 56
169, 16
169, 17
169, 18
169, 19
169, 20
169, 21
169, 22
169, 23
169, 24
169, 25
169, 26
169, 27
169, 28
169, 29
169, 30
169, 31
169, 32
169, 33
169, 34
169, 35
169, 36
169, 37
169, 38
169, 39
169, 40
169, 41
169, 42
169, 43
169, 44
169, 45
169, 46
169, 47
169, 48
169, 49
169, 50
169, 51
169, 52
169, 53
169, 54
169, 55
169, 56
170, 16
170, 17
170, 18
170, 19
170, 20
170, 21
170, 22
170, 23
170, 24
170, 25
170, 26
170, 27
170, 28
170, 29
170, 30
170, 31
170, 32
170, 33
170, 34
170, 35
170, 36
170, 37
170, 38
170, 39
170, 40
170, 41
170, 42
170, 43
170, 44
170, 45
170, 46
170, 47
170, 48
170, 49
170, 50
170, 51
170, 52
170, 53
170, 54
170, 55
170, 56
170, 57
171, 16
171, 17
171, 18
171, 19
171, 20
171, 21
171, 22
171, 23
171, 24
171, 25
171, 26
171, 27
171, 28
171, 29
171, 30
171, 31
171, 32
171, 33
171, 34
171, 35
171, 36
171, 37
171, 38
171, 39
171, 40
171, 41
171, 42
171, 43
171, 44
171, 45
171, 46
171, 47
171, 48
171, 49
171, 50
171, 51
171, 52
171, 53
171, 54
171, 55
171, 56
171, 57
172, 16
172, 17
172, 18
172, 19
172, 20
172, 21
172, 22
172, 23
172, 24
172, 25
172, 26
172, 27
172, 28
172, 29
172, 30
172, 31
172, 32
172, 33
172, 34
172, 35
172, 36
172, 37
172, 38
172, 39
172, 40
172, 41
172, 42
172, 43
172, 44
172, 45
172, 46
172, 47
172, 48
172, 49
172, 50
172, 51
172, 52
172, 53
172, 54
172, 55
172, 56
172, 57
173, 15
173, 16
173, 17
173, 18
173, 19
173, 20
173, 21
173, 22
173, 23
173, 24
173, 25
173, 26
173, 27
173, 28
173, 29
173, 30
173, 31
173, 32
173, 33
173, 34
173, 35
173, 36
173, 37
173, 38
173, 39
173, 40
173, 41
173, 42
173, 43
173, 44
173, 45
173, 46
173, 47
173, 48
173, 49
173, 50
173, 51
173, 52
173, 53
173, 54
173, 55
173, 56
173, 57
173, 58
174, 15
174, 16
174, 17
174, 18
174, 19
174, 20
174, 21
174, 22
174, 23
174, 24
174, 25
174, 26
174, 27
174, 28
174, 29
174, 30
174, 31
174, 32
174, 33
174, 34
174, 35
174, 36
174, 37
174, 38
174, 39
174, 40
174, 41
174, 42
174, 43
174, 44
174, 45
174, 46
174, 47
174, 48
174, 49
174, 50
174, 51
174, 52
174, 53
174, 54
174, 55
174, 56
174, 57
174, 58
175, 15
175, 16
175, 17
175, 18
175, 19
175, 20
175, 21
175, 22
175, 23
175, 24
175, 25
175, 26
175, 27
175, 28
175, 29
175, 30
175, 31
175, 32
175, 33
175, 34
175, 35
175, 36
175, 37
175, 38
175, 39
175, 40
175, 41
175, 42
175, 43
175, 44
175, 45
175, 46
175, 47
175, 48
175, 49
175, 50
175, 51
175, 52
175, 53
175, 54
175, 55
175, 56
175, 57
175, 58
176, 15
176, 16
176, 17
176, 18
176, 19
176, 20
176, 21
176, 22
176, 23
176, 24
176, 25
176, 26
176, 27
176, 28
176, 29
176, 30
176, 31
176, 32
176, 33
176, 34
176, 35
176, 36
176, 37
176, 38
176, 39
176, 40
176, 41
176, 42
176, 43
176, 44
176, 45
176, 46
176, 47
176, 48
176, 49
176, 50
176, 51
176, 52
176, 53
176, 54
176, 55
176, 56
176, 57
176, 58
177, 16
177, 17
177, 18
177, 19
177, 20
177, 21
177, 22
177, 23
177, 24
177, 25
177, 26
177, 27
177, 28
177, 29
177, 30
177, 31
177, 32
177, 33
177, 34
177, 35
177, 36
177, 37
177, 38
177, 39
177, 40
177, 41
177, 42
177, 43
177, 44
177, 45
177, 46
177, 47
177, 48
177, 49
177, 50
177, 51
177, 52
177, 53
177, 54
177, 55
177, 56
177, 57
177, 58
178, 16
178, 17
178, 18
178, 19
178, 20
178, 21
178, 22
178, 23
178, 24
178, 25
178, 26
178, 27
178, 28
178, 29
178, 30
178, 31
178, 32
178, 33
178, 34
178, 35
178, 36
178, 37
178, 38
178, 39
178, 40
178, 41
178, 42
178, 43
178, 44
178, 45
178, 46
178, 47
178, 48
178, 49
178, 50
178, 51
178, 52
178, 53
178, 54
178, 55
178, 56
178, 57
178, 58
178, 59
179, 16
179, 17
179, 18
179, 19
179, 20
179, 21
179, 22
179, 23
179, 24
179, 25
179, 26
179, 27
179, 28
179, 29
179, 30
179, 31
179, 32
179, 33
179, 34
179, 35
179, 36
179, 37
179, 38
179, 39
179, 40
179, 41
179, 42
179, 43
179, 44
179, 45
179, 46
179, 47
179, 48
179, 49
179, 50
179, 51
179, 52
179, 53
179, 54
179, 55
179, 56
179, 57
179, 58
179, 59
180, 16
180, 17
180, 18
180, 19
180, 20
180, 21
180, 22
180, 23
180, 24
180, 25
180, 26
180, 27
180, 28
180, 29
180, 30
180, 31
180, 32
180, 33
180, 34
180, 35
180, 36
180, 37
180, 38
180, 39
180, 40
180, 41
180, 42
180, 43
180, 44
180, 45
180, 46
180, 47
180, 48
180, 49
180, 50
180, 51
180, 52
180, 53
180, 54
180, 55
180, 56
180, 57
180, 58
180, 59
181, 16
181, 17
181, 18
181, 19
181, 20
181, 21
181, 22
181, 23
181, 24
181, 25
181, 26
181, 27
181, 28
181, 29
181, 30
181, 31
181, 32
181, 33
181, 34
181, 35
181, 36
181, 37
181, 38
181, 39
181, 40
181, 41
181, 42
181, 43
181, 44
181, 45
181, 46
181, 47
181, 48
181, 49
181, 50
181, 51
181, 52
181, 53
181, 54
181, 55
181, 56
181, 57
181, 58
181, 59
182, 16
182, 17
182, 18
182, 19
182, 20
182, 21
182, 22
182, 23
182, 24
182, 25
182, 26
182, 27
182, 28
182, 29
182, 30
182, 31
182, 32
182, 33
182, 34
182, 35
182, 36
182, 37
182, 38
182, 39
182, 40
182, 41
182, 42
182, 43
182, 44
182, 45
182, 46
182, 47
182, 48
182, 49
182, 50
182, 51
182, 52
182, 53
182, 54
182, 55
182, 56
182, 57
182, 58
182, 59
183, 16
183, 17
183, 18
183, 19
183, 20
183, 21
183, 22
183, 23
183, 24
183, 25
183, 26
183, 27
183, 28
183, 29
183, 30
183, 31
183, 32
183, 33
183, 34
183, 35
183, 36
183, 37
183, 38
183, 39
183, 40
183, 41
183, 42
183, 43
183, 44
183, 45
183, 46
183, 47
183, 48
183, 49
183, 50
183, 51
183, 52
183, 53
183, 54
183, 55
183, 56
183, 57
183, 58
183, 59
184, 16
184, 17
184, 18
184, 19
184, 20
184, 21
184, 22
184, 23
184, 24
184, 25
184, 26
184, 27
184, 28
184, 29
184, 30
184, 31
184, 32
184, 33
184, 34
184, 35
184, 36
184, 37
184, 38
184, 39
184, 40
184, 41
184, 42
184, 43
184, 44
184, 45
184, 46
184, 47
184, 48
184, 49
184, 50
184, 51
184, 52
184, 53
184, 54
184, 55
184, 56
184, 57
184, 58
184, 59
185, 16
185, 17
185, 18
185, 19
185, 20
185, 21
185, 22
185, 23
185, 24
185, 25
185, 26
185, 27
185, 28
185, 29
185, 30
185, 31
185, 32
185, 33
185, 34
185, 35
185, 36
185, 37
185, 38
185, 39
185, 40
185, 41
185, 42
185, 43
185, 44
185, 45
185, 46
185, 47
185, 48
185, 49
185, 50
185, 51
185, 52
185, 53
185, 54
185, 55
185, 56
185, 57
185, 58
185, 59
186, 17
186, 18
186, 19
186, 20
186, 21
186, 22
186, 23
186, 24
186, 25
186, 26
186, 27
186, 28
186, 29
186, 30
186, 31
186, 32
186, 33
186, 34
186, 35
186, 36
186, 37
186, 38
186, 39
186, 40
186, 41
186, 42
186, 43
186, 44
186, 45
186, 46
186, 47
186, 48
186, 49
186, 50
186, 51
186, 52
186, 53
186, 54
186, 55
186, 56
186, 57
186, 58
186, 59
187, 17
187, 18
187, 19
187, 20
187, 21
187, 22
187, 23
187, 24
187, 25
187, 26
187, 27
187, 28
187, 29
187, 30
187, 31
187, 32
187, 33
187, 34
187, 35
187, 36
187, 37
187, 38
187, 39
187, 40
187, 41
187, 42
187, 43
187, 44
187, 45
187, 46
187, 47
187, 48
187, 49
187, 50
187, 51
187, 52
187, 53
187, 54
187, 55
187, 56
187, 57
187, 58
187, 59
188, 18
188, 19
188, 20
188, 21
188, 22
188, 23
188, 24
188, 25
188, 26
188, 27
188, 28
188, 29
188, 30
188, 31
188, 32
188, 33
188, 34
188, 35
188, 36
188, 37
188, 38
188, 39
188, 40
188, 41
188, 42
188, 43
188, 44
188, 45
188, 46
188, 47
188, 48
188, 49
188, 50
188, 51
188, 52
188, 53
188, 54
188, 57
188, 58
189, 18
189, 19
189, 20
189, 21
189, 22
189, 23
189, 24
189, 25
189, 26
189, 27
189, 28
189, 29
189, 30
189, 31
189, 32
189, 33
189, 34
189, 35
189, 36
189, 37
189, 38
189, 39
189, 40
189, 41
189, 42
189, 43
189, 44
189, 45
189, 46
189, 47
189, 48
189, 49
190, 18
190, 19
190, 20
190, 21
190, 22
190, 23
190, 24
190, 25
190, 26
190, 27
190, 28
190, 29
190, 30
190, 31
190, 32
190, 33
190, 34
190, 35
190, 36
190, 37
190, 38
190, 39
190, 40
190, 41
190, 42
190, 43
190, 44
190, 45
190, 46
191, 19
191, 20
191, 21
191, 22
191, 23
191, 24
191, 25
191, 26
191, 27
191, 28
191, 29
191, 30
191, 31
191, 32
191, 33
191, 34
191, 35
191, 36
191, 37
191, 38
191, 39
191, 40
192, 20
192, 21
192, 22
192, 23
192, 24
192, 25
192, 26
192, 27
192, 28
192, 29
192, 30
192, 31
192, 32
192, 33
192, 34
192, 35
192, 36
193, 20
193, 21
193, 22
193, 23
193, 24
193, 25
193, 26
193, 27
193, 28
193, 29
193, 30
193, 31
193, 32
193, 33
194, 21
194, 22
194, 23
194, 24
194, 25
194, 26
194, 27
194, 28
194, 29
194, 30
195, 21
195, 22
195, 23
195, 24
195, 25
196, 22
196, 23
