115, 31
115, 32
115, 33
115, 34
115, 35
115, 36
115, 37
115, 38
116, 30
116, 31
116, 32
116, 33
116, 34
116, 35
116, 36
116, 37
116, 38
116, 39
116, 40
116, 41
116, 42
116, 43
117, 29
117, 30
117, 31
117, 32
117, 33
117, 34
117, 35
117, 36
117, 37
117, 38
117, 39
117, 40
117, 41
117, 42
117, 43
117, 44
117, 45
118, 29
118, 30
118, 31
118, 32
118, 33
118, 34
118, 35
118, 36
118, 37
118, 38
118, 39
118, 40
118, 41
118, 42
118, 43
118, 44
118, 45
119, 29
119, 30
119, 31
119, 32
119, 33
119, 34
119, 35
119, 36
119, 37
119, 38
119, 39
119, 40
119, 41
119, 42
119, 43
119, 44
119, 45
119, 46
119, 47
120, 29
120, 30
120, 31
120, 32
120, 33
120, 34
120, 35
120, 36
120, 37
120, 38
120, 39
120, 40
120, 41
120, 42
120, 43
120, 44
120, 45
120, 46
120, 47
120, 48
121, 29
121, 30
121, 31
121, 32
121, 33
121, 34
121, 35
121, 36
121, 37
121, 38
121, 39
121, 40
121, 41
121, 42
121, 43
121, 44
121, 45
121, 46
121, 47
121, 48
121, 49
121, 50
121, 51
122, 29
122, 30
122, 31
122, 32
122, 33
122, 34
122, 35
122, 36
122, 37
122, 38
122, 39
122, 40
122, 41
122, 42
122, 43
122, 44
122, 45
122, 46
122, 47
122, 48
122, 49
122, 50
122, 51
122, 52
122, 53
123, 29
123, 30
123, 31
123, 32
123, 33
123, 34
123, 35
123, 36
123, 37
123, 38
123, 39
123, 40
123, 41
123, 42
123, 43
123, 44
123, 45
123, 46
123, 47
123, 48
123, 49
123, 50
123, 51
123, 52
123, 53
123, 54
123, 55
124, 29
124, 30
124, 31
124, 32
124, 33
124, 34
124, 35
124, 36
124, 37
124, 38
124, 39
124, 40
124, 41
124, 42
124, 43
124, 44
124, 45
124, 46
124, 47
124, 48
124, 49
124, 50
124, 51
124, 52
124, 53
124, 54
124, 55
124, 56
124, 57
125, 29
125, 30
125, 31
125, 32
125, 33
125, 34
125, 35
125, 36
125, 37
125, 38
125, 39
125, 40
125, 41
125, 42
125, 43
125, 44
125, 45
125, 46
125, 47
125, 48
125, 49
125, 50
125, 51
125, 52
125, 53
125, 54
125, 55
125, 56
125, 57
125, 58
126, 29
126, 30
126, 31
126, 32
126, 33
126, 34
126, 35
126, 36
126, 37
126, 38
126, 39
126, 40
126, 41
126, 42
126, 43
126, 44
126, 45
126, 46
126, 47
126, 48
126, 49
126, 50
126, 51
126, 52
126, 53
126, 54
126, 55
126, 56
126, 57
126, 58
127, 29
127, 30
127, 31
127, 32
127, 33
127, 34
127, 35
127, 36
127, 37
127, 38
127, 39
127, 40
127, 41
127, 42
127, 43
127, 44
127, 45
127, 46
127, 47
127, 48
127, 49
127, 50
127, 51
127, 52
127, 53
127, 54
127, 55
127, 56
127, 57
127, 58
127, 59
128, 29
128, 30
128, 31
128, 32
128, 33
128, 34
128, 35
128, 36
128, 37
128, 38
128, 39
128, 40
128, 41
128, 42
128, 43
128, 44
128, 45
128, 46
128, 47
128, 48
128, 49
128, 50
128, 51
128, 52
128, 53
128, 54
128, 55
128, 56
128, 57
128, 58
128, 59
129, 29
129, 30
129, 31
129, 32
129, 33
129, 34
129, 35
129, 36
129, 37
129, 38
129, 39
129, 40
129, 41
129, 42
129, 43
129, 44
129, 45
129, 46
129, 47
129, 48
129, 49
129, 50
129, 51
129, 52
129, 53
129, 54
129, 55
129, 56
129, 57
129, 58
129, 59
130, 29
130, 30
130, 31
130, 32
130, 33
130, 34
130, 35
130, 36
130, 37
130, 38
130, 39
130, 40
130, 41
130, 42
130, 43
130, 44
130, 45
130, 46
130, 47
130, 48
130, 49
130, 50
130, 51
130, 52
130, 53
130, 54
130, 55
130, 56
130, 57
130, 58
130, 59
131, 29
131, 30
131, 31
131, 32
131, 33
131, 34
131, 35
131, 36
131, 37
131, 38
131, 39
131, 40
131, 41
131, 42
131, 43
131, 44
131, 45
131, 46
131, 47
131, 48
131, 49
131, 50
131, 51
131, 52
131, 53
131, 54
131, 55
131, 56
131, 57
131, 58
131, 59
132, 29
132, 30
132, 31
132, 32
132, 33
132, 34
132, 35
132, 36
132, 37
132, 38
132, 39
132, 40
132, 41
132, 42
132, 43
132, 44
132, 45
132, 46
132, 47
132, 48
132, 49
132, 50
132, 51
132, 52
132, 53
132, 54
132, 55
132, 56
132, 57
132, 58
132, 59
133, 29
133, 30
133, 31
133, 32
133, 33
133, 34
133, 35
133, 36
133, 37
133, 38
133, 39
133, 40
133, 41
133, 42
133, 43
133, 44
133, 45
133, 46
133, 47
133, 48
133, 49
133, 50
133, 51
133, 52
133, 53
133, 54
133, 55
133, 56
133, 57
133, 58
133, 59
134, 29
134, 30
134, 31
134, 32
134, 33
134, 34
134, 35
134, 36
134, 37
134, 38
134, 39
134, 40
134, 41
134, 42
134, 43
134, 44
134, 45
134, 46
134, 47
134, 48
134, 49
134, 50
134, 51
134, 52
134, 53
134, 54
134, 55
134, 56
134, 57
134, 58
135, 29
135, 30
135, 31
135, 32
135, 33
135, 34
135, 35
135, 36
135, 37
135, 38
135, 39
135, 40
135, 41
135, 42
135, 43
135, 44
135, 45
135, 46
135, 47
135, 48
135, 49
135, 50
135, 51
135, 52
135, 53
135, 54
135, 55
135, 56
135, 57
135, 58
136, 29
136, 30
136, 31
136, 32
136, 33
136, 34
136, 35
136, 36
136, 37
136, 38
136, 39
136, 40
136, 41
136, 42
136, 43
136, 44
136, 45
136, 46
136, 47
136, 48
136, 49
136, 50
136, 51
136, 52
136, 53
136, 54
136, 55
136, 56
136, 57
136, 58
137, 29
137, 30
137, 31
137, 32
137, 33
137, 34
137, 35
137, 36
137, 37
137, 38
137, 39
137, 40
137, 41
137, 42
137, 43
137, 44
137, 45
137, 46
137, 47
137, 48
137, 49
137, 50
137, 51
137, 52
137, 53
137, 54
137, 55
137, 56
137, 57
137, 58
138, 29
138, 30
138, 31
138, 32
138, 33
138, 34
138, 35
138, 36
138, 37
138, 38
138, 39
138, 40
138, 41
138, 42
138, 43
138, 44
138, 45
138, 46
138, 47
138, 48
138, 49
138, 50
138, 51
138, 52
138, 53
138, 54
138, 55
138, 56
138, 57
138, 58
139, 29
139, 30
139, 31
139, 32
139, 33
139, 34
139, 35
139, 36
139, 37
139, 38
139, 39
139, 40
139, 41
139, 42
139, 43
139, 44
139, 45
139, 46
139, 47
139, 48
139, 49
139, 50
139, 51
139, 52
139, 53
139, 54
139, 55
139, 56
139, 57
139, 58
140, 29
140, 30
140, 31
140, 32
140, 33
140, 34
140, 35
140, 36
140, 37
140, 38
140, 39
140, 40
140, 41
140, 42
140, 43
140, 44
140, 45
140, 46
140, 47
140, 48
140, 49
140, 50
140, 51
140, 52
140, 53
140, 54
140, 55
140, 56
140, 57
141, 29
141, 30
141, 31
141, 32
141, 33
141, 34
141, 35
141, 36
141, 37
141, 38
141, 39
141, 40
141, 41
141, 42
141, 43
141, 44
141, 45
141, 46
141, 47
141, 48
141, 49
141, 50
141, 51
141, 52
141, 53
141, 54
141, 55
141, 56
141, 57
142, 30
142, 31
142, 32
142, 33
142, 34
142, 35
142, 36
142, 37
142, 38
142, 39
142, 40
142, 41
142, 42
142, 43
142, 44
142, 45
142, 46
142, 47
142, 48
142, 49
142, 50
142, 51
142, 52
142, 53
142, 54
142, 55
142, 56
142, 57
143, 30
143, 31
143, 32
143, 33
143, 34
143, 35
143, 36
143, 37
143, 38
143, 39
143, 40
143, 41
143, 42
143, 43
143, 44
143, 45
143, 46
143, 47
143, 48
143, 49
143, 50
143, 51
143, 52
143, 53
143, 54
143, 55
143, 56
143, 57
144, 30
144, 31
144, 32
144, 33
144, 34
144, 35
144, 36
144, 37
144, 38
144, 39
144, 40
144, 41
144, 42
144, 43
144, 44
144, 45
144, 46
144, 47
144, 48
144, 49
144, 50
144, 51
144, 52
144, 53
144, 54
144, 55
144, 56
144, 57
145, 30
145, 31
145, 32
145, 33
145, 34
145, 35
145, 36
145, 37
145, 38
145, 39
145, 40
145, 41
145, 42
145, 43
145, 44
145, 45
145, 46
145, 47
145, 48
145, 49
145, 50
145, 51
145, 52
145, 53
145, 54
145, 55
145, 56
145, 57
146, 30
146, 31
146, 32
146, 33
146, 34
146, 35
146, 36
146, 37
146, 38
146, 39
146, 40
146, 41
146, 42
146, 43
146, 44
146, 45
146, 46
146, 47
146, 48
146, 49
146, 50
146, 51
146, 52
146, 53
146, 54
146, 55
146, 56
146, 57
147, 30
147, 31
147, 32
147, 33
147, 34
147, 35
147, 36
147, 37
147, 38
147, 39
147, 40
147, 41
147, 42
147, 43
147, 44
147, 45
147, 46
147, 47
147, 48
147, 49
147, 50
147, 51
147, 52
147, 53
147, 54
147, 55
147, 56
147, 57
148, 30
148, 31
148, 32
148, 33
148, 34
148, 35
148, 36
148, 37
148, 38
148, 39
148, 40
148, 41
148, 42
148, 43
148, 44
148, 45
148, 46
148, 47
148, 48
148, 49
148, 50
148, 51
148, 52
148, 53
148, 54
148, 55
148, 56
148, 57
149, 30
149, 31
149, 32
149, 33
149, 34
149, 35
149, 36
149, 37
149, 38
149, 39
149, 40
149, 41
149, 42
149, 43
149, 44
149, 45
149, 46
149, 47
149, 48
149, 49
149, 50
149, 51
149, 52
149, 53
149, 54
149, 55
149, 56
149, 57
150, 30
150, 31
150, 32
150, 33
150, 34
150, 35
150, 36
150, 37
150, 38
150, 39
150, 40
150, 41
150, 42
150, 43
150, 44
150, 45
150, 46
150, 47
150, 48
150, 49
150, 50
150, 51
150, 52
150, 53
150, 54
150, 55
150, 56
150, 57
151, 30
151, 31
151, 32
151, 33
151, 34
151, 35
151, 36
151, 37
151, 38
151, 39
151, 40
151, 41
151, 42
151, 43
151, 44
151, 45
151, 46
151, 47
151, 48
151, 49
151, 50
151, 51
151, 52
151, 53
151, 54
151, 55
151, 56
151, 57
152, 30
152, 31
152, 32
152, 33
152, 34
152, 35
152, 36
152, 37
152, 38
152, 39
152, 40
152, 41
152, 42
152, 43
152, 44
152, 45
152, 46
152, 47
152, 48
152, 49
152, 50
152, 51
152, 52
152, 53
152, 54
152, 55
152, 56
153, 30
153, 31
153, 32
153, 33
153, 34
153, 35
153, 36
153, 37
153, 38
153, 39
153, 40
153, 41
153, 42
153, 43
153, 44
153, 45
153, 46
153, 47
153, 48
153, 49
153, 50
153, 51
153, 52
153, 53
153, 54
153, 55
153, 56
154, 31
154, 32
154, 33
154, 34
154, 35
154, 36
154, 37
154, 38
154, 39
154, 40
154, 41
154, 42
154, 43
154, 44
154, 45
154, 46
154, 47
154, 48
154, 49
154, 50
154, 51
154, 52
154, 53
154, 54
154, 55
154, 56
155, 31
155, 32
155, 33
155, 34
155, 35
155, 36
155, 37
155, 38
155, 39
155, 40
155, 41
155, 42
155, 43
155, 44
155, 45
155, 46
155, 47
155, 48
155, 49
155, 50
155, 51
155, 52
155, 53
155, 54
155, 55
155, 56
156, 31
156, 32
156, 33
156, 34
156, 35
156, 36
156, 37
156, 38
156, 39
156, 40
156, 41
156, 42
156, 43
156, 44
156, 45
156, 46
156, 47
156, 48
156, 49
156, 50
156, 51
156, 52
156, 53
156, 54
156, 55
156, 56
157, 31
157, 32
157, 33
157, 34
157, 35
157, 36
157, 37
157, 38
157, 39
157, 40
157, 41
157, 42
157, 43
157, 44
157, 45
157, 46
157, 47
157, 48
157, 49
157, 50
157, 51
157, 52
157, 53
157, 54
157, 55
157, 56
158, 31
158, 32
158, 33
158, 34
158, 35
158, 36
158, 37
158, 38
158, 39
158, 40
158, 41
158, 42
158, 43
158, 44
158, 45
158, 46
158, 47
158, 48
158, 49
158, 50
158, 51
158, 52
158, 53
158, 54
158, 55
158, 56
159, 31
159, 32
159, 33
159, 34
159, 35
159, 36
159, 37
159, 38
159, 39
159, 40
159, 41
159, 42
159, 43
159, 44
159, 45
159, 46
159, 47
159, 48
159, 49
159, 50
159, 51
159, 52
159, 53
159, 54
159, 55
159, 56
160, 31
160, 32
160, 33
160, 34
160, 35
160, 36
160, 37
160, 38
160, 39
160, 40
160, 41
160, 42
160, 43
160, 44
160, 45
160, 46
160, 47
160, 48
160, 49
160, 50
160, 51
160, 52
160, 53
160, 54
160, 55
160, 56
161, 31
161, 32
161, 33
161, 34
161, 35
161, 36
161, 37
161, 38
161, 39
161, 40
161, 41
161, 42
161, 43
161, 44
161, 45
161, 46
161, 47
161, 48
161, 49
161, 50
161, 51
161, 52
161, 53
161, 54
161, 55
161, 56
162, 31
162, 32
162, 33
162, 34
162, 35
162, 36
162, 37
162, 38
162, 39
162, 40
162, 41
162, 42
162, 43
162, 44
162, 45
162, 46
162, 47
162, 48
162, 49
162, 50
162, 51
162, 52
162, 53
162, 54
162, 55
162, 56
163, 31
163, 32
163, 33
163, 34
163, 35
163, 36
163, 37
163, 38
163, 39
163, 40
163, 41
163, 42
163, 43
163, 44
163, 45
163, 46
163, 47
163, 48
163, 49
163, 50
163, 51
163, 52
163, 53
163, 54
163, 55
163, 56
164, 31
164, 32
164, 33
164, 34
164, 35
164, 36
164, 37
164, 38
164, 39
164, 40
164, 41
164, 42
164, 43
164, 44
164, 45
164, 46
164, 47
164, 48
164, 49
164, 50
164, 51
164, 52
164, 53
164, 54
164, 55
164, 56
165, 31
165, 32
165, 33
165, 34
165, 35
165, 36
165, 37
165, 38
165, 39
165, 40
165, 41
165, 42
165, 43
165, 44
165, 45
165, 46
165, 47
165, 48
165, 49
165, 50
165, 51
165, 52
165, 53
165, 54
165, 55
165, 56
166, 32
166, 33
166, 34
166, 35
166, 36
166, 37
166, 38
166, 39
166, 40
166, 41
166, 42
166, 43
166, 44
166, 45
166, 46
166, 47
166, 48
166, 49
166, 50
166, 51
166, 52
166, 53
166, 54
166, 55
166, 56
167, 32
167, 33
167, 34
167, 35
167, 36
167, 37
167, 38
167, 39
167, 40
167, 41
167, 42
167, 43
167, 44
167, 45
167, 46
167, 47
167, 48
167, 49
167, 50
167, 51
167, 52
167, 53
167, 54
167, 55
167, 56
168, 32
168, 33
168, 34
168, 35
168, 36
168, 37
168, 38
168, 39
168, 40
168, 41
168, 42
168, 43
168, 44
168, 45
168, 46
168, 47
168, 48
168, 49
168, 50
168, 51
168, 52
168, 53
168, 54
168, 55
168, 56
169, 32
169, 33
169, 34
169, 35
169, 36
169, 37
169, 38
169, 39
169, 40
169, 41
169, 42
169, 43
169, 44
169, 45
169, 46
169, 47
169, 48
169, 49
169, 50
169, 51
169, 52
169, 53
169, 54
169, 55
169, 56
170, 32
170, 33
170, 34
170, 35
170, 36
170, 37
170, 38
170, 39
170, 40
170, 41
170, 42
170, 43
170, 44
170, 45
170, 46
170, 47
170, 48
170, 49
170, 50
170, 51
170, 52
170, 53
170, 54
170, 55
170, 56
171, 32
171, 33
171, 34
171, 35
171, 36
171, 37
171, 38
171, 39
171, 40
171, 41
171, 42
171, 43
171, 44
171, 45
171, 46
171, 47
171, 48
171, 49
171, 50
171, 51
171, 52
171, 53
171, 54
171, 55
171, 56
172, 32
172, 33
172, 34
172, 35
172, 36
172, 37
172, 38
172, 39
172, 40
172, 41
172, 42
172, 43
172, 44
172, 45
172, 46
172, 47
172, 48
172, 49
172, 50
172, 51
172, 52
172, 53
172, 54
172, 55
172, 56
173, 32
173, 33
173, 34
173, 35
173, 36
173, 37
173, 38
173, 39
173, 40
173, 41
173, 42
173, 43
173, 44
173, 45
173, 46
173, 47
173, 48
173, 49
173, 50
173, 51
173, 52
173, 53
173, 54
173, 55
173, 56
174, 32
174, 33
174, 34
174, 35
174, 36
174, 37
174, 38
174, 39
174, 40
174, 41
174, 42
174, 43
174, 44
174, 45
174, 46
174, 47
174, 48
174, 49
174, 50
174, 51
174, 52
174, 53
174, 54
174, 55
174, 56
175, 32
175, 33
175, 34
175, 35
175, 36
175, 37
175, 38
175, 39
175, 40
175, 41
175, 42
175, 43
175, 44
175, 45
175, 46
175, 47
175, 48
175, 49
175, 50
175, 51
175, 52
175, 53
175, 54
175, 55
175, 56
176, 32
176, 33
176, 34
176, 35
176, 36
176, 37
176, 38
176, 39
176, 40
176, 41
176, 42
176, 43
176, 44
176, 45
176, 46
176, 47
176, 48
176, 49
176, 50
176, 51
176, 52
176, 53
176, 54
176, 55
176, 56
177, 32
177, 33
177, 34
177, 35
177, 36
177, 37
177, 38
177, 39
177, 40
177, 41
177, 42
177, 43
177, 44
177, 45
177, 46
177, 47
177, 48
177, 49
177, 50
177, 51
177, 52
177, 53
177, 54
177, 55
177, 56
178, 32
178, 33
178, 34
178, 35
178, 36
178, 37
178, 38
178, 39
178, 40
178, 41
178, 42
178, 43
178, 44
178, 45
178, 46
178, 47
178, 48
178, 49
178, 50
178, 51
178, 52
178, 53
178, 54
178, 55
178, 56
179, 33
179, 34
179, 35
179, 36
179, 37
179, 38
179, 39
179, 40
179, 41
179, 42
179, 43
179, 44
179, 45
179, 46
179, 47
179, 48
179, 49
179, 50
179, 51
179, 52
179, 53
179, 54
179, 55
179, 56
180, 33
180, 34
180, 35
180, 36
180, 37
180, 38
180, 39
180, 40
180, 41
180, 42
180, 43
180, 44
180, 45
180, 46
180, 47
180, 48
180, 49
180, 50
180, 51
180, 52
180, 53
180, 54
180, 55
180, 56
181, 33
181, 34
181, 35
181, 36
181, 37
181, 38
181, 39
181, 40
181, 41
181, 42
181, 43
181, 44
181, 45
181, 46
181, 47
181, 48
181, 49
181, 50
181, 51
181, 52
181, 53
181, 54
181, 55
181, 56
182, 33
182, 34
182, 35
182, 36
182, 37
182, 38
182, 39
182, 40
182, 41
182, 42
182, 43
182, 44
182, 45
182, 46
182, 47
182, 48
182, 49
182, 50
182, 51
182, 52
182, 53
182, 54
182, 55
182, 56
183, 33
183, 34
183, 35
183, 36
183, 37
183, 38
183, 39
183, 40
183, 41
183, 42
183, 43
183, 44
183, 45
183, 46
183, 47
183, 48
183, 49
183, 50
183, 51
183, 52
183, 53
183, 54
183, 55
183, 56
184, 33
184, 34
184, 35
184, 36
184, 37
184, 38
184, 39
184, 40
184, 41
184, 42
184, 43
184, 45
184, 46
184, 47
184, 48
184, 49
184, 50
184, 51
184, 52
184, 53
184, 54
184, 55
184, 56
185, 33
185, 34
185, 35
185, 36
185, 37
185, 38
185, 39
185, 40
185, 41
185, 42
185, 45
185, 46
185, 47
185, 48
185, 49
185, 50
185, 51
185, 52
185, 53
185, 54
185, 55
185, 56
186, 33
186, 34
186, 35
186, 36
186, 37
186, 38
186, 39
186, 40
186, 41
186, 42
186, 45
186, 46
186, 47
186, 48
186, 49
186, 50
186, 51
186, 52
186, 53
186, 54
186, 55
186, 56
187, 33
187, 34
187, 35
187, 36
187, 37
187, 38
187, 39
187, 40
187, 41
187, 42
187, 45
187, 46
187, 47
187, 48
187, 49
187, 50
187, 51
187, 52
187, 53
187, 54
187, 55
187, 56
188, 33
188, 34
188, 35
188, 36
188, 37
188, 38
188, 39
188, 40
188, 41
188, 42
188, 45
188, 46
188, 47
188, 48
188, 49
188, 50
188, 51
188, 52
188, 53
188, 54
188, 55
188, 56
189, 34
189, 35
189, 36
189, 37
189, 38
189, 39
189, 40
189, 41
189, 42
189, 46
189, 47
189, 48
189, 49
189, 50
189, 51
189, 52
189, 53
189, 54
189, 55
189, 56
190, 34
190, 35
190, 36
190, 37
190, 38
190, 39
190, 40
190, 41
190, 42
190, 46
190, 47
190, 48
190, 49
190, 50
190, 51
190, 52
190, 53
190, 54
190, 55
190, 56
191, 34
191, 35
191, 36
191, 37
191, 38
191, 39
191, 40
191, 41
191, 42
191, 43
191, 46
191, 47
191, 48
191, 49
191, 50
191, 51
191, 52
191, 53
191, 54
191, 55
191, 56
192, 34
192, 35
192, 36
192, 37
192, 38
192, 39
192, 40
192, 41
192, 42
192, 43
192, 46
192, 47
192, 48
192, 49
192, 50
192, 51
192, 52
192, 53
192, 54
192, 55
192, 56
193, 34
193, 35
193, 36
193, 37
193, 38
193, 39
193, 40
193, 41
193, 42
193, 43
193, 46
193, 47
193, 48
193, 49
193, 50
193, 51
193, 52
193, 53
193, 54
193, 55
193, 56
194, 34
194, 35
194, 36
194, 37
194, 38
194, 39
194, 40
194, 41
194, 42
194, 43
194, 46
194, 47
194, 48
194, 49
194, 50
194, 51
194, 52
194, 53
194, 54
194, 55
194, 56
195, 34
195, 35
195, 36
195, 37
195, 38
195, 39
195, 40
195, 41
195, 42
195, 43
195, 46
195, 47
195, 48
195, 49
195, 50
195, 51
195, 52
195, 53
195, 54
195, 55
195, 56
196, 34
196, 35
196, 36
196, 37
196, 38
196, 39
196, 40
196, 41
196, 42
196, 43
196, 46
196, 47
196, 48
196, 49
196, 50
196, 51
196, 52
196, 53
196, 54
196, 55
196, 56
197, 34
197, 35
197, 36
197, 37
197, 38
197, 39
197, 40
197, 41
197, 42
197, 43
197, 46
197, 47
197, 48
197, 49
197, 50
197, 51
197, 52
197, 53
197, 54
197, 55
197, 56
198, 35
198, 36
198, 37
198, 38
198, 39
198, 40
198, 41
198, 42
198, 43
198, 46
198, 47
198, 48
198, 49
198, 50
198, 51
198, 52
198, 53
198, 54
198, 55
198, 56
199, 35
199, 36
199, 37
199, 38
199, 39
199, 40
199, 41
199, 42
199, 43
199, 46
199, 47
199, 48
199, 49
199, 50
199, 51
199, 52
199, 53
199, 54
199, 55
199, 56
200, 35
200, 36
200, 37
200, 38
200, 39
200, 40
200, 41
200, 42
200, 43
200, 46
200, 47
200, 48
200, 49
200, 50
200, 51
200, 52
200, 53
200, 54
200, 55
200, 56
201, 35
201, 36
201, 37
201, 38
201, 39
201, 40
201, 41
201, 42
201, 43
201, 46
201, 47
201, 48
201, 49
201, 50
201, 51
201, 52
201, 53
201, 54
201, 55
201, 56
202, 35
202, 36
202, 37
202, 38
202, 39
202, 40
202, 41
202, 42
202, 43
202, 46
202, 47
202, 48
202, 49
202, 50
202, 51
202, 52
202, 53
202, 54
202, 55
202, 56
202, 57
203, 35
203, 36
203, 37
203, 38
203, 39
203, 40
203, 41
203, 42
203, 43
203, 46
203, 47
203, 48
203, 49
203, 50
203, 51
203, 52
203, 53
203, 54
203, 55
203, 56
203, 57
204, 35
204, 36
204, 37
204, 38
204, 39
204, 40
204, 41
204, 42
204, 43
204, 46
204, 47
204, 48
204, 49
204, 50
204, 51
204, 52
204, 53
204, 54
204, 55
204, 56
204, 57
205, 35
205, 36
205, 37
205, 38
205, 39
205, 40
205, 41
205, 42
205, 43
205, 46
205, 47
205, 48
205, 49
205, 50
205, 51
205, 52
205, 53
205, 54
205, 55
205, 56
205, 57
206, 35
206, 36
206, 37
206, 38
206, 39
206, 40
206, 41
206, 42
206, 43
206, 44
206, 46
206, 47
206, 48
206, 49
206, 50
206, 51
206, 52
206, 53
206, 54
206, 55
206, 56
206, 57
207, 35
207, 36
207, 37
207, 38
207, 39
207, 40
207, 41
207, 42
207, 43
207, 44
207, 45
207, 46
207, 47
207, 48
207, 49
207, 50
207, 51
207, 52
207, 53
207, 54
207, 55
207, 56
207, 57
208, 35
208, 36
208, 37
208, 38
208, 39
208, 40
208, 41
208, 42
208, 43
208, 44
208, 45
208, 46
208, 47
208, 48
208, 49
208, 50
208, 51
208, 52
208, 53
208, 54
208, 55
208, 56
208, 57
209, 36
209, 37
209, 38
209, 39
209, 40
209, 41
209, 42
209, 43
209, 44
209, 45
209, 46
209, 47
209, 48
209, 49
209, 50
209, 51
209, 52
209, 53
209, 54
209, 55
209, 56
209, 57
210, 36
210, 37
210, 38
210, 39
210, 40
210, 41
210, 42
210, 43
210, 44
210, 45
210, 46
210, 47
210, 48
210, 49
210, 50
210, 51
210, 52
210, 53
210, 54
210, 55
210, 56
210, 57
211, 36
211, 37
211, 38
211, 39
211, 40
211, 41
211, 42
211, 43
211, 44
211, 45
211, 46
211, 47
211, 48
211, 49
211, 50
211, 51
211, 52
211, 53
211, 54
211, 55
211, 56
211, 57
212, 36
212, 37
212, 38
212, 39
212, 40
212, 41
212, 42
212, 43
212, 44
212, 45
212, 46
212, 47
212, 48
212, 49
212, 50
212, 51
212, 52
212, 53
212, 54
212, 55
212, 56
212, 57
213, 36
213, 37
213, 38
213, 39
213, 40
213, 41
213, 42
213, 43
213, 44
213, 45
213, 46
213, 47
213, 48
213, 49
213, 50
213, 51
213, 52
213, 53
213, 54
213, 55
213, 56
213, 57
214, 36
214, 37
214, 38
214, 39
214, 40
214, 41
214, 42
214, 43
214, 44
214, 45
214, 46
214, 47
214, 48
214, 49
214, 50
214, 51
214, 52
214, 53
214, 54
214, 55
214, 56
214, 57
215, 36
215, 37
215, 38
215, 39
215, 40
215, 41
215, 42
215, 43
215, 44
215, 45
215, 46
215, 47
215, 48
215, 49
215, 50
215, 51
215, 52
215, 53
215, 54
215, 55
215, 56
215, 57
216, 36
216, 37
216, 38
216, 39
216, 40
216, 41
216, 42
216, 43
216, 44
216, 45
216, 46
216, 47
216, 48
216, 49
216, 50
216, 51
216, 52
216, 53
216, 54
216, 55
216, 56
216, 57
217, 36
217, 37
217, 38
217, 39
217, 40
217, 41
217, 42
217, 43
217, 44
217, 45
217, 46
217, 47
217, 48
217, 49
217, 50
217, 51
217, 52
217, 53
217, 54
217, 55
217, 56
217, 57
218, 36
218, 37
218, 38
218, 39
218, 40
218, 41
218, 42
218, 43
218, 44
218, 45
218, 46
218, 47
218, 48
218, 49
218, 50
218, 51
218, 52
218, 53
218, 54
218, 55
218, 56
218, 57
219, 36
219, 37
219, 38
219, 39
219, 40
219, 41
219, 42
219, 43
219, 44
219, 45
219, 46
219, 47
219, 48
219, 49
219, 50
219, 51
219, 52
219, 53
219, 54
219, 55
219, 56
219, 57
220, 37
220, 38
220, 39
220, 40
220, 41
220, 42
220, 43
220, 44
220, 45
220, 46
220, 47
220, 48
220, 49
220, 50
220, 51
220, 52
220, 53
220, 54
220, 55
220, 56
220, 57
221, 37
221, 38
221, 39
221, 40
221, 41
221, 42
221, 43
221, 44
221, 45
221, 46
221, 47
221, 48
221, 49
221, 50
221, 51
221, 52
221, 53
221, 54
221, 55
221, 56
221, 57
222, 37
222, 38
222, 39
222, 40
222, 41
222, 42
222, 43
222, 44
222, 45
222, 46
222, 47
222, 48
222, 49
222, 50
222, 51
222, 52
222, 53
222, 54
222, 55
222, 56
222, 57
223, 39
223, 40
223, 41
223, 42
223, 43
223, 44
223, 45
223, 46
223, 47
223, 48
223, 49
223, 50
223, 51
223, 52
223, 53
223, 54
223, 55
223, 56
