79, 81
80, 76
80, 77
80, 78
80, 79
80, 80
80, 81
80, 82
81, 72
81, 73
81, 74
81, 75
81, 76
81, 77
81, 78
81, 79
81, 80
81, 81
81, 82
81, 83
82, 66
82, 67
82, 68
82, 69
82, 70
82, 71
82, 72
82, 73
82, 74
82, 75
82, 76
82, 77
82, 78
82, 79
82, 80
82, 81
82, 82
82, 83
82, 84
83, 53
83, 54
83, 56
83, 57
83, 58
83, 59
83, 60
83, 61
83, 62
83, 63
83, 64
83, 65
83, 66
83, 67
83, 68
83, 69
83, 70
83, 71
83, 72
83, 73
83, 74
83, 75
83, 76
83, 77
83, 78
83, 79
83, 80
83, 81
83, 82
83, 83
83, 84
83, 85
84, 50
84, 51
84, 52
84, 53
84, 54
84, 55
84, 56
84, 57
84, 58
84, 59
84, 60
84, 61
84, 62
84, 63
84, 64
84, 65
84, 66
84, 67
84, 68
84, 69
84, 70
84, 71
84, 72
84, 73
84, 74
84, 75
84, 76
84, 77
84, 78
84, 79
84, 80
84, 81
84, 82
84, 83
84, 84
84, 85
84, 86
85, 50
85, 51
85, 52
85, 53
85, 54
85, 55
85, 56
85, 57
85, 58
85, 59
85, 60
85, 61
85, 62
85, 63
85, 64
85, 65
85, 66
85, 67
85, 68
85, 69
85, 70
85, 71
85, 72
85, 73
85, 74
85, 75
85, 76
85, 77
85, 78
85, 79
85, 80
85, 81
85, 82
85, 83
85, 84
85, 85
85, 86
85, 87
86, 49
86, 50
86, 51
86, 52
86, 53
86, 54
86, 55
86, 56
86, 57
86, 58
86, 59
86, 60
86, 61
86, 62
86, 63
86, 64
86, 65
86, 66
86, 67
86, 68
86, 69
86, 70
86, 71
86, 72
86, 73
86, 74
86, 75
86, 76
86, 77
86, 78
86, 79
86, 80
86, 81
86, 82
86, 83
86, 84
86, 85
86, 86
86, 87
86, 88
87, 49
87, 50
87, 51
87, 52
87, 53
87, 54
87, 55
87, 56
87, 57
87, 58
87, 59
87, 60
87, 61
87, 62
87, 63
87, 64
87, 65
87, 66
87, 67
87, 68
87, 69
87, 70
87, 71
87, 72
87, 73
87, 74
87, 75
87, 76
87, 77
87, 78
87, 79
87, 80
87, 81
87, 82
87, 83
87, 84
87, 85
87, 86
87, 87
87, 88
88, 49
88, 50
88, 51
88, 52
88, 53
88, 54
88, 55
88, 56
88, 57
88, 58
88, 59
88, 60
88, 61
88, 62
88, 63
88, 64
88, 65
88, 66
88, 67
88, 68
88, 69
88, 70
88, 71
88, 72
88, 73
88, 74
88, 75
88, 76
88, 77
88, 78
88, 79
88, 80
88, 81
88, 82
88, 83
88, 84
88, 85
88, 86
88, 87
88, 88
89, 49
89, 50
89, 51
89, 52
89, 53
89, 54
89, 55
89, 56
89, 57
89, 58
89, 59
89, 60
89, 61
89, 62
89, 63
89, 64
89, 65
89, 66
89, 67
89, 68
89, 69
89, 70
89, 71
89, 72
89, 73
89, 74
89, 75
89, 76
89, 77
89, 78
89, 79
89, 80
89, 81
89, 82
89, 83
89, 84
89, 85
89, 86
89, 87
89, 88
89, 89
89, 90
90, 49
90, 50
90, 51
90, 52
90, 53
90, 54
90, 55
90, 56
90, 57
90, 58
90, 59
90, 60
90, 61
90, 62
90, 63
90, 64
90, 65
90, 66
90, 67
90, 68
90, 69
90, 70
90, 71
90, 72
90, 73
90, 74
90, 75
90, 76
90, 77
90, 78
90, 79
90, 80
90, 81
90, 82
90, 83
90, 84
90, 85
90, 86
90, 87
90, 88
90, 89
90, 90
90, 91
91, 49
91, 50
91, 51
91, 52
91, 53
91, 54
91, 55
91, 56
91, 57
91, 58
91, 59
91, 60
91, 61
91, 62
91, 63
91, 64
91, 65
91, 66
91, 67
91, 68
91, 69
91, 70
91, 71
91, 72
91, 73
91, 74
91, 75
91, 76
91, 77
91, 78
91, 79
91, 80
91, 81
91, 82
91, 83
91, 84
91, 85
91, 86
91, 87
91, 88
91, 89
91, 90
91, 91
92, 49
92, 50
92, 51
92, 52
92, 53
92, 54
92, 55
92, 56
92, 57
92, 58
92, 59
92, 60
92, 61
92, 62
92, 63
92, 64
92, 65
92, 66
92, 67
92, 68
92, 69
92, 70
92, 71
92, 72
92, 73
92, 74
92, 75
92, 76
92, 77
92, 78
92, 79
92, 80
92, 81
92, 82
92, 83
92, 84
92, 85
92, 86
92, 87
92, 88
92, 89
92, 90
92, 91
93, 49
93, 50
93, 51
93, 52
93, 53
93, 54
93, 55
93, 56
93, 57
93, 58
93, 59
93, 60
93, 61
93, 62
93, 63
93, 64
93, 65
93, 66
93, 67
93, 68
93, 69
93, 70
93, 71
93, 72
93, 73
93, 74
93, 75
93, 76
93, 77
93, 78
93, 79
93, 80
93, 81
93, 82
93, 83
93, 84
93, 85
93, 86
93, 87
93, 88
93, 89
93, 90
93, 91
93, 92
94, 48
94, 49
94, 50
94, 51
94, 52
94, 53
94, 54
94, 55
94, 56
94, 57
94, 58
94, 59
94, 60
94, 61
94, 62
94, 63
94, 64
94, 65
94, 66
94, 67
94, 68
94, 69
94, 70
94, 71
94, 72
94, 73
94, 74
94, 75
94, 76
94, 77
94, 78
94, 79
94, 80
94, 81
94, 82
94, 83
94, 84
94, 85
94, 86
94, 87
94, 88
94, 89
94, 90
94, 91
94, 92
95, 48
95, 49
95, 50
95, 51
95, 52
95, 53
95, 54
95, 55
95, 56
95, 57
95, 58
95, 59
95, 60
95, 61
95, 62
95, 63
95, 64
95, 65
95, 66
95, 67
95, 68
95, 69
95, 70
95, 71
95, 72
95, 73
95, 74
95, 75
95, 76
95, 77
95, 78
95, 79
95, 80
95, 81
95, 82
95, 83
95, 84
95, 85
95, 86
95, 87
95, 88
95, 89
95, 90
95, 91
95, 92
95, 93
96, 49
96, 50
96, 51
96, 52
96, 53
96, 54
96, 55
96, 56
96, 57
96, 58
96, 59
96, 60
96, 61
96, 62
96, 63
96, 64
96, 65
96, 66
96, 67
96, 68
96, 69
96, 70
96, 71
96, 72
96, 73
96, 74
96, 75
96, 76
96, 77
96, 78
96, 79
96, 80
96, 81
96, 82
96, 83
96, 84
96, 85
96, 86
96, 87
96, 88
96, 89
96, 90
96, 91
96, 92
96, 93
96, 94
96, 95
97, 49
97, 50
97, 51
97, 52
97, 53
97, 54
97, 55
97, 56
97, 57
97, 58
97, 59
97, 60
97, 61
97, 62
97, 63
97, 64
97, 65
97, 66
97, 67
97, 68
97, 69
97, 70
97, 71
97, 72
97, 73
97, 74
97, 75
97, 76
97, 77
97, 78
97, 79
97, 80
97, 81
97, 82
97, 83
97, 84
97, 85
97, 86
97, 87
97, 88
97, 89
97, 90
97, 91
97, 92
97, 93
97, 94
97, 95
97, 96
98, 49
98, 50
98, 51
98, 52
98, 53
98, 54
98, 55
98, 56
98, 57
98, 58
98, 59
98, 60
98, 61
98, 62
98, 63
98, 64
98, 65
98, 66
98, 67
98, 68
98, 69
98, 70
98, 71
98, 72
98, 73
98, 74
98, 75
98, 76
98, 77
98, 78
98, 79
98, 80
98, 81
98, 82
98, 83
98, 84
98, 85
98, 86
98, 87
98, 88
98, 89
98, 90
98, 91
98, 92
98, 93
98, 94
98, 95
98, 96
99, 48
99, 49
99, 50
99, 51
99, 52
99, 53
99, 54
99, 55
99, 56
99, 57
99, 58
99, 59
99, 60
99, 61
99, 62
99, 63
99, 64
99, 65
99, 66
99, 67
99, 68
99, 69
99, 70
99, 71
99, 72
99, 73
99, 74
99, 75
99, 76
99, 77
99, 78
99, 79
99, 80
99, 81
99, 82
99, 83
99, 84
99, 85
99, 86
99, 87
99, 88
99, 89
99, 90
99, 91
99, 92
99, 93
99, 94
99, 95
99, 96
100, 47
100, 48
100, 49
100, 50
100, 51
100, 52
100, 53
100, 54
100, 55
100, 56
100, 57
100, 58
100, 59
100, 60
100, 61
100, 62
100, 63
100, 64
100, 65
100, 66
100, 67
100, 68
100, 69
100, 70
100, 71
100, 72
100, 73
100, 74
100, 75
100, 76
100, 77
100, 78
100, 79
100, 80
100, 81
100, 82
100, 83
100, 84
100, 85
100, 86
100, 87
100, 88
100, 89
100, 90
100, 91
100, 92
100, 93
100, 94
100, 95
101, 46
101, 47
101, 48
101, 49
101, 50
101, 51
101, 52
101, 53
101, 54
101, 55
101, 56
101, 57
101, 58
101, 59
101, 60
101, 61
101, 62
101, 63
101, 64
101, 65
101, 66
101, 67
101, 68
101, 69
101, 70
101, 71
101, 72
101, 73
101, 74
101, 75
101, 76
101, 77
101, 78
101, 79
101, 80
101, 81
101, 82
101, 83
101, 84
101, 85
101, 86
101, 87
101, 88
101, 89
101, 90
101, 91
101, 92
101, 93
101, 94
101, 95
102, 46
102, 47
102, 48
102, 49
102, 50
102, 51
102, 52
102, 53
102, 54
102, 55
102, 56
102, 57
102, 58
102, 59
102, 60
102, 61
102, 62
102, 63
102, 64
102, 65
102, 66
102, 67
102, 68
102, 69
102, 70
102, 71
102, 72
102, 73
102, 74
102, 75
102, 76
102, 77
102, 78
102, 79
102, 80
102, 81
102, 82
102, 83
102, 84
102, 85
102, 86
102, 87
102, 88
102, 89
102, 90
102, 91
102, 92
102, 93
102, 94
102, 95
103, 46
103, 47
103, 48
103, 49
103, 50
103, 51
103, 52
103, 53
103, 54
103, 55
103, 56
103, 57
103, 58
103, 59
103, 60
103, 61
103, 62
103, 63
103, 64
103, 65
103, 66
103, 67
103, 68
103, 69
103, 70
103, 71
103, 72
103, 73
103, 74
103, 75
103, 76
103, 77
103, 78
103, 79
103, 80
103, 81
103, 82
103, 83
103, 84
103, 85
103, 86
103, 87
103, 88
103, 89
103, 90
103, 91
103, 92
103, 93
103, 94
103, 95
104, 46
104, 47
104, 48
104, 49
104, 50
104, 51
104, 52
104, 53
104, 54
104, 55
104, 56
104, 57
104, 58
104, 59
104, 60
104, 61
104, 62
104, 63
104, 64
104, 65
104, 66
104, 67
104, 68
104, 69
104, 70
104, 71
104, 72
104, 73
104, 74
104, 75
104, 76
104, 77
104, 78
104, 79
104, 80
104, 81
104, 82
104, 83
104, 84
104, 85
104, 86
104, 87
104, 88
104, 89
104, 90
104, 91
104, 92
104, 93
104, 94
105, 46
105, 47
105, 48
105, 49
105, 50
105, 51
105, 52
105, 53
105, 54
105, 55
105, 56
105, 57
105, 58
105, 59
105, 60
105, 61
105, 62
105, 63
105, 64
105, 65
105, 66
105, 67
105, 68
105, 69
105, 70
105, 71
105, 72
105, 73
105, 74
105, 75
105, 76
105, 77
105, 78
105, 79
105, 80
105, 81
105, 82
105, 83
105, 84
105, 85
105, 86
105, 87
105, 88
105, 89
105, 90
106, 46
106, 47
106, 48
106, 49
106, 50
106, 51
106, 52
106, 53
106, 54
106, 55
106, 56
106, 57
106, 58
106, 59
106, 60
106, 61
106, 62
106, 63
106, 64
106, 65
106, 66
106, 67
106, 68
106, 69
106, 70
106, 71
106, 72
106, 73
106, 74
106, 75
106, 76
106, 77
106, 78
106, 79
106, 80
106, 81
106, 82
106, 83
106, 84
106, 85
106, 86
106, 87
106, 88
106, 89
106, 90
107, 45
107, 46
107, 47
107, 48
107, 49
107, 50
107, 51
107, 52
107, 53
107, 54
107, 55
107, 56
107, 57
107, 58
107, 59
107, 60
107, 61
107, 62
107, 63
107, 64
107, 65
107, 66
107, 67
107, 68
107, 69
107, 70
107, 71
107, 72
107, 73
107, 74
107, 75
107, 76
107, 77
107, 78
107, 79
107, 80
107, 81
107, 82
107, 83
107, 84
107, 85
107, 86
107, 87
107, 88
107, 89
108, 45
108, 46
108, 47
108, 48
108, 49
108, 50
108, 51
108, 52
108, 53
108, 54
108, 55
108, 56
108, 57
108, 58
108, 59
108, 60
108, 61
108, 62
108, 63
108, 64
108, 65
108, 66
108, 67
108, 68
108, 69
108, 70
108, 71
108, 72
108, 73
108, 74
108, 75
108, 76
108, 77
108, 78
108, 79
108, 80
108, 81
108, 82
108, 83
108, 84
108, 85
108, 86
108, 87
109, 45
109, 46
109, 47
109, 48
109, 49
109, 50
109, 51
109, 52
109, 53
109, 54
109, 55
109, 56
109, 57
109, 58
109, 59
109, 60
109, 61
109, 62
109, 63
109, 64
109, 65
109, 66
109, 67
109, 68
109, 69
109, 70
109, 71
109, 72
109, 73
109, 74
109, 75
109, 76
109, 77
109, 78
109, 79
109, 80
109, 81
109, 82
109, 83
109, 84
109, 85
110, 45
110, 46
110, 47
110, 48
110, 49
110, 50
110, 51
110, 52
110, 53
110, 54
110, 55
110, 56
110, 57
110, 58
110, 59
110, 60
110, 61
110, 62
110, 63
110, 64
110, 65
110, 66
110, 67
110, 68
110, 69
110, 70
110, 71
110, 72
110, 73
110, 74
110, 75
110, 76
110, 77
110, 78
110, 79
110, 80
110, 81
110, 82
110, 83
110, 84
110, 85
111, 45
111, 46
111, 47
111, 48
111, 49
111, 50
111, 51
111, 52
111, 53
111, 54
111, 55
111, 56
111, 57
111, 58
111, 59
111, 60
111, 61
111, 62
111, 63
111, 64
111, 65
111, 66
111, 67
111, 68
111, 69
111, 70
111, 71
111, 72
111, 73
111, 74
111, 75
111, 76
111, 77
111, 78
111, 79
111, 80
111, 81
111, 82
111, 83
111, 84
111, 85
112, 45
112, 46
112, 47
112, 48
112, 49
112, 50
112, 51
112, 52
112, 53
112, 54
112, 55
112, 56
112, 57
112, 58
112, 59
112, 60
112, 61
112, 62
112, 63
112, 64
112, 65
112, 66
112, 67
112, 68
112, 69
112, 70
112, 71
112, 72
112, 73
112, 74
112, 75
112, 76
112, 77
112, 78
112, 79
112, 80
112, 81
112, 82
112, 83
112, 84
112, 85
113, 45
113, 46
113, 47
113, 48
113, 49
113, 50
113, 51
113, 52
113, 53
113, 54
113, 55
113, 56
113, 57
113, 58
113, 59
113, 60
113, 61
113, 62
113, 63
113, 64
113, 65
113, 66
113, 67
113, 68
113, 69
113, 70
113, 71
113, 72
113, 73
113, 74
113, 75
113, 76
113, 77
113, 78
113, 79
113, 80
113, 81
113, 82
113, 83
113, 84
114, 45
114, 46
114, 47
114, 48
114, 49
114, 50
114, 51
114, 52
114, 53
114, 54
114, 55
114, 56
114, 57
114, 58
114, 59
114, 60
114, 61
114, 62
114, 63
114, 64
114, 65
114, 66
114, 67
114, 68
114, 69
114, 70
114, 71
114, 72
114, 73
114, 74
114, 75
114, 76
114, 77
114, 78
114, 79
114, 80
114, 81
114, 82
114, 83
114, 84
115, 45
115, 46
115, 47
115, 48
115, 49
115, 50
115, 51
115, 52
115, 53
115, 54
115, 55
115, 56
115, 57
115, 58
115, 59
115, 60
115, 61
115, 62
115, 63
115, 64
115, 65
115, 66
115, 67
115, 68
115, 69
115, 70
115, 71
115, 72
115, 73
115, 74
115, 75
115, 76
115, 77
115, 78
115, 79
115, 80
115, 81
115, 82
115, 83
115, 84
116, 45
116, 46
116, 47
116, 48
116, 49
116, 50
116, 51
116, 52
116, 53
116, 54
116, 55
116, 56
116, 57
116, 58
116, 59
116, 60
116, 61
116, 62
116, 63
116, 64
116, 65
116, 66
116, 67
116, 68
116, 69
116, 70
116, 71
116, 72
116, 73
116, 74
116, 75
116, 76
116, 77
116, 78
116, 79
116, 80
116, 81
116, 82
116, 83
116, 84
117, 46
117, 47
117, 48
117, 49
117, 50
117, 51
117, 52
117, 53
117, 54
117, 55
117, 56
117, 57
117, 58
117, 59
117, 60
117, 61
117, 62
117, 63
117, 64
117, 65
117, 66
117, 67
117, 68
117, 69
117, 70
117, 71
117, 72
117, 73
117, 74
117, 75
117, 76
117, 77
117, 78
117, 79
117, 80
117, 81
117, 82
118, 46
118, 47
118, 48
118, 49
118, 50
118, 51
118, 52
118, 53
118, 54
118, 55
118, 56
118, 57
118, 58
118, 59
118, 60
118, 61
118, 62
118, 63
118, 64
118, 65
118, 66
118, 67
118, 68
118, 69
118, 70
118, 71
118, 72
118, 73
118, 74
118, 75
118, 76
118, 77
118, 78
118, 79
118, 80
118, 81
119, 46
119, 47
119, 48
119, 49
119, 50
119, 51
119, 52
119, 53
119, 54
119, 55
119, 56
119, 57
119, 58
119, 59
119, 60
119, 61
119, 62
119, 63
119, 64
119, 65
119, 66
119, 67
119, 68
119, 69
119, 70
119, 71
119, 72
119, 73
119, 74
119, 75
119, 76
119, 77
119, 78
119, 79
119, 80
119, 81
120, 46
120, 47
120, 48
120, 49
120, 50
120, 51
120, 52
120, 53
120, 54
120, 55
120, 56
120, 57
120, 58
120, 59
120, 60
120, 61
120, 62
120, 63
120, 64
120, 65
120, 66
120, 67
120, 68
120, 69
120, 70
120, 71
120, 72
120, 73
120, 74
120, 75
120, 76
120, 77
120, 78
120, 79
120, 80
120, 81
120, 82
121, 48
121, 49
121, 50
121, 51
121, 52
121, 53
121, 54
121, 55
121, 56
121, 57
121, 58
121, 59
121, 60
121, 61
121, 62
121, 63
121, 64
121, 65
121, 66
121, 67
121, 68
121, 69
121, 70
121, 71
121, 72
121, 73
121, 74
121, 75
121, 76
121, 77
121, 78
121, 79
121, 80
121, 81
122, 62
122, 63
122, 64
122, 65
122, 66
122, 67
122, 68
122, 69
122, 70
122, 71
122, 72
122, 73
122, 74
122, 75
122, 76
122, 77
122, 78
122, 79
122, 80
122, 81
123, 63
123, 64
123, 65
123, 66
123, 67
123, 68
123, 69
123, 70
123, 71
123, 72
123, 73
123, 78
123, 79
123, 80
123, 81
124, 63
124, 64
124, 65
124, 66
124, 67
124, 68
124, 69
124, 70
124, 71
124, 79
124, 80
124, 81
125, 62
125, 63
125, 64
125, 65
125, 66
125, 67
125, 68
125, 69
125, 70
125, 71
125, 79
125, 80
125, 81
125, 82
126, 60
126, 61
126, 62
126, 63
126, 64
126, 65
126, 66
126, 67
126, 68
126, 69
126, 70
126, 79
126, 80
126, 81
126, 82
126, 83
127, 63
127, 64
127, 65
127, 66
127, 67
127, 68
127, 69
127, 70
127, 79
127, 80
127, 81
127, 82
127, 83
128, 64
128, 65
128, 66
128, 67
128, 68
128, 69
128, 70
128, 79
128, 80
128, 81
128, 82
128, 83
129, 79
129, 80
129, 81
129, 82
129, 83
129, 84
130, 79
130, 80
130, 81
130, 82
130, 83
130, 84
131, 79
131, 80
131, 81
131, 82
131, 83
131, 84
132, 79
132, 80
132, 81
132, 82
132, 83
132, 84
133, 81
133, 82
133, 83
