217, 134
217, 135
217, 136
217, 137
217, 138
217, 139
217, 140
217, 141
217, 142
217, 143
217, 144
217, 145
217, 146
217, 147
217, 148
217, 149
217, 150
217, 151
217, 152
217, 153
217, 154
218, 132
218, 133
218, 134
218, 135
218, 136
218, 137
218, 138
218, 139
218, 140
218, 141
218, 142
218, 143
218, 144
218, 145
218, 146
218, 147
218, 148
218, 149
218, 150
218, 151
218, 152
218, 153
218, 154
218, 155
218, 156
218, 157
218, 158
218, 159
219, 131
219, 132
219, 133
219, 134
219, 135
219, 136
219, 137
219, 138
219, 139
219, 140
219, 141
219, 142
219, 143
219, 144
219, 145
219, 146
219, 147
219, 148
219, 149
219, 150
219, 151
219, 152
219, 153
219, 154
219, 155
219, 156
219, 157
219, 158
219, 159
219, 160
219, 161
219, 162
220, 131
220, 132
220, 133
220, 134
220, 135
220, 136
220, 137
220, 138
220, 139
220, 140
220, 141
220, 142
220, 143
220, 144
220, 145
220, 146
220, 147
220, 148
220, 149
220, 150
220, 151
220, 152
220, 153
220, 154
220, 155
220, 156
220, 157
220, 158
220, 159
220, 160
220, 161
220, 162
220, 163
220, 164
220, 165
221, 131
221, 132
221, 133
221, 134
221, 135
221, 136
221, 137
221, 138
221, 139
221, 140
221, 141
221, 142
221, 143
221, 144
221, 145
221, 146
221, 147
221, 148
221, 149
221, 150
221, 151
221, 152
221, 153
221, 154
221, 155
221, 156
221, 157
221, 158
221, 159
221, 160
221, 161
221, 162
221, 163
221, 164
221, 165
221, 166
222, 130
222, 131
222, 132
222, 133
222, 134
222, 135
222, 136
222, 137
222, 138
222, 139
222, 140
222, 141
222, 142
222, 143
222, 144
222, 145
222, 146
222, 147
222, 148
222, 149
222, 150
222, 151
222, 152
222, 153
222, 154
222, 155
222, 156
222, 157
222, 158
222, 159
222, 160
222, 161
222, 162
222, 163
222, 164
222, 165
222, 166
222, 167
223, 130
223, 131
223, 132
223, 133
223, 134
223, 135
223, 136
223, 137
223, 138
223, 139
223, 140
223, 141
223, 142
223, 143
223, 144
223, 145
223, 146
223, 147
223, 148
223, 149
223, 150
223, 151
223, 152
223, 153
223, 154
223, 155
223, 156
223, 157
223, 158
223, 159
223, 160
223, 161
223, 162
223, 163
223, 164
223, 165
223, 166
223, 167
223, 168
224, 130
224, 131
224, 132
224, 133
224, 134
224, 135
224, 136
224, 137
224, 138
224, 139
224, 140
224, 141
224, 142
224, 143
224, 144
224, 145
224, 146
224, 147
224, 148
224, 149
224, 150
224, 151
224, 152
224, 153
224, 154
224, 155
224, 156
224, 157
224, 158
224, 159
224, 160
224, 161
224, 162
224, 163
224, 164
224, 165
224, 166
224, 167
224, 168
225, 130
225, 131
225, 132
225, 133
225, 134
225, 135
225, 136
225, 137
225, 138
225, 139
225, 140
225, 141
225, 142
225, 143
225, 144
225, 145
225, 146
225, 147
225, 148
225, 149
225, 150
225, 151
225, 152
225, 153
225, 154
225, 155
225, 156
225, 157
225, 158
225, 159
225, 160
225, 161
225, 162
225, 163
225, 164
225, 165
225, 166
225, 167
225, 168
225, 169
226, 129
226, 130
226, 131
226, 132
226, 133
226, 134
226, 135
226, 136
226, 137
226, 138
226, 139
226, 140
226, 141
226, 142
226, 143
226, 144
226, 145
226, 146
226, 147
226, 148
226, 149
226, 150
226, 151
226, 152
226, 153
226, 154
226, 155
226, 156
226, 157
226, 158
226, 159
226, 160
226, 161
226, 162
226, 163
226, 164
226, 165
226, 166
226, 167
226, 168
226, 169
226, 170
226, 171
226, 172
226, 173
227, 129
227, 130
227, 131
227, 132
227, 133
227, 134
227, 135
227, 136
227, 137
227, 138
227, 139
227, 140
227, 141
227, 142
227, 143
227, 144
227, 145
227, 146
227, 147
227, 148
227, 149
227, 150
227, 151
227, 152
227, 153
227, 154
227, 155
227, 156
227, 157
227, 158
227, 159
227, 160
227, 161
227, 162
227, 163
227, 164
227, 165
227, 166
227, 167
227, 168
227, 169
227, 170
227, 171
227, 172
227, 173
227, 174
227, 175
227, 176
228, 128
228, 129
228, 130
228, 131
228, 132
228, 133
228, 134
228, 135
228, 136
228, 137
228, 138
228, 139
228, 140
228, 141
228, 142
228, 143
228, 144
228, 145
228, 146
228, 147
228, 148
228, 149
228, 150
228, 151
228, 152
228, 153
228, 154
228, 155
228, 156
228, 157
228, 158
228, 159
228, 160
228, 161
228, 162
228, 163
228, 164
228, 165
228, 166
228, 167
228, 168
228, 169
228, 170
228, 171
228, 172
228, 173
228, 174
228, 175
228, 176
228, 177
228, 178
228, 179
229, 128
229, 129
229, 130
229, 131
229, 132
229, 133
229, 134
229, 135
229, 136
229, 137
229, 138
229, 139
229, 140
229, 141
229, 142
229, 143
229, 144
229, 145
229, 146
229, 147
229, 148
229, 149
229, 150
229, 151
229, 152
229, 153
229, 154
229, 155
229, 156
229, 157
229, 158
229, 159
229, 160
229, 161
229, 162
229, 163
229, 164
229, 165
229, 166
229, 167
229, 168
229, 169
229, 170
229, 171
229, 172
229, 173
229, 174
229, 175
229, 176
229, 177
229, 178
229, 179
229, 180
230, 127
230, 128
230, 129
230, 130
230, 131
230, 132
230, 133
230, 134
230, 135
230, 136
230, 137
230, 138
230, 139
230, 140
230, 141
230, 142
230, 143
230, 144
230, 145
230, 146
230, 147
230, 148
230, 149
230, 150
230, 151
230, 152
230, 153
230, 154
230, 155
230, 156
230, 157
230, 158
230, 159
230, 160
230, 161
230, 162
230, 163
230, 164
230, 165
230, 166
230, 167
230, 168
230, 169
230, 170
230, 171
230, 172
230, 173
230, 174
230, 175
230, 176
230, 177
231, 127
231, 128
231, 129
231, 130
231, 131
231, 132
231, 133
231, 134
231, 135
231, 136
231, 137
231, 138
231, 139
231, 140
231, 141
231, 142
231, 143
231, 144
231, 145
231, 146
231, 147
231, 148
231, 149
231, 150
231, 151
231, 152
231, 153
231, 154
231, 155
231, 156
231, 157
231, 158
231, 159
231, 160
231, 161
231, 162
231, 163
231, 164
231, 165
231, 166
231, 167
231, 168
231, 169
232, 126
232, 127
232, 128
232, 129
232, 130
232, 131
232, 132
232, 133
232, 134
232, 135
232, 136
232, 137
232, 138
232, 139
232, 140
232, 141
232, 142
232, 143
232, 144
232, 145
232, 146
232, 147
232, 148
232, 149
232, 150
232, 151
232, 152
232, 153
232, 154
232, 155
232, 156
232, 157
232, 158
232, 159
232, 160
232, 161
233, 126
233, 127
233, 128
233, 129
233, 130
233, 131
233, 132
233, 133
233, 134
233, 135
233, 136
233, 137
233, 138
233, 139
233, 140
233, 141
233, 142
233, 143
233, 144
233, 145
233, 146
233, 147
233, 148
233, 149
233, 150
233, 151
233, 152
233, 153
233, 154
233, 155
233, 156
233, 157
234, 126
234, 127
234, 128
234, 129
234, 130
234, 131
234, 132
234, 133
234, 134
234, 135
234, 136
234, 137
234, 138
234, 139
234, 140
234, 141
234, 142
234, 143
234, 144
234, 145
234, 146
234, 147
234, 148
234, 149
234, 150
234, 151
234, 152
234, 153
234, 154
234, 155
234, 156
234, 157
234, 158
234, 159
235, 125
235, 126
235, 127
235, 128
235, 129
235, 130
235, 131
235, 132
235, 133
235, 134
235, 135
235, 136
235, 137
235, 138
235, 139
235, 140
235, 141
235, 142
235, 143
235, 144
235, 145
235, 146
235, 147
235, 148
235, 149
235, 150
235, 151
235, 152
235, 153
235, 154
235, 155
235, 156
235, 157
235, 158
235, 159
236, 125
236, 126
236, 127
236, 128
236, 129
236, 130
236, 131
236, 132
236, 133
236, 134
236, 135
236, 136
236, 137
236, 138
236, 139
236, 140
236, 141
236, 142
236, 143
236, 144
236, 145
236, 146
236, 147
236, 148
236, 149
236, 150
236, 151
236, 152
236, 153
236, 154
236, 155
236, 156
236, 157
236, 158
236, 159
236, 160
237, 125
237, 126
237, 127
237, 128
237, 129
237, 130
237, 131
237, 132
237, 133
237, 134
237, 135
237, 136
237, 137
237, 138
237, 139
237, 140
237, 141
237, 142
237, 143
237, 144
237, 145
237, 146
237, 147
237, 148
237, 149
237, 150
237, 151
237, 152
237, 153
237, 154
237, 155
237, 156
237, 157
237, 158
237, 159
237, 160
237, 161
238, 124
238, 125
238, 126
238, 127
238, 128
238, 129
238, 130
238, 131
238, 132
238, 133
238, 134
238, 135
238, 136
238, 137
238, 138
238, 139
238, 140
238, 141
238, 142
238, 143
238, 144
238, 145
238, 146
238, 147
238, 148
238, 149
238, 150
238, 151
238, 152
238, 153
238, 154
238, 155
238, 156
238, 157
238, 158
238, 159
238, 160
238, 161
238, 162
239, 124
239, 125
239, 126
239, 127
239, 128
239, 129
239, 130
239, 131
239, 132
239, 133
239, 134
239, 135
239, 136
239, 137
239, 138
239, 139
239, 140
239, 141
239, 142
239, 143
239, 144
239, 145
239, 146
239, 147
239, 148
239, 149
239, 150
239, 151
239, 152
239, 153
239, 154
239, 155
239, 156
239, 157
239, 158
239, 159
239, 160
239, 161
239, 162
240, 124
240, 125
240, 126
240, 127
240, 128
240, 129
240, 130
240, 131
240, 132
240, 133
240, 134
240, 135
240, 136
240, 137
240, 138
240, 139
240, 140
240, 141
240, 142
240, 143
240, 144
240, 145
240, 146
240, 147
240, 148
240, 149
240, 150
240, 151
240, 152
240, 153
240, 154
240, 155
240, 156
240, 157
240, 158
240, 159
240, 160
240, 161
240, 162
240, 163
241, 123
241, 124
241, 125
241, 126
241, 127
241, 128
241, 129
241, 130
241, 131
241, 132
241, 133
241, 134
241, 135
241, 136
241, 137
241, 138
241, 139
241, 140
241, 141
241, 142
241, 143
241, 144
241, 145
241, 146
241, 147
241, 148
241, 149
241, 150
241, 151
241, 152
241, 153
241, 154
241, 155
241, 156
241, 157
241, 158
241, 159
241, 160
241, 161
241, 162
241, 163
242, 123
242, 124
242, 125
242, 126
242, 127
242, 128
242, 129
242, 130
242, 131
242, 132
242, 133
242, 134
242, 135
242, 136
242, 137
242, 138
242, 139
242, 140
242, 141
242, 142
242, 143
242, 144
242, 145
242, 146
242, 147
242, 148
242, 149
242, 150
242, 151
242, 152
242, 153
242, 154
242, 155
242, 156
242, 157
242, 158
242, 159
242, 160
242, 161
242, 162
242, 163
242, 164
243, 122
243, 123
243, 124
243, 125
243, 126
243, 127
243, 128
243, 129
243, 130
243, 131
243, 132
243, 133
243, 134
243, 135
243, 136
243, 137
243, 138
243, 139
243, 140
243, 141
243, 142
243, 143
243, 144
243, 145
243, 146
243, 147
243, 148
243, 149
243, 150
243, 151
243, 152
243, 153
243, 154
243, 155
243, 156
243, 157
243, 158
243, 159
243, 160
243, 161
243, 162
243, 163
243, 164
243, 165
243, 166
243, 167
243, 168
244, 122
244, 123
244, 124
244, 125
244, 126
244, 127
244, 128
244, 129
244, 130
244, 131
244, 132
244, 133
244, 134
244, 135
244, 136
244, 137
244, 138
244, 139
244, 140
244, 141
244, 142
244, 143
244, 144
244, 145
244, 146
244, 147
244, 148
244, 149
244, 150
244, 151
244, 152
244, 153
244, 154
244, 155
244, 156
244, 157
244, 158
244, 159
244, 160
244, 161
244, 162
244, 163
244, 164
244, 165
244, 166
244, 167
244, 168
244, 169
245, 121
245, 122
245, 123
245, 124
245, 125
245, 126
245, 127
245, 128
245, 129
245, 130
245, 131
245, 132
245, 133
245, 134
245, 135
245, 136
245, 137
245, 138
245, 139
245, 140
245, 141
245, 142
245, 143
245, 144
245, 145
245, 146
245, 147
245, 148
245, 149
245, 150
245, 151
245, 152
245, 153
245, 154
245, 155
245, 156
245, 157
245, 158
245, 159
245, 160
245, 161
245, 162
245, 163
245, 164
245, 165
245, 166
245, 167
245, 168
245, 169
245, 220
246, 121
246, 122
246, 123
246, 124
246, 125
246, 126
246, 127
246, 128
246, 129
246, 130
246, 131
246, 132
246, 133
246, 134
246, 135
246, 136
246, 137
246, 138
246, 139
246, 140
246, 141
246, 142
246, 143
246, 144
246, 145
246, 146
246, 147
246, 148
246, 149
246, 150
246, 151
246, 152
246, 153
246, 154
246, 155
246, 156
246, 157
246, 158
246, 159
246, 160
246, 161
246, 162
246, 163
246, 164
246, 165
246, 166
246, 167
246, 168
246, 169
246, 170
246, 219
246, 220
246, 221
247, 121
247, 122
247, 123
247, 124
247, 125
247, 126
247, 127
247, 128
247, 129
247, 130
247, 131
247, 132
247, 133
247, 134
247, 135
247, 136
247, 137
247, 138
247, 139
247, 140
247, 141
247, 142
247, 143
247, 144
247, 145
247, 146
247, 147
247, 148
247, 149
247, 150
247, 151
247, 152
247, 153
247, 154
247, 155
247, 156
247, 157
247, 158
247, 159
247, 160
247, 161
247, 162
247, 163
247, 164
247, 165
247, 166
247, 167
247, 168
247, 169
247, 170
247, 219
247, 220
247, 221
247, 222
248, 120
248, 121
248, 122
248, 123
248, 124
248, 125
248, 126
248, 127
248, 128
248, 129
248, 130
248, 131
248, 132
248, 133
248, 134
248, 135
248, 136
248, 137
248, 138
248, 139
248, 140
248, 141
248, 142
248, 143
248, 144
248, 145
248, 146
248, 147
248, 148
248, 149
248, 150
248, 151
248, 152
248, 153
248, 154
248, 155
248, 156
248, 157
248, 158
248, 159
248, 160
248, 161
248, 162
248, 163
248, 164
248, 165
248, 166
248, 167
248, 168
248, 169
248, 170
248, 171
248, 218
248, 219
248, 220
248, 221
248, 222
248, 223
249, 120
249, 121
249, 122
249, 123
249, 124
249, 125
249, 126
249, 127
249, 128
249, 129
249, 130
249, 131
249, 132
249, 133
249, 134
249, 135
249, 136
249, 137
249, 138
249, 139
249, 140
249, 141
249, 142
249, 143
249, 144
249, 145
249, 146
249, 147
249, 148
249, 149
249, 150
249, 151
249, 152
249, 153
249, 154
249, 155
249, 156
249, 157
249, 158
249, 159
249, 160
249, 161
249, 162
249, 163
249, 164
249, 165
249, 166
249, 167
249, 168
249, 169
249, 170
249, 171
249, 172
249, 217
249, 218
249, 219
249, 220
249, 221
249, 222
249, 223
249, 224
249, 225
250, 120
250, 121
250, 122
250, 123
250, 124
250, 125
250, 126
250, 127
250, 128
250, 129
250, 130
250, 131
250, 132
250, 133
250, 134
250, 135
250, 136
250, 137
250, 138
250, 139
250, 140
250, 141
250, 142
250, 143
250, 144
250, 145
250, 146
250, 147
250, 148
250, 149
250, 150
250, 151
250, 152
250, 153
250, 154
250, 155
250, 156
250, 157
250, 158
250, 159
250, 160
250, 161
250, 162
250, 163
250, 164
250, 165
250, 166
250, 167
250, 168
250, 169
250, 170
250, 171
250, 172
250, 173
250, 174
250, 175
250, 176
250, 177
250, 178
250, 179
250, 216
250, 217
250, 218
250, 219
250, 220
250, 221
250, 222
250, 223
250, 224
250, 225
251, 120
251, 121
251, 122
251, 123
251, 124
251, 125
251, 126
251, 127
251, 128
251, 129
251, 130
251, 131
251, 132
251, 133
251, 134
251, 135
251, 136
251, 137
251, 138
251, 139
251, 140
251, 141
251, 142
251, 143
251, 144
251, 145
251, 146
251, 147
251, 148
251, 149
251, 150
251, 151
251, 152
251, 153
251, 154
251, 155
251, 156
251, 157
251, 158
251, 159
251, 160
251, 161
251, 162
251, 163
251, 164
251, 165
251, 166
251, 167
251, 168
251, 169
251, 170
251, 171
251, 172
251, 173
251, 174
251, 175
251, 176
251, 177
251, 178
251, 179
251, 180
251, 181
251, 206
251, 207
251, 208
251, 209
251, 210
251, 211
251, 212
251, 213
251, 214
251, 215
251, 216
251, 217
251, 218
251, 219
251, 220
251, 221
251, 222
251, 223
251, 224
251, 225
251, 226
252, 119
252, 120
252, 121
252, 122
252, 123
252, 124
252, 125
252, 126
252, 127
252, 128
252, 129
252, 130
252, 131
252, 132
252, 133
252, 134
252, 135
252, 136
252, 137
252, 138
252, 139
252, 140
252, 141
252, 142
252, 143
252, 144
252, 145
252, 146
252, 147
252, 148
252, 149
252, 150
252, 151
252, 152
252, 153
252, 154
252, 155
252, 156
252, 157
252, 158
252, 159
252, 160
252, 161
252, 162
252, 163
252, 164
252, 165
252, 166
252, 167
252, 168
252, 169
252, 170
252, 171
252, 172
252, 173
252, 174
252, 175
252, 176
252, 177
252, 178
252, 179
252, 180
252, 181
252, 182
252, 183
252, 184
252, 185
252, 186
252, 187
252, 188
252, 189
252, 196
252, 197
252, 204
252, 205
252, 206
252, 207
252, 208
252, 209
252, 210
252, 211
252, 212
252, 213
252, 214
252, 215
252, 216
252, 217
252, 218
252, 219
252, 220
252, 221
252, 222
252, 223
252, 224
252, 225
252, 226
253, 119
253, 120
253, 121
253, 122
253, 123
253, 124
253, 125
253, 126
253, 127
253, 128
253, 129
253, 130
253, 131
253, 132
253, 133
253, 134
253, 135
253, 136
253, 137
253, 138
253, 139
253, 140
253, 141
253, 142
253, 143
253, 144
253, 145
253, 146
253, 147
253, 148
253, 149
253, 150
253, 151
253, 152
253, 153
253, 154
253, 155
253, 156
253, 157
253, 158
253, 159
253, 160
253, 161
253, 162
253, 163
253, 164
253, 165
253, 166
253, 167
253, 168
253, 169
253, 170
253, 171
253, 172
253, 173
253, 174
253, 175
253, 176
253, 177
253, 178
253, 179
253, 180
253, 181
253, 182
253, 183
253, 184
253, 185
253, 186
253, 187
253, 188
253, 189
253, 190
253, 191
253, 193
253, 194
253, 195
253, 196
253, 197
253, 198
253, 199
253, 203
253, 204
253, 205
253, 206
253, 207
253, 208
253, 209
253, 210
253, 211
253, 212
253, 213
253, 214
253, 215
253, 216
253, 217
253, 218
253, 219
253, 220
253, 221
253, 222
253, 223
253, 224
253, 225
253, 226
253, 227
254, 119
254, 120
254, 121
254, 122
254, 123
254, 124
254, 125
254, 126
254, 127
254, 128
254, 129
254, 130
254, 131
254, 132
254, 133
254, 134
254, 135
254, 136
254, 137
254, 138
254, 139
254, 140
254, 141
254, 142
254, 143
254, 144
254, 145
254, 146
254, 147
254, 148
254, 149
254, 150
254, 151
254, 152
254, 153
254, 154
254, 155
254, 156
254, 157
254, 158
254, 159
254, 160
254, 161
254, 162
254, 163
254, 164
254, 165
254, 166
254, 167
254, 168
254, 169
254, 170
254, 171
254, 172
254, 173
254, 174
254, 175
254, 176
254, 177
254, 178
254, 179
254, 180
254, 181
254, 182
254, 183
254, 184
254, 185
254, 186
254, 187
254, 188
254, 189
254, 190
254, 191
254, 192
254, 193
254, 194
254, 195
254, 196
254, 197
254, 198
254, 199
254, 200
254, 201
254, 202
254, 203
254, 204
254, 205
254, 206
254, 207
254, 208
254, 209
254, 210
254, 211
254, 212
254, 213
254, 214
254, 215
254, 216
254, 217
254, 218
254, 219
254, 220
254, 221
254, 222
254, 223
254, 224
254, 225
254, 226
254, 227
255, 119
255, 120
255, 121
255, 122
255, 123
255, 124
255, 125
255, 126
255, 127
255, 128
255, 129
255, 130
255, 131
255, 132
255, 133
255, 134
255, 135
255, 136
255, 137
255, 138
255, 139
255, 140
255, 141
255, 142
255, 143
255, 144
255, 145
255, 146
255, 147
255, 148
255, 149
255, 150
255, 151
255, 152
255, 153
255, 154
255, 155
255, 156
255, 157
255, 158
255, 159
255, 160
255, 161
255, 162
255, 163
255, 164
255, 165
255, 166
255, 167
255, 168
255, 169
255, 170
255, 171
255, 172
255, 173
255, 174
255, 175
255, 176
255, 177
255, 178
255, 179
255, 180
255, 181
255, 182
255, 183
255, 184
255, 185
255, 186
255, 187
255, 188
255, 189
255, 190
255, 191
255, 192
255, 193
255, 194
255, 195
255, 196
255, 197
255, 198
255, 199
255, 200
255, 201
255, 202
255, 203
255, 204
255, 205
255, 206
255, 207
255, 208
255, 209
255, 210
255, 211
255, 212
255, 213
255, 214
255, 215
255, 216
255, 217
255, 218
255, 219
255, 220
255, 221
255, 222
255, 223
255, 224
255, 225
255, 226
255, 227
256, 118
256, 119
256, 120
256, 121
256, 122
256, 123
256, 124
256, 125
256, 126
256, 127
256, 128
256, 129
256, 130
256, 131
256, 132
256, 133
256, 134
256, 135
256, 136
256, 137
256, 138
256, 139
256, 140
256, 141
256, 142
256, 143
256, 144
256, 145
256, 146
256, 147
256, 148
256, 149
256, 150
256, 151
256, 152
256, 153
256, 154
256, 155
256, 156
256, 157
256, 158
256, 159
256, 160
256, 161
256, 162
256, 163
256, 164
256, 165
256, 166
256, 167
256, 168
256, 169
256, 170
256, 171
256, 172
256, 173
256, 174
256, 175
256, 176
256, 177
256, 178
256, 179
256, 180
256, 181
256, 182
256, 183
256, 184
256, 185
256, 186
256, 187
256, 188
256, 189
256, 190
256, 191
256, 192
256, 193
256, 194
256, 195
256, 196
256, 197
256, 198
256, 199
256, 200
256, 201
256, 202
256, 203
256, 204
256, 205
256, 206
256, 207
256, 208
256, 209
256, 210
256, 211
256, 212
256, 213
256, 214
256, 215
256, 216
256, 217
256, 218
256, 219
256, 220
256, 221
256, 222
256, 223
256, 224
256, 225
256, 226
256, 227
256, 228
257, 118
257, 119
257, 120
257, 121
257, 122
257, 123
257, 124
257, 125
257, 126
257, 127
257, 128
257, 129
257, 130
257, 131
257, 132
257, 133
257, 134
257, 135
257, 136
257, 137
257, 138
257, 139
257, 140
257, 141
257, 142
257, 143
257, 144
257, 145
257, 146
257, 147
257, 148
257, 149
257, 150
257, 151
257, 152
257, 153
257, 154
257, 155
257, 156
257, 157
257, 158
257, 159
257, 160
257, 161
257, 162
257, 163
257, 164
257, 165
257, 166
257, 167
257, 168
257, 169
257, 170
257, 171
257, 172
257, 173
257, 174
257, 175
257, 176
257, 177
257, 178
257, 179
257, 180
257, 181
257, 182
257, 183
257, 184
257, 185
257, 186
257, 187
257, 188
257, 189
257, 190
257, 191
257, 192
257, 193
257, 194
257, 195
257, 196
257, 197
257, 198
257, 199
257, 200
257, 201
257, 202
257, 203
257, 204
257, 205
257, 206
257, 207
257, 208
257, 209
257, 210
257, 211
257, 212
257, 213
257, 214
257, 215
257, 216
257, 217
257, 218
257, 219
257, 220
257, 221
257, 222
257, 223
257, 224
257, 225
257, 226
257, 227
257, 228
258, 117
258, 118
258, 119
258, 120
258, 121
258, 122
258, 123
258, 124
258, 125
258, 126
258, 127
258, 128
258, 129
258, 130
258, 131
258, 132
258, 133
258, 134
258, 135
258, 136
258, 137
258, 138
258, 139
258, 140
258, 141
258, 142
258, 143
258, 144
258, 145
258, 146
258, 147
258, 148
258, 149
258, 150
258, 151
258, 152
258, 153
258, 154
258, 155
258, 156
258, 157
258, 158
258, 159
258, 160
258, 161
258, 162
258, 163
258, 164
258, 165
258, 166
258, 167
258, 168
258, 169
258, 170
258, 171
258, 172
258, 173
258, 174
258, 175
258, 176
258, 177
258, 178
258, 179
258, 180
258, 181
258, 182
258, 183
258, 184
258, 185
258, 186
258, 187
258, 188
258, 189
258, 190
258, 191
258, 192
258, 193
258, 194
258, 195
258, 196
258, 197
258, 198
258, 199
258, 200
258, 201
258, 202
258, 203
258, 204
258, 205
258, 206
258, 207
258, 208
258, 209
258, 210
258, 211
258, 212
258, 213
258, 214
258, 215
258, 216
258, 217
258, 218
258, 219
258, 220
258, 221
258, 222
258, 223
258, 224
258, 225
258, 226
258, 227
258, 228
259, 117
259, 118
259, 119
259, 120
259, 121
259, 122
259, 123
259, 124
259, 125
259, 126
259, 127
259, 128
259, 129
259, 130
259, 131
259, 132
259, 133
259, 134
259, 135
259, 136
259, 137
259, 138
259, 139
259, 140
259, 141
259, 142
259, 143
259, 144
259, 145
259, 146
259, 147
259, 148
259, 149
259, 150
259, 151
259, 152
259, 153
259, 154
259, 155
259, 156
259, 157
259, 158
259, 159
259, 160
259, 161
259, 162
259, 163
259, 164
259, 165
259, 166
259, 167
259, 168
259, 169
259, 170
259, 171
259, 172
259, 173
259, 174
259, 175
259, 176
259, 177
259, 178
259, 179
259, 180
259, 181
259, 182
259, 183
259, 184
259, 185
259, 186
259, 187
259, 188
259, 189
259, 190
259, 191
259, 192
259, 193
259, 194
259, 195
259, 196
259, 197
259, 198
259, 199
259, 200
259, 201
259, 202
259, 203
259, 204
259, 205
259, 206
259, 207
259, 208
259, 209
259, 210
259, 211
259, 212
259, 213
259, 214
259, 215
259, 216
259, 217
259, 218
259, 219
259, 220
259, 221
259, 222
259, 223
259, 224
259, 225
259, 226
259, 227
259, 228
260, 117
260, 118
260, 119
260, 120
260, 121
260, 122
260, 123
260, 124
260, 125
260, 126
260, 127
260, 128
260, 129
260, 130
260, 131
260, 132
260, 133
260, 134
260, 135
260, 136
260, 137
260, 138
260, 139
260, 140
260, 141
260, 142
260, 143
260, 144
260, 145
260, 146
260, 147
260, 148
260, 149
260, 150
260, 151
260, 152
260, 153
260, 154
260, 155
260, 156
260, 157
260, 158
260, 159
260, 160
260, 161
260, 162
260, 163
260, 164
260, 165
260, 166
260, 167
260, 168
260, 169
260, 170
260, 171
260, 172
260, 173
260, 174
260, 175
260, 176
260, 177
260, 178
260, 179
260, 180
260, 181
260, 182
260, 183
260, 184
260, 185
260, 186
260, 187
260, 188
260, 189
260, 190
260, 191
260, 192
260, 193
260, 194
260, 195
260, 196
260, 197
260, 198
260, 199
260, 200
260, 201
260, 202
260, 203
260, 204
260, 205
260, 206
260, 207
260, 208
260, 209
260, 210
260, 211
260, 212
260, 213
260, 214
260, 215
260, 216
260, 217
260, 218
260, 219
260, 220
260, 221
260, 222
260, 223
260, 224
260, 225
260, 226
260, 227
260, 228
260, 229
261, 116
261, 117
261, 118
261, 119
261, 120
261, 121
261, 122
261, 123
261, 124
261, 125
261, 126
261, 127
261, 128
261, 129
261, 130
261, 131
261, 132
261, 133
261, 134
261, 135
261, 136
261, 137
261, 138
261, 139
261, 140
261, 141
261, 142
261, 143
261, 144
261, 145
261, 146
261, 147
261, 148
261, 149
261, 150
261, 151
261, 152
261, 153
261, 154
261, 155
261, 156
261, 157
261, 158
261, 159
261, 160
261, 161
261, 162
261, 163
261, 164
261, 165
261, 166
261, 167
261, 168
261, 169
261, 170
261, 171
261, 172
261, 173
261, 174
261, 175
261, 176
261, 177
261, 178
261, 179
261, 180
261, 181
261, 182
261, 183
261, 184
261, 185
261, 186
261, 187
261, 188
261, 189
261, 190
261, 191
261, 192
261, 193
261, 194
261, 195
261, 196
261, 197
261, 198
261, 199
261, 200
261, 201
261, 202
261, 203
261, 204
261, 205
261, 206
261, 207
261, 208
261, 209
261, 210
261, 211
261, 212
261, 213
261, 214
261, 215
261, 216
261, 217
261, 218
261, 219
261, 220
261, 221
261, 222
261, 223
261, 224
261, 225
261, 226
261, 227
261, 228
261, 229
262, 116
262, 117
262, 118
262, 119
262, 120
262, 121
262, 122
262, 123
262, 124
262, 125
262, 126
262, 127
262, 128
262, 129
262, 130
262, 131
262, 132
262, 133
262, 134
262, 135
262, 136
262, 137
262, 138
262, 139
262, 140
262, 141
262, 142
262, 143
262, 144
262, 145
262, 146
262, 147
262, 148
262, 149
262, 150
262, 151
262, 152
262, 153
262, 154
262, 155
262, 156
262, 157
262, 158
262, 159
262, 160
262, 161
262, 162
262, 163
262, 164
262, 165
262, 166
262, 167
262, 168
262, 169
262, 170
262, 171
262, 172
262, 173
262, 174
262, 175
262, 176
262, 177
262, 178
262, 179
262, 180
262, 181
262, 182
262, 183
262, 184
262, 185
262, 186
262, 187
262, 188
262, 189
262, 190
262, 191
262, 192
262, 193
262, 194
262, 195
262, 196
262, 197
262, 198
262, 199
262, 200
262, 201
262, 202
262, 203
262, 204
262, 205
262, 206
262, 207
262, 208
262, 209
262, 210
262, 211
262, 212
262, 213
262, 214
262, 215
262, 216
262, 217
262, 218
262, 219
262, 220
262, 221
262, 222
262, 223
262, 224
262, 225
262, 226
262, 227
262, 228
262, 229
262, 230
263, 116
263, 117
263, 118
263, 119
263, 120
263, 121
263, 122
263, 123
263, 124
263, 125
263, 126
263, 127
263, 128
263, 129
263, 130
263, 131
263, 132
263, 133
263, 134
263, 135
263, 136
263, 137
263, 138
263, 139
263, 140
263, 141
263, 142
263, 143
263, 144
263, 145
263, 146
263, 147
263, 148
263, 149
263, 150
263, 151
263, 152
263, 153
263, 154
263, 155
263, 156
263, 157
263, 158
263, 159
263, 160
263, 161
263, 162
263, 163
263, 164
263, 165
263, 166
263, 167
263, 168
263, 169
263, 170
263, 171
263, 172
263, 173
263, 174
263, 175
263, 176
263, 177
263, 178
263, 179
263, 180
263, 181
263, 182
263, 183
263, 184
263, 185
263, 186
263, 187
263, 188
263, 189
263, 190
263, 191
263, 192
263, 193
263, 194
263, 195
263, 196
263, 197
263, 198
263, 199
263, 200
263, 201
263, 202
263, 203
263, 204
263, 205
263, 206
263, 207
263, 208
263, 209
263, 210
263, 211
263, 212
263, 213
263, 214
263, 215
263, 216
263, 217
263, 218
263, 219
263, 220
263, 221
263, 222
263, 223
263, 224
263, 225
263, 226
263, 227
263, 228
263, 229
263, 230
264, 116
264, 117
264, 118
264, 119
264, 120
264, 121
264, 122
264, 123
264, 124
264, 125
264, 126
264, 127
264, 128
264, 129
264, 130
264, 131
264, 132
264, 133
264, 134
264, 135
264, 136
264, 137
264, 138
264, 139
264, 140
264, 141
264, 142
264, 143
264, 144
264, 145
264, 146
264, 147
264, 148
264, 149
264, 150
264, 151
264, 152
264, 153
264, 154
264, 155
264, 156
264, 157
264, 158
264, 159
264, 160
264, 161
264, 162
264, 163
264, 164
264, 165
264, 166
264, 167
264, 168
264, 169
264, 170
264, 171
264, 172
264, 173
264, 174
264, 175
264, 176
264, 177
264, 178
264, 179
264, 180
264, 181
264, 182
264, 183
264, 184
264, 185
264, 186
264, 187
264, 188
264, 189
264, 190
264, 191
264, 192
264, 193
264, 194
264, 195
264, 196
264, 197
264, 198
264, 199
264, 200
264, 201
264, 202
264, 203
264, 204
264, 205
264, 206
264, 207
264, 208
264, 209
264, 210
264, 211
264, 212
264, 213
264, 214
264, 215
264, 216
264, 217
264, 218
264, 219
264, 220
264, 221
264, 222
264, 223
264, 224
264, 225
264, 226
264, 227
264, 228
264, 229
264, 230
265, 116
265, 117
265, 118
265, 119
265, 120
265, 121
265, 122
265, 123
265, 124
265, 125
265, 126
265, 127
265, 128
265, 129
265, 130
265, 131
265, 132
265, 133
265, 134
265, 135
265, 136
265, 137
265, 138
265, 139
265, 140
265, 141
265, 142
265, 143
265, 144
265, 145
265, 146
265, 147
265, 148
265, 149
265, 150
265, 151
265, 152
265, 153
265, 154
265, 155
265, 156
265, 157
265, 158
265, 159
265, 160
265, 161
265, 162
265, 163
265, 164
265, 165
265, 166
265, 167
265, 168
265, 169
265, 170
265, 171
265, 172
265, 173
265, 174
265, 175
265, 176
265, 177
265, 178
265, 179
265, 180
265, 181
265, 182
265, 183
265, 184
265, 185
265, 186
265, 187
265, 188
265, 189
265, 190
265, 191
265, 192
265, 193
265, 194
265, 195
265, 196
265, 197
265, 198
265, 199
265, 200
265, 201
265, 202
265, 203
265, 204
265, 205
265, 206
265, 207
265, 208
265, 209
265, 210
265, 211
265, 212
265, 213
265, 214
265, 215
265, 216
265, 217
265, 218
265, 219
265, 220
265, 221
265, 222
265, 223
265, 224
265, 225
265, 226
265, 227
265, 228
265, 229
265, 230
266, 115
266, 116
266, 117
266, 118
266, 119
266, 120
266, 121
266, 122
266, 123
266, 124
266, 125
266, 126
266, 127
266, 128
266, 129
266, 130
266, 131
266, 132
266, 133
266, 134
266, 135
266, 136
266, 137
266, 138
266, 139
266, 140
266, 141
266, 142
266, 143
266, 144
266, 145
266, 146
266, 147
266, 148
266, 149
266, 150
266, 151
266, 152
266, 153
266, 154
266, 155
266, 156
266, 157
266, 158
266, 159
266, 160
266, 161
266, 162
266, 163
266, 164
266, 165
266, 166
266, 167
266, 168
266, 169
266, 170
266, 171
266, 172
266, 173
266, 174
266, 175
266, 176
266, 177
266, 178
266, 179
266, 180
266, 181
266, 182
266, 183
266, 184
266, 185
266, 186
266, 187
266, 188
266, 189
266, 190
266, 191
266, 192
266, 193
266, 194
266, 195
266, 196
266, 197
266, 198
266, 199
266, 200
266, 201
266, 202
266, 203
266, 204
266, 205
266, 206
266, 207
266, 208
266, 209
266, 210
266, 211
266, 212
266, 213
266, 214
266, 215
266, 216
266, 217
266, 218
266, 219
266, 220
266, 221
266, 222
266, 223
266, 224
266, 225
266, 226
266, 227
266, 228
266, 229
266, 230
266, 231
267, 115
267, 116
267, 117
267, 118
267, 119
267, 120
267, 121
267, 122
267, 123
267, 124
267, 125
267, 126
267, 127
267, 128
267, 129
267, 130
267, 131
267, 132
267, 133
267, 134
267, 135
267, 136
267, 137
267, 138
267, 139
267, 140
267, 141
267, 142
267, 143
267, 144
267, 145
267, 146
267, 147
267, 148
267, 149
267, 150
267, 151
267, 152
267, 153
267, 154
267, 155
267, 156
267, 157
267, 158
267, 159
267, 160
267, 161
267, 162
267, 163
267, 164
267, 165
267, 166
267, 167
267, 168
267, 169
267, 170
267, 171
267, 172
267, 173
267, 174
267, 175
267, 176
267, 177
267, 178
267, 179
267, 180
267, 181
267, 182
267, 183
267, 184
267, 185
267, 186
267, 187
267, 188
267, 189
267, 190
267, 191
267, 192
267, 193
267, 194
267, 195
267, 196
267, 197
267, 198
267, 199
267, 200
267, 201
267, 202
267, 203
267, 204
267, 205
267, 206
267, 207
267, 208
267, 209
267, 210
267, 211
267, 212
267, 213
267, 214
267, 215
267, 216
267, 217
267, 218
267, 219
267, 220
267, 221
267, 222
267, 223
267, 224
267, 225
267, 226
267, 227
267, 228
267, 229
267, 230
267, 231
268, 115
268, 116
268, 117
268, 118
268, 119
268, 120
268, 121
268, 122
268, 123
268, 124
268, 125
268, 126
268, 127
268, 128
268, 129
268, 130
268, 131
268, 132
268, 133
268, 134
268, 135
268, 136
268, 137
268, 138
268, 139
268, 140
268, 141
268, 142
268, 143
268, 144
268, 145
268, 146
268, 147
268, 148
268, 149
268, 150
268, 151
268, 152
268, 153
268, 154
268, 155
268, 156
268, 157
268, 158
268, 159
268, 160
268, 161
268, 162
268, 163
268, 164
268, 165
268, 166
268, 167
268, 168
268, 169
268, 170
268, 171
268, 172
268, 173
268, 174
268, 175
268, 176
268, 177
268, 178
268, 179
268, 180
268, 181
268, 182
268, 183
268, 184
268, 185
268, 186
268, 187
268, 188
268, 189
268, 190
268, 191
268, 192
268, 193
268, 194
268, 195
268, 196
268, 197
268, 198
268, 199
268, 200
268, 201
268, 202
268, 203
268, 204
268, 205
268, 206
268, 207
268, 208
268, 209
268, 210
268, 211
268, 212
268, 213
268, 214
268, 215
268, 216
268, 217
268, 218
268, 219
268, 220
268, 221
268, 222
268, 223
268, 224
268, 225
268, 226
268, 227
268, 228
268, 229
268, 230
268, 231
269, 115
269, 116
269, 117
269, 118
269, 119
269, 120
269, 121
269, 122
269, 123
269, 124
269, 125
269, 126
269, 127
269, 128
269, 129
269, 130
269, 131
269, 132
269, 133
269, 134
269, 135
269, 136
269, 137
269, 138
269, 139
269, 140
269, 141
269, 142
269, 143
269, 144
269, 145
269, 146
269, 147
269, 148
269, 149
269, 150
269, 151
269, 152
269, 153
269, 154
269, 155
269, 156
269, 157
269, 158
269, 159
269, 160
269, 161
269, 162
269, 163
269, 164
269, 165
269, 166
269, 167
269, 168
269, 169
269, 170
269, 171
269, 172
269, 173
269, 174
269, 175
269, 176
269, 177
269, 178
269, 179
269, 180
269, 181
269, 182
269, 183
269, 184
269, 185
269, 186
269, 187
269, 188
269, 189
269, 190
269, 191
269, 192
269, 193
269, 194
269, 195
269, 196
269, 197
269, 198
269, 199
269, 200
269, 201
269, 202
269, 203
269, 204
269, 205
269, 206
269, 207
269, 208
269, 209
269, 210
269, 211
269, 212
269, 213
269, 214
269, 215
269, 216
269, 217
269, 218
269, 219
269, 220
269, 221
269, 222
269, 223
269, 224
269, 225
269, 226
269, 227
269, 228
269, 229
269, 230
269, 231
270, 115
270, 116
270, 117
270, 118
270, 119
270, 120
270, 121
270, 122
270, 123
270, 124
270, 125
270, 126
270, 127
270, 128
270, 129
270, 130
270, 131
270, 132
270, 133
270, 134
270, 135
270, 136
270, 137
270, 138
270, 139
270, 140
270, 141
270, 142
270, 143
270, 144
270, 145
270, 146
270, 147
270, 148
270, 149
270, 150
270, 151
270, 152
270, 153
270, 154
270, 155
270, 156
270, 157
270, 158
270, 159
270, 160
270, 161
270, 162
270, 163
270, 164
270, 165
270, 166
270, 167
270, 168
270, 169
270, 170
270, 171
270, 172
270, 173
270, 174
270, 175
270, 176
270, 177
270, 178
270, 179
270, 180
270, 181
270, 182
270, 183
270, 184
270, 185
270, 186
270, 187
270, 188
270, 189
270, 190
270, 191
270, 192
270, 193
270, 194
270, 195
270, 196
270, 197
270, 198
270, 199
270, 200
270, 201
270, 202
270, 203
270, 204
270, 205
270, 206
270, 207
270, 208
270, 209
270, 210
270, 211
270, 212
270, 213
270, 214
270, 215
270, 216
270, 217
270, 218
270, 219
270, 220
270, 221
270, 222
270, 223
270, 224
270, 225
270, 226
270, 227
270, 228
270, 229
270, 230
270, 231
271, 114
271, 115
271, 116
271, 117
271, 118
271, 119
271, 120
271, 121
271, 122
271, 123
271, 124
271, 125
271, 126
271, 127
271, 128
271, 129
271, 130
271, 131
271, 132
271, 133
271, 134
271, 135
271, 136
271, 137
271, 138
271, 139
271, 140
271, 141
271, 142
271, 143
271, 144
271, 145
271, 146
271, 147
271, 148
271, 149
271, 150
271, 151
271, 152
271, 153
271, 154
271, 155
271, 156
271, 157
271, 158
271, 159
271, 160
271, 161
271, 162
271, 163
271, 164
271, 165
271, 166
271, 167
271, 168
271, 169
271, 170
271, 171
271, 172
271, 173
271, 174
271, 175
271, 176
271, 177
271, 178
271, 179
271, 180
271, 181
271, 182
271, 183
271, 184
271, 185
271, 186
271, 187
271, 188
271, 189
271, 190
271, 191
271, 192
271, 193
271, 194
271, 195
271, 196
271, 197
271, 198
271, 199
271, 200
271, 201
271, 202
271, 203
271, 204
271, 205
271, 206
271, 207
271, 208
271, 209
271, 210
271, 211
271, 212
271, 213
271, 214
271, 215
271, 216
271, 217
271, 218
271, 219
271, 220
271, 221
271, 222
271, 223
271, 224
271, 225
271, 226
271, 227
271, 228
271, 229
271, 230
271, 231
272, 114
272, 115
272, 116
272, 117
272, 118
272, 119
272, 120
272, 121
272, 122
272, 123
272, 124
272, 125
272, 126
272, 127
272, 128
272, 129
272, 130
272, 131
272, 132
272, 133
272, 134
272, 135
272, 136
272, 137
272, 138
272, 139
272, 140
272, 141
272, 142
272, 143
272, 144
272, 145
272, 146
272, 147
272, 148
272, 149
272, 150
272, 151
272, 152
272, 153
272, 154
272, 155
272, 156
272, 157
272, 158
272, 159
272, 160
272, 161
272, 162
272, 163
272, 164
272, 165
272, 166
272, 167
272, 168
272, 169
272, 170
272, 171
272, 172
272, 173
272, 174
272, 175
272, 176
272, 177
272, 178
272, 179
272, 180
272, 181
272, 182
272, 183
272, 184
272, 185
272, 186
272, 187
272, 188
272, 189
272, 190
272, 191
272, 192
272, 193
272, 194
272, 195
272, 196
272, 197
272, 198
272, 199
272, 200
272, 201
272, 202
272, 203
272, 204
272, 205
272, 206
272, 207
272, 208
272, 209
272, 210
272, 211
272, 212
272, 213
272, 214
272, 215
272, 216
272, 217
272, 218
272, 219
272, 220
272, 221
272, 222
272, 223
272, 224
272, 225
272, 226
272, 227
272, 228
272, 229
272, 230
272, 231
273, 114
273, 115
273, 116
273, 117
273, 118
273, 119
273, 120
273, 121
273, 122
273, 123
273, 124
273, 125
273, 126
273, 127
273, 128
273, 129
273, 130
273, 131
273, 132
273, 133
273, 134
273, 135
273, 136
273, 137
273, 138
273, 139
273, 140
273, 141
273, 142
273, 143
273, 144
273, 145
273, 146
273, 147
273, 148
273, 149
273, 150
273, 151
273, 152
273, 153
273, 154
273, 155
273, 156
273, 157
273, 158
273, 159
273, 160
273, 161
273, 162
273, 163
273, 164
273, 165
273, 166
273, 167
273, 168
273, 169
273, 170
273, 171
273, 172
273, 173
273, 174
273, 175
273, 176
273, 177
273, 178
273, 179
273, 180
273, 181
273, 182
273, 183
273, 184
273, 185
273, 186
273, 187
273, 188
273, 189
273, 190
273, 191
273, 192
273, 193
273, 194
273, 195
273, 196
273, 197
273, 198
273, 199
273, 200
273, 201
273, 202
273, 203
273, 204
273, 205
273, 206
273, 207
273, 208
273, 209
273, 210
273, 211
273, 212
273, 213
273, 214
273, 215
273, 216
273, 217
273, 218
273, 219
273, 220
273, 221
273, 222
273, 223
273, 224
273, 225
273, 226
273, 227
273, 228
273, 229
273, 230
273, 231
274, 114
274, 115
274, 116
274, 117
274, 118
274, 119
274, 120
274, 121
274, 122
274, 123
274, 124
274, 125
274, 126
274, 127
274, 128
274, 129
274, 130
274, 131
274, 132
274, 133
274, 134
274, 135
274, 136
274, 137
274, 138
274, 139
274, 140
274, 141
274, 142
274, 143
274, 144
274, 145
274, 146
274, 147
274, 148
274, 149
274, 150
274, 151
274, 152
274, 153
274, 154
274, 155
274, 156
274, 157
274, 158
274, 159
274, 160
274, 161
274, 162
274, 163
274, 164
274, 165
274, 166
274, 167
274, 168
274, 169
274, 170
274, 171
274, 172
274, 173
274, 174
274, 175
274, 176
274, 177
274, 178
274, 179
274, 180
274, 181
274, 182
274, 183
274, 184
274, 185
274, 186
274, 187
274, 188
274, 189
274, 190
274, 191
274, 192
274, 193
274, 194
274, 195
274, 196
274, 197
274, 198
274, 199
274, 200
274, 201
274, 202
274, 203
274, 204
274, 205
274, 206
274, 207
274, 208
274, 209
274, 210
274, 211
274, 212
274, 213
274, 214
274, 215
274, 216
274, 217
274, 218
274, 219
274, 220
274, 221
274, 222
274, 223
274, 224
274, 225
274, 226
274, 227
274, 228
274, 229
274, 230
274, 231
274, 232
275, 113
275, 114
275, 115
275, 116
275, 117
275, 118
275, 119
275, 120
275, 121
275, 122
275, 123
275, 124
275, 125
275, 126
275, 127
275, 128
275, 129
275, 130
275, 131
275, 132
275, 133
275, 134
275, 135
275, 136
275, 137
275, 138
275, 139
275, 140
275, 141
275, 142
275, 143
275, 144
275, 145
275, 146
275, 147
275, 148
275, 149
275, 150
275, 151
275, 152
275, 153
275, 154
275, 155
275, 156
275, 157
275, 158
275, 159
275, 160
275, 161
275, 162
275, 163
275, 164
275, 165
275, 166
275, 167
275, 168
275, 169
275, 170
275, 171
275, 172
275, 173
275, 174
275, 175
275, 176
275, 177
275, 178
275, 179
275, 180
275, 181
275, 182
275, 183
275, 184
275, 185
275, 186
275, 187
275, 188
275, 189
275, 190
275, 191
275, 192
275, 193
275, 194
275, 195
275, 196
275, 197
275, 198
275, 199
275, 200
275, 201
275, 202
275, 203
275, 204
275, 205
275, 206
275, 207
275, 208
275, 209
275, 210
275, 211
275, 212
275, 213
275, 214
275, 215
275, 216
275, 217
275, 218
275, 219
275, 220
275, 221
275, 222
275, 223
275, 224
275, 225
275, 226
275, 227
275, 228
275, 229
275, 230
275, 231
275, 232
276, 113
276, 114
276, 115
276, 116
276, 117
276, 118
276, 119
276, 120
276, 121
276, 122
276, 123
276, 124
276, 125
276, 126
276, 127
276, 128
276, 129
276, 130
276, 131
276, 132
276, 133
276, 134
276, 135
276, 136
276, 137
276, 138
276, 139
276, 140
276, 141
276, 142
276, 143
276, 144
276, 145
276, 146
276, 147
276, 148
276, 149
276, 150
276, 151
276, 152
276, 153
276, 154
276, 155
276, 156
276, 157
276, 158
276, 159
276, 160
276, 161
276, 162
276, 163
276, 164
276, 165
276, 166
276, 167
276, 168
276, 169
276, 170
276, 171
276, 172
276, 173
276, 174
276, 175
276, 176
276, 177
276, 178
276, 179
276, 180
276, 181
276, 182
276, 183
276, 184
276, 185
276, 186
276, 187
276, 188
276, 189
276, 190
276, 191
276, 192
276, 193
276, 194
276, 195
276, 196
276, 197
276, 198
276, 199
276, 200
276, 201
276, 202
276, 203
276, 204
276, 205
276, 206
276, 207
276, 208
276, 209
276, 210
276, 211
276, 212
276, 213
276, 214
276, 215
276, 216
276, 217
276, 218
276, 219
276, 220
276, 221
276, 222
276, 223
276, 224
276, 225
276, 226
276, 227
276, 228
276, 229
276, 230
276, 231
276, 232
277, 113
277, 114
277, 115
277, 116
277, 117
277, 118
277, 119
277, 120
277, 121
277, 122
277, 123
277, 124
277, 125
277, 126
277, 127
277, 128
277, 129
277, 130
277, 131
277, 132
277, 133
277, 134
277, 135
277, 136
277, 137
277, 138
277, 139
277, 140
277, 141
277, 142
277, 143
277, 144
277, 145
277, 146
277, 147
277, 148
277, 149
277, 150
277, 151
277, 152
277, 153
277, 154
277, 155
277, 156
277, 157
277, 158
277, 159
277, 160
277, 161
277, 162
277, 163
277, 164
277, 165
277, 166
277, 167
277, 168
277, 169
277, 170
277, 171
277, 172
277, 173
277, 174
277, 175
277, 176
277, 177
277, 178
277, 179
277, 180
277, 181
277, 182
277, 183
277, 184
277, 185
277, 186
277, 187
277, 188
277, 189
277, 190
277, 191
277, 192
277, 193
277, 194
277, 195
277, 196
277, 197
277, 198
277, 199
277, 200
277, 201
277, 202
277, 203
277, 204
277, 205
277, 206
277, 207
277, 208
277, 209
277, 210
277, 211
277, 212
277, 213
277, 214
277, 215
277, 216
277, 217
277, 218
277, 219
277, 220
277, 221
277, 222
277, 223
277, 224
277, 225
277, 226
277, 227
277, 228
277, 229
277, 230
277, 231
277, 232
278, 113
278, 114
278, 115
278, 116
278, 117
278, 118
278, 119
278, 120
278, 121
278, 122
278, 123
278, 124
278, 125
278, 126
278, 127
278, 128
278, 129
278, 130
278, 131
278, 132
278, 133
278, 134
278, 135
278, 136
278, 137
278, 138
278, 139
278, 140
278, 141
278, 142
278, 143
278, 144
278, 145
278, 146
278, 147
278, 148
278, 149
278, 150
278, 151
278, 152
278, 153
278, 154
278, 155
278, 156
278, 157
278, 158
278, 159
278, 160
278, 161
278, 162
278, 163
278, 164
278, 165
278, 166
278, 167
278, 168
278, 169
278, 170
278, 171
278, 172
278, 173
278, 174
278, 175
278, 176
278, 177
278, 178
278, 179
278, 180
278, 181
278, 182
278, 183
278, 184
278, 185
278, 186
278, 187
278, 188
278, 189
278, 190
278, 191
278, 192
278, 193
278, 194
278, 195
278, 196
278, 197
278, 198
278, 199
278, 200
278, 201
278, 202
278, 203
278, 204
278, 205
278, 206
278, 207
278, 208
278, 209
278, 210
278, 211
278, 212
278, 213
278, 214
278, 215
278, 216
278, 217
278, 218
278, 219
278, 220
278, 221
278, 222
278, 223
278, 224
278, 225
278, 226
278, 227
278, 228
278, 229
278, 230
278, 231
278, 232
279, 112
279, 113
279, 114
279, 115
279, 116
279, 117
279, 118
279, 119
279, 120
279, 121
279, 122
279, 123
279, 124
279, 125
279, 126
279, 127
279, 128
279, 129
279, 130
279, 131
279, 132
279, 133
279, 134
279, 135
279, 136
279, 137
279, 138
279, 139
279, 140
279, 141
279, 142
279, 143
279, 144
279, 145
279, 146
279, 147
279, 148
279, 149
279, 150
279, 151
279, 152
279, 153
279, 154
279, 155
279, 156
279, 157
279, 158
279, 159
279, 160
279, 161
279, 162
279, 163
279, 164
279, 165
279, 166
279, 167
279, 168
279, 169
279, 170
279, 171
279, 172
279, 173
279, 174
279, 175
279, 176
279, 177
279, 178
279, 179
279, 180
279, 181
279, 182
279, 183
279, 184
279, 185
279, 186
279, 187
279, 188
279, 189
279, 190
279, 191
279, 192
279, 193
279, 194
279, 195
279, 196
279, 197
279, 198
279, 199
279, 200
279, 201
279, 202
279, 203
279, 204
279, 205
279, 206
279, 207
279, 208
279, 209
279, 210
279, 211
279, 212
279, 213
279, 214
279, 215
279, 216
279, 217
279, 218
279, 219
279, 220
279, 221
279, 222
279, 223
279, 224
279, 225
279, 226
279, 227
279, 228
279, 229
279, 230
279, 231
279, 232
280, 112
280, 113
280, 114
280, 115
280, 116
280, 117
280, 118
280, 119
280, 120
280, 121
280, 122
280, 123
280, 124
280, 125
280, 126
280, 127
280, 128
280, 129
280, 130
280, 131
280, 132
280, 133
280, 134
280, 135
280, 136
280, 137
280, 138
280, 139
280, 140
280, 141
280, 142
280, 143
280, 144
280, 145
280, 146
280, 147
280, 148
280, 149
280, 150
280, 151
280, 152
280, 153
280, 154
280, 155
280, 156
280, 157
280, 158
280, 159
280, 160
280, 161
280, 162
280, 163
280, 164
280, 165
280, 166
280, 167
280, 168
280, 169
280, 170
280, 171
280, 172
280, 173
280, 174
280, 175
280, 176
280, 177
280, 178
280, 179
280, 180
280, 181
280, 182
280, 183
280, 184
280, 185
280, 186
280, 187
280, 188
280, 189
280, 190
280, 191
280, 192
280, 193
280, 194
280, 195
280, 196
280, 197
280, 198
280, 199
280, 200
280, 201
280, 202
280, 203
280, 204
280, 205
280, 206
280, 207
280, 208
280, 209
280, 210
280, 211
280, 212
280, 213
280, 214
280, 215
280, 216
280, 217
280, 218
280, 219
280, 220
280, 221
280, 222
280, 223
280, 224
280, 225
280, 226
280, 227
280, 228
280, 229
280, 230
280, 231
280, 232
280, 233
281, 112
281, 113
281, 114
281, 115
281, 116
281, 117
281, 118
281, 119
281, 120
281, 121
281, 122
281, 123
281, 124
281, 125
281, 126
281, 127
281, 128
281, 129
281, 130
281, 131
281, 132
281, 133
281, 134
281, 135
281, 136
281, 137
281, 138
281, 139
281, 140
281, 141
281, 142
281, 143
281, 144
281, 145
281, 146
281, 147
281, 148
281, 149
281, 150
281, 151
281, 152
281, 153
281, 154
281, 155
281, 156
281, 157
281, 158
281, 159
281, 160
281, 161
281, 162
281, 163
281, 164
281, 165
281, 166
281, 167
281, 168
281, 169
281, 170
281, 171
281, 172
281, 173
281, 174
281, 175
281, 176
281, 177
281, 178
281, 179
281, 180
281, 181
281, 182
281, 183
281, 184
281, 185
281, 186
281, 187
281, 188
281, 189
281, 190
281, 191
281, 192
281, 193
281, 194
281, 195
281, 196
281, 197
281, 198
281, 199
281, 200
281, 201
281, 202
281, 203
281, 204
281, 205
281, 206
281, 207
281, 208
281, 209
281, 210
281, 211
281, 212
281, 213
281, 214
281, 215
281, 216
281, 217
281, 218
281, 219
281, 220
281, 221
281, 222
281, 223
281, 224
281, 225
281, 226
281, 227
281, 228
281, 229
281, 230
281, 231
281, 232
281, 233
282, 112
282, 113
282, 114
282, 115
282, 116
282, 117
282, 118
282, 119
282, 120
282, 121
282, 122
282, 123
282, 124
282, 125
282, 126
282, 127
282, 128
282, 129
282, 130
282, 131
282, 132
282, 133
282, 134
282, 135
282, 136
282, 137
282, 138
282, 139
282, 140
282, 141
282, 142
282, 143
282, 144
282, 145
282, 146
282, 147
282, 148
282, 149
282, 150
282, 151
282, 152
282, 153
282, 154
282, 155
282, 156
282, 157
282, 158
282, 159
282, 160
282, 161
282, 162
282, 163
282, 164
282, 165
282, 166
282, 167
282, 168
282, 169
282, 170
282, 171
282, 172
282, 173
282, 174
282, 175
282, 176
282, 177
282, 178
282, 179
282, 180
282, 181
282, 182
282, 183
282, 184
282, 185
282, 186
282, 187
282, 188
282, 189
282, 190
282, 191
282, 192
282, 193
282, 194
282, 195
282, 196
282, 197
282, 198
282, 199
282, 200
282, 201
282, 202
282, 203
282, 204
282, 205
282, 206
282, 207
282, 208
282, 209
282, 210
282, 211
282, 212
282, 213
282, 214
282, 215
282, 216
282, 217
282, 218
282, 219
282, 220
282, 221
282, 222
282, 223
282, 224
282, 225
282, 226
282, 227
282, 228
282, 229
282, 230
282, 231
282, 232
282, 233
283, 112
283, 113
283, 114
283, 115
283, 116
283, 117
283, 118
283, 119
283, 120
283, 121
283, 122
283, 123
283, 124
283, 125
283, 126
283, 127
283, 128
283, 129
283, 130
283, 131
283, 132
283, 133
283, 134
283, 135
283, 136
283, 137
283, 138
283, 139
283, 140
283, 141
283, 142
283, 143
283, 144
283, 145
283, 146
283, 147
283, 148
283, 149
283, 150
283, 151
283, 152
283, 153
283, 154
283, 155
283, 156
283, 157
283, 158
283, 159
283, 160
283, 161
283, 162
283, 163
283, 164
283, 165
283, 166
283, 167
283, 168
283, 169
283, 170
283, 171
283, 172
283, 173
283, 174
283, 175
283, 176
283, 177
283, 178
283, 179
283, 180
283, 181
283, 182
283, 183
283, 184
283, 185
283, 186
283, 187
283, 188
283, 189
283, 190
283, 191
283, 192
283, 193
283, 194
283, 195
283, 196
283, 197
283, 198
283, 199
283, 200
283, 201
283, 202
283, 203
283, 204
283, 205
283, 206
283, 207
283, 208
283, 209
283, 210
283, 211
283, 212
283, 213
283, 214
283, 215
283, 216
283, 217
283, 218
283, 219
283, 220
283, 221
283, 222
283, 223
283, 224
283, 225
283, 226
283, 227
283, 228
283, 229
283, 230
283, 231
283, 232
283, 233
284, 112
284, 113
284, 114
284, 115
284, 116
284, 117
284, 118
284, 119
284, 120
284, 121
284, 122
284, 123
284, 124
284, 125
284, 126
284, 127
284, 128
284, 129
284, 130
284, 131
284, 132
284, 133
284, 134
284, 135
284, 136
284, 137
284, 138
284, 139
284, 140
284, 141
284, 142
284, 143
284, 144
284, 145
284, 146
284, 147
284, 148
284, 149
284, 150
284, 151
284, 152
284, 153
284, 154
284, 155
284, 156
284, 157
284, 158
284, 159
284, 160
284, 161
284, 162
284, 163
284, 164
284, 165
284, 166
284, 167
284, 168
284, 169
284, 170
284, 171
284, 172
284, 173
284, 174
284, 175
284, 176
284, 177
284, 178
284, 179
284, 180
284, 181
284, 182
284, 183
284, 184
284, 185
284, 186
284, 187
284, 188
284, 189
284, 190
284, 191
284, 192
284, 193
284, 194
284, 195
284, 196
284, 197
284, 198
284, 199
284, 200
284, 201
284, 202
284, 203
284, 204
284, 205
284, 206
284, 207
284, 208
284, 209
284, 210
284, 211
284, 212
284, 213
284, 214
284, 215
284, 216
284, 217
284, 218
284, 219
284, 220
284, 221
284, 222
284, 223
284, 224
284, 225
284, 226
284, 227
284, 228
284, 229
284, 230
284, 231
284, 232
284, 233
284, 234
285, 112
285, 113
285, 114
285, 115
285, 116
285, 117
285, 118
285, 119
285, 120
285, 121
285, 122
285, 123
285, 124
285, 125
285, 126
285, 127
285, 128
285, 129
285, 130
285, 131
285, 132
285, 133
285, 134
285, 135
285, 136
285, 137
285, 138
285, 139
285, 140
285, 141
285, 142
285, 143
285, 144
285, 145
285, 146
285, 147
285, 148
285, 149
285, 150
285, 151
285, 152
285, 153
285, 154
285, 155
285, 156
285, 157
285, 158
285, 159
285, 160
285, 161
285, 162
285, 163
285, 164
285, 165
285, 166
285, 167
285, 168
285, 169
285, 170
285, 171
285, 172
285, 173
285, 174
285, 175
285, 176
285, 177
285, 178
285, 179
285, 180
285, 181
285, 182
285, 183
285, 184
285, 185
285, 186
285, 187
285, 188
285, 189
285, 190
285, 191
285, 192
285, 193
285, 194
285, 195
285, 196
285, 197
285, 198
285, 199
285, 200
285, 201
285, 202
285, 203
285, 204
285, 205
285, 206
285, 207
285, 208
285, 209
285, 210
285, 211
285, 212
285, 213
285, 214
285, 215
285, 216
285, 217
285, 218
285, 219
285, 220
285, 221
285, 222
285, 223
285, 224
285, 225
285, 226
285, 227
285, 228
285, 229
285, 230
285, 231
285, 232
285, 233
285, 234
286, 112
286, 113
286, 114
286, 115
286, 116
286, 117
286, 118
286, 119
286, 120
286, 121
286, 122
286, 123
286, 124
286, 125
286, 126
286, 127
286, 128
286, 129
286, 130
286, 131
286, 132
286, 133
286, 134
286, 135
286, 136
286, 137
286, 138
286, 139
286, 140
286, 141
286, 142
286, 143
286, 144
286, 145
286, 146
286, 147
286, 148
286, 149
286, 150
286, 151
286, 152
286, 153
286, 154
286, 155
286, 156
286, 157
286, 158
286, 159
286, 160
286, 161
286, 162
286, 163
286, 164
286, 165
286, 166
286, 167
286, 168
286, 169
286, 170
286, 171
286, 172
286, 173
286, 174
286, 175
286, 176
286, 177
286, 178
286, 179
286, 180
286, 181
286, 182
286, 183
286, 184
286, 185
286, 186
286, 187
286, 188
286, 189
286, 190
286, 191
286, 192
286, 193
286, 194
286, 195
286, 196
286, 197
286, 198
286, 199
286, 200
286, 201
286, 202
286, 203
286, 204
286, 205
286, 206
286, 207
286, 208
286, 209
286, 210
286, 211
286, 212
286, 213
286, 214
286, 215
286, 216
286, 217
286, 218
286, 219
286, 220
286, 221
286, 222
286, 223
286, 224
286, 225
286, 226
286, 227
286, 228
286, 229
286, 230
286, 231
286, 232
286, 233
286, 234
287, 112
287, 113
287, 114
287, 115
287, 116
287, 117
287, 118
287, 119
287, 120
287, 121
287, 122
287, 123
287, 124
287, 125
287, 126
287, 127
287, 128
287, 129
287, 130
287, 131
287, 132
287, 133
287, 134
287, 135
287, 136
287, 137
287, 138
287, 139
287, 140
287, 141
287, 142
287, 143
287, 144
287, 145
287, 146
287, 147
287, 148
287, 149
287, 150
287, 151
287, 152
287, 153
287, 154
287, 155
287, 156
287, 157
287, 158
287, 159
287, 160
287, 161
287, 162
287, 163
287, 164
287, 165
287, 166
287, 167
287, 168
287, 169
287, 170
287, 171
287, 172
287, 173
287, 174
287, 175
287, 176
287, 177
287, 178
287, 179
287, 180
287, 181
287, 182
287, 183
287, 184
287, 185
287, 186
287, 187
287, 188
287, 189
287, 190
287, 191
287, 192
287, 193
287, 194
287, 195
287, 196
287, 197
287, 198
287, 199
287, 200
287, 201
287, 202
287, 203
287, 204
287, 205
287, 206
287, 207
287, 208
287, 209
287, 210
287, 211
287, 212
287, 213
287, 214
287, 215
287, 216
287, 217
287, 218
287, 219
287, 220
287, 221
287, 222
287, 223
287, 224
287, 225
287, 226
287, 227
287, 228
287, 229
287, 230
287, 231
287, 232
287, 233
287, 234
287, 235
288, 112
288, 113
288, 114
288, 115
288, 116
288, 117
288, 118
288, 119
288, 120
288, 121
288, 122
288, 123
288, 124
288, 125
288, 126
288, 127
288, 128
288, 129
288, 130
288, 131
288, 132
288, 133
288, 134
288, 135
288, 136
288, 137
288, 138
288, 139
288, 140
288, 141
288, 142
288, 143
288, 144
288, 145
288, 146
288, 147
288, 148
288, 149
288, 150
288, 151
288, 152
288, 153
288, 154
288, 155
288, 156
288, 157
288, 158
288, 159
288, 160
288, 161
288, 162
288, 163
288, 164
288, 165
288, 166
288, 167
288, 168
288, 169
288, 170
288, 171
288, 172
288, 173
288, 174
288, 175
288, 176
288, 177
288, 178
288, 179
288, 180
288, 181
288, 182
288, 183
288, 184
288, 185
288, 186
288, 187
288, 188
288, 189
288, 190
288, 191
288, 192
288, 193
288, 194
288, 195
288, 196
288, 197
288, 198
288, 199
288, 200
288, 201
288, 202
288, 203
288, 204
288, 205
288, 206
288, 207
288, 208
288, 209
288, 210
288, 211
288, 212
288, 213
288, 214
288, 215
288, 216
288, 217
288, 218
288, 219
288, 220
288, 221
288, 222
288, 223
288, 224
288, 225
288, 226
288, 227
288, 228
288, 229
288, 230
288, 231
288, 232
288, 233
288, 234
288, 235
289, 112
289, 113
289, 114
289, 115
289, 116
289, 117
289, 118
289, 119
289, 120
289, 121
289, 122
289, 123
289, 124
289, 125
289, 126
289, 127
289, 128
289, 129
289, 130
289, 131
289, 132
289, 133
289, 134
289, 135
289, 136
289, 137
289, 138
289, 139
289, 140
289, 141
289, 142
289, 143
289, 144
289, 145
289, 146
289, 147
289, 148
289, 149
289, 150
289, 151
289, 152
289, 153
289, 154
289, 155
289, 156
289, 157
289, 158
289, 159
289, 160
289, 161
289, 162
289, 163
289, 164
289, 165
289, 166
289, 167
289, 168
289, 169
289, 170
289, 171
289, 172
289, 173
289, 174
289, 175
289, 176
289, 177
289, 178
289, 179
289, 180
289, 181
289, 182
289, 183
289, 184
289, 185
289, 186
289, 187
289, 188
289, 189
289, 190
289, 191
289, 192
289, 193
289, 194
289, 195
289, 196
289, 197
289, 198
289, 199
289, 200
289, 201
289, 202
289, 203
289, 204
289, 205
289, 206
289, 207
289, 208
289, 209
289, 210
289, 211
289, 212
289, 213
289, 214
289, 215
289, 216
289, 217
289, 218
289, 219
289, 220
289, 221
289, 222
289, 223
289, 224
289, 225
289, 226
289, 227
289, 228
289, 229
289, 230
289, 231
289, 232
289, 233
289, 234
289, 235
290, 112
290, 113
290, 114
290, 115
290, 116
290, 117
290, 118
290, 119
290, 120
290, 121
290, 122
290, 123
290, 124
290, 125
290, 126
290, 127
290, 128
290, 129
290, 130
290, 131
290, 132
290, 133
290, 134
290, 135
290, 136
290, 137
290, 138
290, 139
290, 140
290, 141
290, 142
290, 143
290, 144
290, 145
290, 146
290, 147
290, 148
290, 149
290, 150
290, 151
290, 152
290, 153
290, 154
290, 155
290, 156
290, 157
290, 158
290, 159
290, 160
290, 161
290, 162
290, 163
290, 164
290, 165
290, 166
290, 167
290, 168
290, 169
290, 170
290, 171
290, 172
290, 173
290, 174
290, 175
290, 176
290, 177
290, 178
290, 179
290, 180
290, 181
290, 182
290, 183
290, 184
290, 185
290, 186
290, 187
290, 188
290, 189
290, 190
290, 191
290, 192
290, 193
290, 194
290, 195
290, 196
290, 197
290, 198
290, 199
290, 200
290, 201
290, 202
290, 203
290, 204
290, 205
290, 206
290, 207
290, 208
290, 209
290, 210
290, 211
290, 212
290, 213
290, 214
290, 215
290, 216
290, 217
290, 218
290, 219
290, 220
290, 221
290, 222
290, 223
290, 224
290, 225
290, 226
290, 227
290, 228
290, 229
290, 230
290, 231
290, 232
290, 233
290, 234
290, 235
291, 112
291, 113
291, 114
291, 115
291, 116
291, 117
291, 118
291, 119
291, 120
291, 121
291, 122
291, 123
291, 124
291, 125
291, 126
291, 127
291, 128
291, 129
291, 130
291, 131
291, 132
291, 133
291, 134
291, 135
291, 136
291, 137
291, 138
291, 139
291, 140
291, 141
291, 142
291, 143
291, 144
291, 145
291, 146
291, 147
291, 148
291, 149
291, 150
291, 151
291, 152
291, 153
291, 154
291, 155
291, 156
291, 157
291, 158
291, 159
291, 160
291, 161
291, 162
291, 163
291, 164
291, 165
291, 166
291, 167
291, 168
291, 169
291, 170
291, 171
291, 172
291, 173
291, 174
291, 175
291, 176
291, 177
291, 178
291, 179
291, 180
291, 181
291, 182
291, 183
291, 184
291, 185
291, 186
291, 187
291, 188
291, 189
291, 190
291, 191
291, 192
291, 193
291, 194
291, 195
291, 196
291, 197
291, 198
291, 199
291, 200
291, 201
291, 202
291, 203
291, 204
291, 205
291, 206
291, 207
291, 208
291, 209
291, 210
291, 211
291, 212
291, 213
291, 214
291, 215
291, 216
291, 217
291, 218
291, 219
291, 220
291, 221
291, 222
291, 223
291, 224
291, 225
291, 226
291, 227
291, 228
291, 229
291, 230
291, 231
291, 232
291, 233
291, 234
291, 235
292, 113
292, 114
292, 115
292, 116
292, 117
292, 118
292, 119
292, 120
292, 121
292, 122
292, 123
292, 124
292, 125
292, 126
292, 127
292, 128
292, 129
292, 130
292, 131
292, 132
292, 133
292, 134
292, 135
292, 136
292, 137
292, 138
292, 139
292, 140
292, 141
292, 142
292, 143
292, 144
292, 145
292, 146
292, 147
292, 148
292, 149
292, 150
292, 151
292, 152
292, 153
292, 154
292, 155
292, 156
292, 157
292, 158
292, 159
292, 160
292, 161
292, 162
292, 163
292, 164
292, 165
292, 166
292, 167
292, 168
292, 169
292, 170
292, 171
292, 172
292, 173
292, 174
292, 175
292, 176
292, 177
292, 178
292, 179
292, 180
292, 181
292, 182
292, 183
292, 184
292, 185
292, 186
292, 187
292, 188
292, 189
292, 190
292, 191
292, 192
292, 193
292, 194
292, 195
292, 196
292, 197
292, 198
292, 199
292, 200
292, 201
292, 202
292, 203
292, 204
292, 205
292, 206
292, 207
292, 208
292, 209
292, 210
292, 211
292, 212
292, 213
292, 214
292, 215
292, 216
292, 217
292, 218
292, 219
292, 220
292, 221
292, 222
292, 223
292, 224
292, 225
292, 226
292, 227
292, 228
292, 229
292, 230
292, 231
292, 232
292, 233
292, 234
292, 235
293, 113
293, 114
293, 115
293, 116
293, 117
293, 118
293, 119
293, 120
293, 121
293, 122
293, 123
293, 124
293, 125
293, 126
293, 127
293, 128
293, 129
293, 130
293, 131
293, 132
293, 133
293, 134
293, 135
293, 136
293, 137
293, 138
293, 139
293, 140
293, 141
293, 142
293, 143
293, 144
293, 145
293, 146
293, 147
293, 148
293, 149
293, 150
293, 151
293, 152
293, 153
293, 154
293, 155
293, 156
293, 157
293, 158
293, 159
293, 160
293, 161
293, 162
293, 163
293, 164
293, 165
293, 166
293, 167
293, 168
293, 169
293, 170
293, 171
293, 172
293, 173
293, 174
293, 175
293, 176
293, 177
293, 178
293, 179
293, 180
293, 181
293, 182
293, 183
293, 184
293, 185
293, 186
293, 187
293, 188
293, 189
293, 190
293, 191
293, 192
293, 193
293, 194
293, 195
293, 196
293, 197
293, 198
293, 199
293, 200
293, 201
293, 202
293, 203
293, 204
293, 205
293, 206
293, 207
293, 208
293, 209
293, 210
293, 211
293, 212
293, 213
293, 214
293, 215
293, 216
293, 217
293, 218
293, 219
293, 220
293, 221
293, 222
293, 223
293, 224
293, 225
293, 226
293, 227
293, 228
293, 229
293, 230
293, 231
293, 232
293, 233
293, 234
293, 235
294, 113
294, 114
294, 115
294, 116
294, 117
294, 118
294, 119
294, 120
294, 121
294, 122
294, 123
294, 124
294, 125
294, 126
294, 127
294, 128
294, 129
294, 130
294, 131
294, 132
294, 133
294, 134
294, 135
294, 136
294, 137
294, 138
294, 139
294, 140
294, 141
294, 142
294, 143
294, 144
294, 145
294, 146
294, 147
294, 148
294, 149
294, 150
294, 151
294, 152
294, 153
294, 154
294, 155
294, 156
294, 157
294, 158
294, 159
294, 160
294, 161
294, 162
294, 163
294, 164
294, 165
294, 166
294, 167
294, 168
294, 169
294, 170
294, 171
294, 172
294, 173
294, 174
294, 175
294, 176
294, 177
294, 178
294, 179
294, 180
294, 181
294, 182
294, 183
294, 184
294, 185
294, 186
294, 187
294, 188
294, 189
294, 190
294, 191
294, 192
294, 193
294, 194
294, 195
294, 196
294, 197
294, 198
294, 199
294, 200
294, 201
294, 202
294, 203
294, 204
294, 205
294, 206
294, 207
294, 208
294, 209
294, 210
294, 211
294, 212
294, 213
294, 214
294, 215
294, 216
294, 217
294, 218
294, 219
294, 220
294, 221
294, 222
294, 223
294, 224
294, 225
294, 226
294, 227
294, 228
294, 229
294, 230
294, 231
294, 232
294, 233
294, 234
294, 235
295, 113
295, 114
295, 115
295, 116
295, 117
295, 118
295, 119
295, 120
295, 121
295, 122
295, 123
295, 124
295, 125
295, 126
295, 127
295, 128
295, 129
295, 130
295, 131
295, 132
295, 133
295, 134
295, 135
295, 136
295, 137
295, 138
295, 139
295, 140
295, 141
295, 142
295, 143
295, 144
295, 145
295, 146
295, 147
295, 148
295, 149
295, 150
295, 151
295, 152
295, 153
295, 154
295, 155
295, 156
295, 157
295, 158
295, 159
295, 160
295, 161
295, 162
295, 163
295, 164
295, 165
295, 166
295, 167
295, 168
295, 169
295, 170
295, 171
295, 172
295, 173
295, 174
295, 175
295, 176
295, 177
295, 178
295, 179
295, 180
295, 181
295, 182
295, 183
295, 184
295, 185
295, 186
295, 187
295, 188
295, 189
295, 190
295, 191
295, 192
295, 193
295, 194
295, 195
295, 196
295, 197
295, 198
295, 199
295, 200
295, 201
295, 202
295, 203
295, 204
295, 205
295, 206
295, 207
295, 208
295, 209
295, 210
295, 211
295, 212
295, 213
295, 214
295, 215
295, 216
295, 217
295, 218
295, 219
295, 220
295, 221
295, 222
295, 223
295, 224
295, 225
295, 226
295, 227
295, 228
295, 229
295, 230
295, 231
295, 232
295, 233
295, 234
295, 235
296, 113
296, 114
296, 115
296, 116
296, 117
296, 118
296, 119
296, 120
296, 121
296, 122
296, 123
296, 124
296, 125
296, 126
296, 127
296, 128
296, 129
296, 130
296, 131
296, 132
296, 133
296, 134
296, 135
296, 136
296, 137
296, 138
296, 139
296, 140
296, 141
296, 142
296, 143
296, 144
296, 145
296, 146
296, 147
296, 148
296, 149
296, 150
296, 151
296, 152
296, 153
296, 154
296, 155
296, 156
296, 157
296, 158
296, 159
296, 160
296, 161
296, 162
296, 163
296, 164
296, 165
296, 166
296, 167
296, 168
296, 169
296, 170
296, 171
296, 172
296, 173
296, 174
296, 175
296, 176
296, 177
296, 178
296, 179
296, 180
296, 181
296, 182
296, 183
296, 184
296, 185
296, 186
296, 187
296, 188
296, 189
296, 190
296, 191
296, 192
296, 193
296, 194
296, 195
296, 196
296, 197
296, 198
296, 199
296, 200
296, 201
296, 202
296, 203
296, 204
296, 205
296, 206
296, 207
296, 208
296, 209
296, 210
296, 211
296, 212
296, 213
296, 214
296, 215
296, 216
296, 217
296, 218
296, 219
296, 220
296, 221
296, 222
296, 223
296, 224
296, 225
296, 226
296, 227
296, 228
296, 229
296, 230
296, 231
296, 232
296, 233
296, 234
296, 235
297, 114
297, 115
297, 116
297, 117
297, 118
297, 119
297, 120
297, 121
297, 122
297, 123
297, 124
297, 125
297, 126
297, 127
297, 128
297, 129
297, 130
297, 131
297, 132
297, 133
297, 134
297, 135
297, 136
297, 137
297, 138
297, 139
297, 140
297, 141
297, 142
297, 143
297, 144
297, 145
297, 146
297, 147
297, 148
297, 149
297, 150
297, 151
297, 152
297, 153
297, 154
297, 155
297, 156
297, 157
297, 158
297, 159
297, 160
297, 161
297, 162
297, 163
297, 164
297, 165
297, 166
297, 167
297, 168
297, 169
297, 170
297, 171
297, 172
297, 173
297, 174
297, 175
297, 176
297, 177
297, 178
297, 179
297, 180
297, 181
297, 182
297, 183
297, 184
297, 185
297, 186
297, 187
297, 188
297, 189
297, 190
297, 191
297, 192
297, 193
297, 194
297, 195
297, 196
297, 197
297, 198
297, 199
297, 200
297, 201
297, 202
297, 203
297, 204
297, 205
297, 206
297, 207
297, 208
297, 209
297, 210
297, 211
297, 212
297, 213
297, 214
297, 215
297, 216
297, 217
297, 218
297, 219
297, 220
297, 221
297, 222
297, 223
297, 224
297, 225
297, 226
297, 227
297, 228
297, 229
297, 230
297, 231
297, 232
297, 233
297, 234
297, 235
298, 114
298, 115
298, 116
298, 117
298, 118
298, 119
298, 120
298, 121
298, 122
298, 123
298, 124
298, 125
298, 126
298, 127
298, 128
298, 129
298, 130
298, 131
298, 132
298, 133
298, 134
298, 135
298, 136
298, 137
298, 138
298, 139
298, 140
298, 141
298, 142
298, 143
298, 144
298, 145
298, 146
298, 147
298, 148
298, 149
298, 150
298, 151
298, 152
298, 153
298, 154
298, 155
298, 156
298, 157
298, 158
298, 159
298, 160
298, 161
298, 162
298, 163
298, 164
298, 165
298, 166
298, 167
298, 168
298, 169
298, 170
298, 171
298, 172
298, 173
298, 174
298, 175
298, 176
298, 177
298, 178
298, 179
298, 180
298, 181
298, 182
298, 183
298, 184
298, 185
298, 186
298, 187
298, 188
298, 189
298, 190
298, 191
298, 192
298, 193
298, 194
298, 195
298, 196
298, 197
298, 198
298, 199
298, 200
298, 201
298, 202
298, 203
298, 204
298, 205
298, 206
298, 207
298, 208
298, 209
298, 210
298, 211
298, 212
298, 213
298, 214
298, 215
298, 216
298, 217
298, 218
298, 219
298, 220
298, 221
298, 222
298, 223
298, 224
298, 225
298, 226
298, 227
298, 228
298, 229
298, 230
298, 231
298, 232
298, 233
298, 234
298, 235
299, 114
299, 115
299, 116
299, 117
299, 118
299, 119
299, 120
299, 121
299, 122
299, 123
299, 124
299, 125
299, 126
299, 127
299, 128
299, 129
299, 130
299, 131
299, 132
299, 133
299, 134
299, 135
299, 136
299, 137
299, 138
299, 139
299, 140
299, 141
299, 142
299, 143
299, 144
299, 145
299, 146
299, 147
299, 148
299, 149
299, 150
299, 151
299, 152
299, 153
299, 154
299, 155
299, 156
299, 157
299, 158
299, 159
299, 160
299, 161
299, 162
299, 163
299, 164
299, 165
299, 166
299, 167
299, 168
299, 169
299, 170
299, 171
299, 172
299, 173
299, 174
299, 175
299, 176
299, 177
299, 178
299, 179
299, 180
299, 181
299, 182
299, 183
299, 184
299, 185
299, 186
299, 187
299, 188
299, 189
299, 190
299, 191
299, 192
299, 193
299, 194
299, 195
299, 196
299, 197
299, 198
299, 199
299, 200
299, 201
299, 202
299, 203
299, 204
299, 205
299, 206
299, 207
299, 208
299, 209
299, 210
299, 211
299, 212
299, 213
299, 214
299, 215
299, 216
299, 217
299, 218
299, 219
299, 220
299, 221
299, 222
299, 223
299, 224
299, 225
299, 226
299, 227
299, 228
299, 229
299, 230
299, 231
299, 232
299, 233
299, 234
299, 235
300, 115
300, 116
300, 117
300, 118
300, 119
300, 120
300, 121
300, 122
300, 123
300, 124
300, 125
300, 126
300, 127
300, 128
300, 129
300, 130
300, 131
300, 132
300, 133
300, 134
300, 135
300, 136
300, 137
300, 138
300, 139
300, 140
300, 141
300, 142
300, 143
300, 144
300, 145
300, 146
300, 147
300, 148
300, 149
300, 150
300, 151
300, 152
300, 153
300, 154
300, 155
300, 156
300, 157
300, 158
300, 159
300, 160
300, 161
300, 162
300, 163
300, 164
300, 165
300, 166
300, 167
300, 168
300, 169
300, 170
300, 171
300, 172
300, 173
300, 174
300, 175
300, 176
300, 177
300, 178
300, 179
300, 180
300, 181
300, 182
300, 183
300, 184
300, 185
300, 186
300, 187
300, 188
300, 189
300, 190
300, 191
300, 192
300, 193
300, 194
300, 195
300, 196
300, 197
300, 198
300, 199
300, 200
300, 201
300, 202
300, 203
300, 204
300, 205
300, 206
300, 207
300, 208
300, 209
300, 210
300, 211
300, 212
300, 213
300, 214
300, 215
300, 216
300, 217
300, 218
300, 219
300, 220
300, 221
300, 222
300, 223
300, 224
300, 225
300, 226
300, 227
300, 228
300, 229
300, 230
300, 231
300, 232
300, 233
300, 234
300, 235
301, 116
301, 117
301, 118
301, 119
301, 120
301, 121
301, 122
301, 123
301, 124
301, 125
301, 126
301, 127
301, 128
301, 129
301, 130
301, 131
301, 132
301, 133
301, 134
301, 135
301, 136
301, 137
301, 138
301, 139
301, 140
301, 141
301, 142
301, 143
301, 144
301, 145
301, 146
301, 147
301, 148
301, 149
301, 150
301, 151
301, 152
301, 153
301, 154
301, 155
301, 156
301, 157
301, 158
301, 159
301, 160
301, 161
301, 162
301, 163
301, 164
301, 165
301, 166
301, 167
301, 168
301, 169
301, 170
301, 171
301, 172
301, 173
301, 174
301, 175
301, 176
301, 177
301, 178
301, 179
301, 180
301, 181
301, 182
301, 183
301, 184
301, 185
301, 186
301, 187
301, 188
301, 189
301, 190
301, 191
301, 192
301, 193
301, 194
301, 195
301, 196
301, 197
301, 198
301, 199
301, 200
301, 201
301, 202
301, 203
301, 204
301, 205
301, 206
301, 207
301, 208
301, 209
301, 210
301, 211
301, 212
301, 213
301, 214
301, 215
301, 216
301, 217
301, 218
301, 219
301, 220
301, 221
301, 222
301, 223
301, 224
301, 225
301, 226
301, 227
301, 228
301, 229
301, 230
301, 231
301, 232
301, 233
301, 234
301, 235
302, 117
302, 118
302, 119
302, 120
302, 121
302, 122
302, 123
302, 124
302, 125
302, 126
302, 127
302, 128
302, 129
302, 130
302, 131
302, 132
302, 133
302, 134
302, 135
302, 136
302, 137
302, 138
302, 139
302, 140
302, 141
302, 142
302, 143
302, 144
302, 145
302, 146
302, 147
302, 148
302, 149
302, 150
302, 151
302, 152
302, 153
302, 154
302, 155
302, 156
302, 157
302, 158
302, 159
302, 160
302, 161
302, 162
302, 163
302, 164
302, 165
302, 166
302, 167
302, 168
302, 169
302, 170
302, 171
302, 172
302, 173
302, 174
302, 175
302, 176
302, 177
302, 178
302, 179
302, 180
302, 181
302, 182
302, 183
302, 184
302, 185
302, 186
302, 187
302, 188
302, 189
302, 190
302, 191
302, 192
302, 193
302, 194
302, 195
302, 196
302, 197
302, 198
302, 199
302, 200
302, 201
302, 202
302, 203
302, 204
302, 205
302, 206
302, 207
302, 208
302, 209
302, 210
302, 211
302, 212
302, 213
302, 214
302, 215
302, 216
302, 217
302, 218
302, 219
302, 220
302, 221
302, 222
302, 223
302, 224
302, 225
302, 226
302, 227
302, 228
302, 229
302, 230
302, 231
302, 232
302, 233
302, 234
302, 235
303, 124
303, 125
303, 126
303, 127
303, 128
303, 129
303, 130
303, 131
303, 132
303, 133
303, 134
303, 135
303, 136
303, 137
303, 138
303, 139
303, 140
303, 141
303, 142
303, 143
303, 144
303, 145
303, 146
303, 147
303, 148
303, 149
303, 150
303, 151
303, 152
303, 153
303, 154
303, 155
303, 156
303, 157
303, 158
303, 159
303, 160
303, 161
303, 162
303, 163
303, 164
303, 165
303, 166
303, 167
303, 168
303, 169
303, 170
303, 171
303, 172
303, 173
303, 174
303, 175
303, 176
303, 177
303, 178
303, 179
303, 180
303, 181
303, 182
303, 183
303, 184
303, 185
303, 186
303, 187
303, 188
303, 189
303, 190
303, 191
303, 192
303, 193
303, 194
303, 195
303, 196
303, 197
303, 198
303, 199
303, 200
303, 201
303, 202
303, 203
303, 204
303, 205
303, 206
303, 207
303, 208
303, 209
303, 210
303, 211
303, 212
303, 213
303, 214
303, 215
303, 216
303, 217
303, 218
303, 219
303, 220
303, 221
303, 222
303, 223
303, 224
303, 225
303, 226
303, 227
303, 228
303, 229
303, 230
303, 231
303, 232
303, 233
303, 234
304, 138
304, 139
304, 140
304, 141
304, 142
304, 143
304, 144
304, 145
304, 146
304, 147
304, 148
304, 149
304, 150
304, 151
304, 152
304, 153
304, 154
304, 155
304, 156
304, 157
304, 158
304, 159
304, 160
304, 161
304, 162
304, 163
304, 164
304, 165
304, 166
304, 167
304, 168
304, 169
304, 170
304, 171
304, 172
304, 173
304, 174
304, 175
304, 176
304, 177
304, 178
304, 179
304, 180
304, 181
304, 182
304, 183
304, 184
304, 185
304, 186
304, 187
304, 188
304, 189
304, 190
304, 191
304, 192
304, 193
304, 194
304, 195
304, 196
304, 197
304, 198
304, 199
304, 200
304, 201
304, 202
304, 203
304, 204
304, 205
304, 206
304, 207
304, 208
304, 209
304, 210
304, 211
304, 212
304, 213
304, 214
304, 215
304, 216
304, 217
304, 218
304, 219
304, 220
304, 221
304, 222
304, 223
304, 224
304, 225
304, 226
304, 227
304, 228
304, 229
304, 230
304, 231
304, 232
304, 233
304, 234
305, 144
305, 145
305, 146
305, 147
305, 148
305, 149
305, 150
305, 151
305, 152
305, 153
305, 154
305, 155
305, 156
305, 157
305, 158
305, 159
305, 160
305, 161
305, 162
305, 163
305, 164
305, 165
305, 166
305, 167
305, 168
305, 169
305, 170
305, 171
305, 172
305, 173
305, 174
305, 175
305, 176
305, 177
305, 178
305, 179
305, 180
305, 181
305, 182
305, 183
305, 184
305, 185
305, 186
305, 187
305, 188
305, 189
305, 190
305, 191
305, 192
305, 193
305, 194
305, 195
305, 196
305, 197
305, 198
305, 199
305, 200
305, 201
305, 202
305, 203
305, 204
305, 205
305, 206
305, 207
305, 208
305, 209
305, 210
305, 211
305, 212
305, 213
305, 214
305, 215
305, 216
305, 217
305, 218
305, 219
305, 220
305, 221
305, 222
305, 223
305, 224
305, 225
305, 226
305, 227
305, 228
305, 229
305, 230
305, 231
305, 232
305, 233
306, 150
306, 151
306, 152
306, 153
306, 154
306, 155
306, 156
306, 157
306, 158
306, 159
306, 160
306, 161
306, 162
306, 163
306, 164
306, 165
306, 166
306, 167
306, 168
306, 169
306, 170
306, 171
306, 172
306, 173
306, 174
306, 175
306, 176
306, 177
306, 178
306, 179
306, 180
306, 181
306, 182
306, 183
306, 184
306, 185
306, 186
306, 187
306, 188
306, 189
306, 190
306, 191
306, 192
306, 193
306, 194
306, 195
306, 196
306, 197
306, 198
306, 199
306, 200
306, 201
306, 202
306, 203
306, 204
306, 205
306, 206
306, 207
306, 208
306, 209
306, 210
306, 211
306, 212
306, 213
306, 214
306, 215
306, 216
306, 217
306, 218
306, 219
306, 220
306, 221
306, 222
306, 223
306, 224
306, 225
306, 226
306, 227
306, 228
306, 229
306, 230
306, 231
306, 232
307, 160
307, 161
307, 162
307, 163
307, 164
307, 165
307, 166
307, 167
307, 168
307, 169
307, 170
307, 171
307, 172
307, 173
307, 174
307, 175
307, 176
307, 177
307, 178
307, 179
307, 180
307, 181
307, 182
307, 183
307, 184
307, 185
307, 186
307, 187
307, 188
307, 189
307, 190
307, 191
307, 192
307, 193
307, 194
307, 195
307, 196
307, 197
307, 198
307, 199
307, 200
307, 201
307, 202
307, 203
307, 204
307, 205
307, 206
307, 207
307, 208
307, 209
307, 210
307, 211
307, 212
307, 213
307, 214
307, 215
307, 216
307, 217
307, 218
307, 219
307, 220
307, 221
307, 222
307, 223
307, 224
307, 225
307, 226
307, 227
307, 228
307, 229
307, 230
307, 231
308, 170
308, 171
308, 172
308, 173
308, 174
308, 175
308, 176
308, 177
308, 178
308, 179
308, 180
308, 181
308, 182
308, 183
308, 184
308, 185
308, 186
308, 187
308, 188
308, 189
308, 190
308, 191
308, 192
308, 193
308, 194
308, 195
308, 196
308, 197
308, 198
308, 199
308, 200
308, 201
308, 202
308, 203
308, 204
308, 205
308, 206
308, 207
308, 208
308, 209
308, 210
308, 211
308, 212
308, 213
309, 183
309, 184
309, 185
309, 186
309, 187
309, 188
309, 189
309, 190
309, 191
309, 192
309, 193
309, 194
