252, 39
252, 40
252, 41
252, 42
252, 43
252, 44
252, 45
252, 46
252, 47
252, 48
252, 49
252, 50
252, 51
252, 52
252, 53
252, 54
252, 55
252, 56
252, 57
252, 58
252, 59
252, 60
252, 61
252, 62
252, 63
252, 64
252, 65
252, 66
252, 67
252, 68
252, 69
252, 70
252, 71
252, 72
252, 73
252, 74
252, 75
252, 76
252, 77
252, 78
252, 79
252, 80
252, 81
252, 82
252, 83
252, 84
252, 85
252, 86
252, 87
252, 88
252, 89
252, 90
253, 32
253, 33
253, 34
253, 35
253, 36
253, 37
253, 38
253, 39
253, 40
253, 41
253, 42
253, 43
253, 44
253, 45
253, 46
253, 47
253, 48
253, 49
253, 50
253, 51
253, 52
253, 53
253, 54
253, 55
253, 56
253, 57
253, 58
253, 59
253, 60
253, 61
253, 62
253, 63
253, 64
253, 65
253, 66
253, 67
253, 68
253, 69
253, 70
253, 71
253, 72
253, 73
253, 74
253, 75
253, 76
253, 77
253, 78
253, 79
253, 80
253, 81
253, 82
253, 83
253, 84
253, 85
253, 86
253, 87
253, 88
253, 89
253, 90
253, 91
253, 92
253, 93
253, 94
253, 95
253, 96
254, 30
254, 31
254, 32
254, 33
254, 34
254, 35
254, 36
254, 37
254, 38
254, 39
254, 40
254, 41
254, 42
254, 43
254, 44
254, 45
254, 46
254, 47
254, 48
254, 49
254, 50
254, 51
254, 52
254, 53
254, 54
254, 55
254, 56
254, 57
254, 58
254, 59
254, 60
254, 61
254, 62
254, 63
254, 64
254, 65
254, 66
254, 67
254, 68
254, 69
254, 70
254, 71
254, 72
254, 73
254, 74
254, 75
254, 76
254, 77
254, 78
254, 79
254, 80
254, 81
254, 82
254, 83
254, 84
254, 85
254, 86
254, 87
254, 88
254, 89
254, 90
254, 91
254, 92
254, 93
254, 94
254, 95
254, 96
254, 97
254, 98
255, 28
255, 29
255, 30
255, 31
255, 32
255, 33
255, 34
255, 35
255, 36
255, 37
255, 38
255, 39
255, 40
255, 41
255, 42
255, 43
255, 44
255, 45
255, 46
255, 47
255, 48
255, 49
255, 50
255, 51
255, 52
255, 53
255, 54
255, 55
255, 56
255, 57
255, 58
255, 59
255, 60
255, 61
255, 62
255, 63
255, 64
255, 65
255, 66
255, 67
255, 68
255, 69
255, 70
255, 71
255, 72
255, 73
255, 74
255, 75
255, 76
255, 77
255, 78
255, 79
255, 80
255, 81
255, 82
255, 83
255, 84
255, 85
255, 86
255, 87
255, 88
255, 89
255, 90
255, 91
255, 92
255, 93
255, 94
255, 95
255, 96
255, 97
255, 98
255, 99
255, 100
255, 101
255, 103
255, 104
255, 105
255, 106
255, 107
255, 111
255, 112
255, 113
256, 27
256, 28
256, 29
256, 30
256, 31
256, 32
256, 33
256, 34
256, 35
256, 36
256, 37
256, 38
256, 39
256, 40
256, 41
256, 42
256, 43
256, 44
256, 45
256, 46
256, 47
256, 48
256, 49
256, 50
256, 51
256, 52
256, 53
256, 54
256, 55
256, 56
256, 57
256, 58
256, 59
256, 60
256, 61
256, 62
256, 63
256, 64
256, 65
256, 66
256, 67
256, 68
256, 69
256, 70
256, 71
256, 72
256, 73
256, 74
256, 75
256, 76
256, 77
256, 78
256, 79
256, 80
256, 81
256, 82
256, 83
256, 84
256, 85
256, 86
256, 87
256, 88
256, 89
256, 90
256, 91
256, 92
256, 93
256, 94
256, 95
256, 96
256, 97
256, 98
256, 99
256, 100
256, 101
256, 102
256, 103
256, 104
256, 105
256, 106
256, 107
256, 108
256, 109
256, 110
256, 111
256, 112
256, 113
256, 114
256, 115
257, 27
257, 28
257, 29
257, 30
257, 31
257, 32
257, 33
257, 34
257, 35
257, 36
257, 37
257, 38
257, 39
257, 40
257, 41
257, 42
257, 43
257, 44
257, 45
257, 46
257, 47
257, 48
257, 49
257, 50
257, 51
257, 52
257, 53
257, 54
257, 55
257, 56
257, 57
257, 58
257, 59
257, 60
257, 61
257, 62
257, 63
257, 64
257, 65
257, 66
257, 67
257, 68
257, 69
257, 70
257, 71
257, 72
257, 73
257, 74
257, 75
257, 76
257, 77
257, 78
257, 79
257, 80
257, 81
257, 82
257, 83
257, 84
257, 85
257, 86
257, 87
257, 88
257, 89
257, 90
257, 91
257, 92
257, 93
257, 94
257, 95
257, 96
257, 97
257, 98
257, 99
257, 100
257, 101
257, 102
257, 103
257, 104
257, 105
257, 106
257, 107
257, 108
257, 109
257, 110
257, 111
257, 112
257, 113
257, 114
257, 115
257, 116
258, 26
258, 27
258, 28
258, 29
258, 30
258, 31
258, 32
258, 33
258, 34
258, 35
258, 36
258, 37
258, 38
258, 39
258, 40
258, 41
258, 42
258, 43
258, 44
258, 45
258, 46
258, 47
258, 48
258, 49
258, 50
258, 51
258, 52
258, 53
258, 54
258, 55
258, 56
258, 57
258, 58
258, 59
258, 60
258, 61
258, 62
258, 63
258, 64
258, 65
258, 66
258, 67
258, 68
258, 69
258, 70
258, 71
258, 72
258, 73
258, 74
258, 75
258, 76
258, 77
258, 78
258, 79
258, 80
258, 81
258, 82
258, 83
258, 84
258, 85
258, 86
258, 87
258, 88
258, 89
258, 90
258, 91
258, 92
258, 93
258, 94
258, 95
258, 96
258, 97
258, 98
258, 99
258, 100
258, 101
258, 102
258, 103
258, 104
258, 105
258, 106
258, 107
258, 108
258, 109
258, 110
258, 111
258, 112
258, 113
258, 114
258, 115
258, 116
258, 117
259, 26
259, 27
259, 28
259, 29
259, 30
259, 31
259, 32
259, 33
259, 34
259, 35
259, 36
259, 37
259, 38
259, 39
259, 40
259, 41
259, 42
259, 43
259, 44
259, 45
259, 46
259, 47
259, 48
259, 49
259, 50
259, 51
259, 52
259, 53
259, 54
259, 55
259, 56
259, 57
259, 58
259, 59
259, 60
259, 61
259, 62
259, 63
259, 64
259, 65
259, 66
259, 67
259, 68
259, 69
259, 70
259, 71
259, 72
259, 73
259, 74
259, 75
259, 76
259, 77
259, 78
259, 79
259, 80
259, 81
259, 82
259, 83
259, 84
259, 85
259, 86
259, 87
259, 88
259, 89
259, 90
259, 91
259, 92
259, 93
259, 94
259, 95
259, 96
259, 97
259, 98
259, 99
259, 100
259, 101
259, 102
259, 103
259, 104
259, 105
259, 106
259, 107
259, 108
259, 109
259, 110
259, 111
259, 112
259, 113
259, 114
259, 115
259, 116
259, 117
260, 26
260, 27
260, 28
260, 29
260, 30
260, 31
260, 32
260, 33
260, 34
260, 35
260, 36
260, 37
260, 38
260, 39
260, 40
260, 41
260, 42
260, 43
260, 44
260, 45
260, 46
260, 47
260, 48
260, 49
260, 50
260, 51
260, 52
260, 53
260, 54
260, 55
260, 56
260, 57
260, 58
260, 59
260, 60
260, 61
260, 62
260, 63
260, 64
260, 65
260, 66
260, 67
260, 68
260, 69
260, 70
260, 71
260, 72
260, 73
260, 74
260, 75
260, 76
260, 77
260, 78
260, 79
260, 80
260, 81
260, 82
260, 83
260, 84
260, 85
260, 86
260, 87
260, 88
260, 89
260, 90
260, 91
260, 92
260, 93
260, 94
260, 95
260, 96
260, 97
260, 98
260, 99
260, 100
260, 101
260, 102
260, 103
260, 104
260, 105
260, 106
260, 107
260, 108
260, 109
260, 110
260, 111
260, 112
260, 113
260, 114
260, 115
260, 116
260, 117
261, 26
261, 27
261, 28
261, 29
261, 30
261, 31
261, 32
261, 33
261, 34
261, 35
261, 36
261, 37
261, 38
261, 39
261, 40
261, 41
261, 42
261, 43
261, 44
261, 45
261, 46
261, 47
261, 48
261, 49
261, 50
261, 51
261, 52
261, 53
261, 54
261, 55
261, 56
261, 57
261, 58
261, 59
261, 60
261, 61
261, 62
261, 63
261, 64
261, 65
261, 66
261, 67
261, 68
261, 69
261, 70
261, 71
261, 72
261, 73
261, 74
261, 75
261, 76
261, 77
261, 78
261, 79
261, 80
261, 81
261, 82
261, 83
261, 84
261, 85
261, 86
261, 87
261, 88
261, 89
261, 90
261, 91
261, 92
261, 93
261, 94
261, 95
261, 96
261, 97
261, 98
261, 99
261, 100
261, 101
261, 102
261, 103
261, 104
261, 105
261, 106
261, 107
261, 108
261, 109
261, 110
261, 111
261, 112
261, 113
261, 114
261, 115
261, 116
261, 117
262, 26
262, 27
262, 28
262, 29
262, 30
262, 31
262, 32
262, 33
262, 34
262, 35
262, 36
262, 37
262, 38
262, 39
262, 40
262, 41
262, 42
262, 43
262, 44
262, 45
262, 46
262, 47
262, 48
262, 49
262, 50
262, 51
262, 52
262, 53
262, 54
262, 55
262, 56
262, 57
262, 58
262, 59
262, 60
262, 61
262, 62
262, 63
262, 64
262, 65
262, 66
262, 67
262, 68
262, 69
262, 70
262, 71
262, 72
262, 73
262, 74
262, 75
262, 76
262, 77
262, 78
262, 79
262, 80
262, 81
262, 82
262, 83
262, 84
262, 85
262, 86
262, 87
262, 88
262, 89
262, 90
262, 91
262, 92
262, 93
262, 94
262, 95
262, 96
262, 97
262, 98
262, 99
262, 100
262, 101
262, 102
262, 103
262, 104
262, 105
262, 106
262, 107
262, 108
262, 109
262, 110
262, 111
262, 112
262, 113
262, 114
262, 115
262, 116
262, 117
262, 118
263, 26
263, 27
263, 28
263, 29
263, 30
263, 31
263, 32
263, 33
263, 34
263, 35
263, 36
263, 37
263, 38
263, 39
263, 40
263, 41
263, 42
263, 43
263, 44
263, 45
263, 46
263, 47
263, 48
263, 49
263, 50
263, 51
263, 52
263, 53
263, 54
263, 55
263, 56
263, 57
263, 58
263, 59
263, 60
263, 61
263, 62
263, 63
263, 64
263, 65
263, 66
263, 67
263, 68
263, 69
263, 70
263, 71
263, 72
263, 73
263, 74
263, 75
263, 76
263, 77
263, 78
263, 79
263, 80
263, 81
263, 82
263, 83
263, 84
263, 85
263, 86
263, 87
263, 88
263, 89
263, 90
263, 91
263, 92
263, 93
263, 94
263, 95
263, 96
263, 97
263, 98
263, 99
263, 100
263, 101
263, 102
263, 103
263, 104
263, 105
263, 106
263, 107
263, 108
263, 109
263, 110
263, 111
263, 112
263, 113
263, 114
263, 115
263, 116
263, 117
263, 118
264, 26
264, 27
264, 28
264, 29
264, 30
264, 31
264, 32
264, 33
264, 34
264, 35
264, 36
264, 37
264, 38
264, 39
264, 40
264, 41
264, 42
264, 43
264, 44
264, 45
264, 46
264, 47
264, 48
264, 49
264, 50
264, 51
264, 52
264, 53
264, 54
264, 55
264, 56
264, 57
264, 58
264, 59
264, 60
264, 61
264, 62
264, 63
264, 64
264, 65
264, 66
264, 67
264, 68
264, 69
264, 70
264, 71
264, 72
264, 73
264, 74
264, 75
264, 76
264, 77
264, 78
264, 79
264, 80
264, 81
264, 82
264, 83
264, 84
264, 85
264, 86
264, 87
264, 88
264, 89
264, 90
264, 91
264, 92
264, 93
264, 94
264, 95
264, 96
264, 97
264, 98
264, 99
264, 100
264, 101
264, 102
264, 103
264, 104
264, 105
264, 106
264, 107
264, 108
264, 109
264, 110
264, 111
264, 112
264, 113
264, 114
264, 115
264, 116
264, 117
264, 118
265, 26
265, 27
265, 28
265, 29
265, 30
265, 31
265, 32
265, 33
265, 34
265, 35
265, 36
265, 37
265, 38
265, 39
265, 40
265, 41
265, 42
265, 43
265, 44
265, 45
265, 46
265, 47
265, 48
265, 49
265, 50
265, 51
265, 52
265, 53
265, 54
265, 55
265, 56
265, 57
265, 58
265, 59
265, 60
265, 61
265, 62
265, 63
265, 64
265, 65
265, 66
265, 67
265, 68
265, 69
265, 70
265, 71
265, 72
265, 73
265, 74
265, 75
265, 76
265, 77
265, 78
265, 79
265, 80
265, 81
265, 82
265, 83
265, 84
265, 85
265, 86
265, 87
265, 88
265, 89
265, 90
265, 91
265, 92
265, 93
265, 94
265, 95
265, 96
265, 97
265, 98
265, 99
265, 100
265, 101
265, 102
265, 103
265, 104
265, 105
265, 106
265, 107
265, 108
265, 109
265, 110
265, 111
265, 112
265, 113
265, 114
265, 115
265, 116
265, 117
265, 118
266, 26
266, 27
266, 28
266, 29
266, 30
266, 31
266, 32
266, 33
266, 34
266, 35
266, 36
266, 37
266, 38
266, 39
266, 40
266, 41
266, 42
266, 43
266, 44
266, 45
266, 46
266, 47
266, 48
266, 49
266, 50
266, 51
266, 52
266, 53
266, 54
266, 55
266, 56
266, 57
266, 58
266, 59
266, 60
266, 61
266, 62
266, 63
266, 64
266, 65
266, 66
266, 67
266, 68
266, 69
266, 70
266, 71
266, 72
266, 73
266, 74
266, 75
266, 76
266, 77
266, 78
266, 79
266, 80
266, 81
266, 82
266, 83
266, 84
266, 85
266, 86
266, 87
266, 88
266, 89
266, 90
266, 91
266, 92
266, 93
266, 94
266, 95
266, 96
266, 97
266, 98
266, 99
266, 100
266, 101
266, 102
266, 103
266, 104
266, 105
266, 106
266, 107
266, 108
266, 109
266, 110
266, 111
266, 112
266, 113
266, 114
266, 115
266, 116
266, 117
266, 118
267, 26
267, 27
267, 28
267, 29
267, 30
267, 31
267, 32
267, 33
267, 34
267, 35
267, 36
267, 37
267, 38
267, 39
267, 40
267, 41
267, 42
267, 43
267, 44
267, 45
267, 46
267, 47
267, 48
267, 49
267, 50
267, 51
267, 52
267, 53
267, 54
267, 55
267, 56
267, 57
267, 58
267, 59
267, 60
267, 61
267, 62
267, 63
267, 64
267, 65
267, 66
267, 67
267, 68
267, 69
267, 70
267, 71
267, 72
267, 73
267, 74
267, 75
267, 76
267, 77
267, 78
267, 79
267, 80
267, 81
267, 82
267, 83
267, 84
267, 85
267, 86
267, 87
267, 88
267, 89
267, 90
267, 91
267, 92
267, 93
267, 94
267, 95
267, 96
267, 97
267, 98
267, 99
267, 100
267, 101
267, 102
267, 103
267, 104
267, 105
267, 106
267, 107
267, 108
267, 109
267, 110
267, 111
267, 112
267, 113
267, 114
267, 115
267, 116
267, 117
267, 118
267, 119
268, 26
268, 27
268, 28
268, 29
268, 30
268, 31
268, 32
268, 33
268, 34
268, 35
268, 36
268, 37
268, 38
268, 39
268, 40
268, 41
268, 42
268, 43
268, 44
268, 45
268, 46
268, 47
268, 48
268, 49
268, 50
268, 51
268, 52
268, 53
268, 54
268, 55
268, 56
268, 57
268, 58
268, 59
268, 60
268, 61
268, 62
268, 63
268, 64
268, 65
268, 66
268, 67
268, 68
268, 69
268, 70
268, 71
268, 72
268, 73
268, 74
268, 75
268, 76
268, 77
268, 78
268, 79
268, 80
268, 81
268, 82
268, 83
268, 84
268, 85
268, 86
268, 87
268, 88
268, 89
268, 90
268, 91
268, 92
268, 93
268, 94
268, 95
268, 96
268, 97
268, 98
268, 99
268, 100
268, 101
268, 102
268, 103
268, 104
268, 105
268, 106
268, 107
268, 108
268, 109
268, 110
268, 111
268, 112
268, 113
268, 114
268, 115
268, 116
268, 117
268, 118
268, 119
269, 26
269, 27
269, 28
269, 29
269, 30
269, 31
269, 32
269, 33
269, 34
269, 35
269, 36
269, 37
269, 38
269, 39
269, 40
269, 41
269, 42
269, 43
269, 44
269, 45
269, 46
269, 47
269, 48
269, 49
269, 50
269, 51
269, 52
269, 53
269, 54
269, 55
269, 56
269, 57
269, 58
269, 59
269, 60
269, 61
269, 62
269, 63
269, 64
269, 65
269, 66
269, 67
269, 68
269, 69
269, 70
269, 71
269, 72
269, 73
269, 74
269, 75
269, 76
269, 77
269, 78
269, 79
269, 80
269, 81
269, 82
269, 83
269, 84
269, 85
269, 86
269, 87
269, 88
269, 89
269, 90
269, 91
269, 92
269, 93
269, 94
269, 95
269, 96
269, 97
269, 98
269, 99
269, 100
269, 101
269, 102
269, 103
269, 104
269, 105
269, 106
269, 107
269, 108
269, 109
269, 110
269, 111
269, 112
269, 113
269, 114
269, 115
269, 116
269, 117
269, 118
269, 119
269, 120
270, 26
270, 27
270, 28
270, 29
270, 30
270, 31
270, 32
270, 33
270, 34
270, 35
270, 36
270, 37
270, 38
270, 39
270, 40
270, 41
270, 42
270, 43
270, 44
270, 45
270, 46
270, 47
270, 48
270, 49
270, 50
270, 51
270, 52
270, 53
270, 54
270, 55
270, 56
270, 57
270, 58
270, 59
270, 60
270, 61
270, 62
270, 63
270, 64
270, 65
270, 66
270, 67
270, 68
270, 69
270, 70
270, 71
270, 72
270, 73
270, 74
270, 75
270, 76
270, 77
270, 78
270, 79
270, 80
270, 81
270, 82
270, 83
270, 84
270, 85
270, 86
270, 87
270, 88
270, 89
270, 90
270, 91
270, 92
270, 93
270, 94
270, 95
270, 96
270, 97
270, 98
270, 99
270, 100
270, 101
270, 102
270, 103
270, 104
270, 105
270, 106
270, 107
270, 108
270, 109
270, 110
270, 111
270, 112
270, 113
270, 114
270, 115
270, 116
270, 117
270, 118
270, 119
270, 120
270, 121
271, 26
271, 27
271, 28
271, 29
271, 30
271, 31
271, 32
271, 33
271, 34
271, 35
271, 36
271, 37
271, 38
271, 39
271, 40
271, 41
271, 42
271, 43
271, 44
271, 45
271, 46
271, 47
271, 48
271, 49
271, 50
271, 51
271, 52
271, 53
271, 54
271, 55
271, 56
271, 57
271, 58
271, 59
271, 60
271, 61
271, 62
271, 63
271, 64
271, 65
271, 66
271, 67
271, 68
271, 69
271, 70
271, 71
271, 72
271, 73
271, 74
271, 75
271, 76
271, 77
271, 78
271, 79
271, 80
271, 81
271, 82
271, 83
271, 84
271, 85
271, 86
271, 87
271, 88
271, 89
271, 90
271, 91
271, 92
271, 93
271, 94
271, 95
271, 96
271, 97
271, 98
271, 99
271, 100
271, 101
271, 102
271, 103
271, 104
271, 105
271, 106
271, 107
271, 108
271, 109
271, 110
271, 111
271, 112
271, 113
271, 114
271, 115
271, 116
271, 117
271, 118
271, 119
271, 120
271, 121
271, 122
272, 26
272, 27
272, 28
272, 29
272, 30
272, 31
272, 32
272, 33
272, 34
272, 35
272, 36
272, 37
272, 38
272, 39
272, 40
272, 41
272, 42
272, 43
272, 44
272, 45
272, 46
272, 47
272, 48
272, 49
272, 50
272, 51
272, 52
272, 53
272, 54
272, 55
272, 56
272, 57
272, 58
272, 59
272, 60
272, 61
272, 62
272, 63
272, 64
272, 65
272, 66
272, 67
272, 68
272, 69
272, 70
272, 71
272, 72
272, 73
272, 74
272, 75
272, 76
272, 77
272, 78
272, 79
272, 80
272, 81
272, 82
272, 83
272, 84
272, 85
272, 86
272, 87
272, 88
272, 89
272, 90
272, 91
272, 92
272, 93
272, 94
272, 95
272, 96
272, 97
272, 98
272, 99
272, 100
272, 101
272, 102
272, 103
272, 104
272, 105
272, 106
272, 107
272, 108
272, 109
272, 110
272, 111
272, 112
272, 113
272, 114
272, 115
272, 116
272, 117
272, 118
272, 119
272, 120
272, 121
272, 122
272, 123
273, 26
273, 27
273, 28
273, 29
273, 30
273, 31
273, 32
273, 33
273, 34
273, 35
273, 36
273, 37
273, 38
273, 39
273, 40
273, 41
273, 42
273, 43
273, 44
273, 45
273, 46
273, 47
273, 48
273, 49
273, 50
273, 51
273, 52
273, 53
273, 54
273, 55
273, 56
273, 57
273, 58
273, 59
273, 60
273, 61
273, 62
273, 63
273, 64
273, 65
273, 66
273, 67
273, 68
273, 69
273, 70
273, 71
273, 72
273, 73
273, 74
273, 75
273, 76
273, 77
273, 78
273, 79
273, 80
273, 81
273, 82
273, 83
273, 84
273, 85
273, 86
273, 87
273, 88
273, 89
273, 90
273, 91
273, 92
273, 93
273, 94
273, 95
273, 96
273, 97
273, 98
273, 99
273, 100
273, 101
273, 102
273, 103
273, 104
273, 105
273, 106
273, 107
273, 108
273, 109
273, 110
273, 111
273, 112
273, 113
273, 114
273, 115
273, 116
273, 117
273, 118
273, 119
273, 120
273, 121
273, 122
273, 123
274, 26
274, 27
274, 28
274, 29
274, 30
274, 31
274, 32
274, 33
274, 34
274, 35
274, 36
274, 37
274, 38
274, 39
274, 40
274, 41
274, 42
274, 43
274, 44
274, 45
274, 46
274, 47
274, 48
274, 49
274, 50
274, 51
274, 52
274, 53
274, 54
274, 55
274, 56
274, 57
274, 58
274, 59
274, 60
274, 61
274, 62
274, 63
274, 64
274, 65
274, 66
274, 67
274, 68
274, 69
274, 70
274, 71
274, 72
274, 73
274, 74
274, 75
274, 76
274, 77
274, 78
274, 79
274, 80
274, 81
274, 82
274, 83
274, 84
274, 85
274, 86
274, 87
274, 88
274, 89
274, 90
274, 91
274, 92
274, 93
274, 94
274, 95
274, 96
274, 97
274, 98
274, 99
274, 100
274, 101
274, 102
274, 103
274, 104
274, 105
274, 106
274, 107
274, 108
274, 109
274, 110
274, 111
274, 112
274, 113
274, 114
274, 115
274, 116
274, 117
274, 118
274, 119
274, 120
274, 121
274, 122
274, 123
275, 26
275, 27
275, 28
275, 29
275, 30
275, 31
275, 32
275, 33
275, 34
275, 35
275, 36
275, 37
275, 38
275, 39
275, 40
275, 41
275, 42
275, 43
275, 44
275, 45
275, 46
275, 47
275, 48
275, 49
275, 50
275, 51
275, 52
275, 53
275, 54
275, 55
275, 56
275, 57
275, 58
275, 59
275, 60
275, 61
275, 62
275, 63
275, 64
275, 65
275, 66
275, 67
275, 68
275, 69
275, 70
275, 71
275, 72
275, 73
275, 74
275, 75
275, 76
275, 77
275, 78
275, 79
275, 80
275, 81
275, 82
275, 83
275, 84
275, 85
275, 86
275, 87
275, 88
275, 89
275, 90
275, 91
275, 92
275, 93
275, 94
275, 95
275, 96
275, 97
275, 98
275, 99
275, 100
275, 101
275, 102
275, 103
275, 104
275, 105
275, 106
275, 107
275, 108
275, 109
275, 110
275, 111
275, 112
275, 113
275, 114
275, 115
275, 116
275, 117
275, 118
275, 119
275, 120
275, 121
275, 122
275, 123
276, 26
276, 27
276, 28
276, 29
276, 30
276, 31
276, 32
276, 33
276, 34
276, 35
276, 36
276, 37
276, 38
276, 39
276, 40
276, 41
276, 42
276, 43
276, 44
276, 45
276, 46
276, 47
276, 48
276, 49
276, 50
276, 51
276, 52
276, 53
276, 54
276, 55
276, 56
276, 57
276, 58
276, 59
276, 60
276, 61
276, 62
276, 63
276, 64
276, 65
276, 66
276, 67
276, 68
276, 69
276, 70
276, 71
276, 72
276, 73
276, 74
276, 75
276, 76
276, 77
276, 78
276, 79
276, 80
276, 81
276, 82
276, 83
276, 84
276, 85
276, 86
276, 87
276, 88
276, 89
276, 90
276, 91
276, 92
276, 93
276, 94
276, 95
276, 96
276, 97
276, 98
276, 99
276, 100
276, 101
276, 102
276, 103
276, 104
276, 105
276, 106
276, 107
276, 108
276, 109
276, 110
276, 111
276, 112
276, 113
276, 114
276, 115
276, 116
276, 117
276, 118
276, 119
276, 120
276, 121
276, 122
276, 123
277, 26
277, 27
277, 28
277, 29
277, 30
277, 31
277, 32
277, 33
277, 34
277, 35
277, 36
277, 37
277, 38
277, 39
277, 40
277, 41
277, 42
277, 43
277, 44
277, 45
277, 46
277, 47
277, 48
277, 49
277, 50
277, 51
277, 52
277, 53
277, 54
277, 55
277, 56
277, 57
277, 58
277, 59
277, 60
277, 61
277, 62
277, 63
277, 64
277, 65
277, 66
277, 67
277, 68
277, 69
277, 70
277, 71
277, 72
277, 73
277, 74
277, 75
277, 76
277, 77
277, 78
277, 79
277, 80
277, 81
277, 82
277, 83
277, 84
277, 85
277, 86
277, 87
277, 88
277, 89
277, 90
277, 91
277, 92
277, 93
277, 94
277, 95
277, 96
277, 97
277, 98
277, 99
277, 100
277, 101
277, 102
277, 103
277, 104
277, 105
277, 106
277, 107
277, 108
277, 109
277, 110
277, 111
277, 112
277, 113
277, 114
277, 115
277, 116
277, 117
277, 118
277, 119
277, 120
277, 121
277, 122
277, 123
278, 26
278, 27
278, 28
278, 29
278, 30
278, 31
278, 32
278, 33
278, 34
278, 35
278, 36
278, 37
278, 38
278, 39
278, 40
278, 41
278, 42
278, 43
278, 44
278, 45
278, 46
278, 47
278, 48
278, 49
278, 50
278, 51
278, 52
278, 53
278, 54
278, 55
278, 56
278, 57
278, 58
278, 59
278, 60
278, 61
278, 62
278, 63
278, 64
278, 65
278, 66
278, 67
278, 68
278, 69
278, 70
278, 71
278, 72
278, 73
278, 74
278, 75
278, 76
278, 77
278, 78
278, 79
278, 80
278, 81
278, 82
278, 83
278, 84
278, 85
278, 86
278, 87
278, 88
278, 89
278, 90
278, 91
278, 92
278, 93
278, 94
278, 95
278, 96
278, 97
278, 98
278, 99
278, 100
278, 101
278, 102
278, 103
278, 104
278, 105
278, 106
278, 107
278, 108
278, 109
278, 110
278, 111
278, 112
278, 113
278, 114
278, 115
278, 116
278, 117
278, 118
278, 119
278, 120
278, 121
278, 122
278, 123
279, 26
279, 27
279, 28
279, 29
279, 30
279, 31
279, 32
279, 33
279, 34
279, 35
279, 36
279, 37
279, 38
279, 39
279, 40
279, 41
279, 42
279, 43
279, 44
279, 45
279, 46
279, 47
279, 48
279, 49
279, 50
279, 51
279, 52
279, 53
279, 54
279, 55
279, 56
279, 57
279, 58
279, 59
279, 60
279, 61
279, 62
279, 63
279, 64
279, 65
279, 66
279, 67
279, 68
279, 69
279, 70
279, 71
279, 72
279, 73
279, 74
279, 75
279, 76
279, 77
279, 78
279, 79
279, 80
279, 81
279, 82
279, 83
279, 84
279, 85
279, 86
279, 87
279, 88
279, 89
279, 90
279, 91
279, 92
279, 93
279, 94
279, 95
279, 96
279, 97
279, 98
279, 99
279, 100
279, 101
279, 102
279, 103
279, 104
279, 105
279, 106
279, 107
279, 108
279, 109
279, 110
279, 111
279, 112
279, 113
279, 114
279, 115
279, 116
279, 117
279, 118
279, 119
279, 120
279, 121
279, 122
279, 123
280, 26
280, 27
280, 28
280, 29
280, 30
280, 31
280, 32
280, 33
280, 34
280, 35
280, 36
280, 37
280, 38
280, 39
280, 40
280, 41
280, 42
280, 43
280, 44
280, 45
280, 46
280, 47
280, 48
280, 49
280, 50
280, 51
280, 52
280, 53
280, 54
280, 55
280, 56
280, 57
280, 58
280, 59
280, 60
280, 61
280, 62
280, 63
280, 64
280, 65
280, 66
280, 67
280, 68
280, 69
280, 70
280, 71
280, 72
280, 73
280, 74
280, 75
280, 76
280, 77
280, 78
280, 79
280, 80
280, 81
280, 82
280, 83
280, 84
280, 85
280, 86
280, 87
280, 88
280, 89
280, 90
280, 91
280, 92
280, 93
280, 94
280, 95
280, 96
280, 97
280, 98
280, 99
280, 100
280, 101
280, 102
280, 103
280, 104
280, 105
280, 106
280, 107
280, 108
280, 109
280, 110
280, 111
280, 112
280, 113
280, 114
280, 115
280, 116
280, 117
280, 118
280, 119
280, 120
280, 121
280, 122
280, 123
281, 26
281, 27
281, 28
281, 29
281, 30
281, 31
281, 32
281, 33
281, 34
281, 35
281, 36
281, 37
281, 38
281, 39
281, 40
281, 41
281, 42
281, 43
281, 44
281, 45
281, 46
281, 47
281, 48
281, 49
281, 50
281, 51
281, 52
281, 53
281, 54
281, 55
281, 56
281, 57
281, 58
281, 59
281, 60
281, 61
281, 62
281, 63
281, 64
281, 65
281, 66
281, 67
281, 68
281, 69
281, 70
281, 71
281, 72
281, 73
281, 74
281, 75
281, 76
281, 77
281, 78
281, 79
281, 80
281, 81
281, 82
281, 83
281, 84
281, 85
281, 86
281, 87
281, 88
281, 89
281, 90
281, 91
281, 92
281, 93
281, 94
281, 95
281, 96
281, 97
281, 98
281, 99
281, 100
281, 101
281, 102
281, 103
281, 104
281, 105
281, 106
281, 107
281, 108
281, 109
281, 110
281, 111
281, 112
281, 113
281, 114
281, 115
281, 116
281, 117
281, 118
281, 119
281, 120
281, 121
281, 122
281, 123
282, 26
282, 27
282, 28
282, 29
282, 30
282, 31
282, 32
282, 33
282, 34
282, 35
282, 36
282, 37
282, 38
282, 39
282, 40
282, 41
282, 42
282, 43
282, 44
282, 45
282, 46
282, 47
282, 48
282, 49
282, 50
282, 51
282, 52
282, 53
282, 54
282, 55
282, 56
282, 57
282, 58
282, 59
282, 60
282, 61
282, 62
282, 63
282, 64
282, 65
282, 66
282, 67
282, 68
282, 69
282, 70
282, 71
282, 72
282, 73
282, 74
282, 75
282, 76
282, 77
282, 78
282, 79
282, 80
282, 81
282, 82
282, 83
282, 84
282, 85
282, 86
282, 87
282, 88
282, 89
282, 90
282, 91
282, 92
282, 93
282, 94
282, 95
282, 96
282, 97
282, 98
282, 99
282, 100
282, 101
282, 102
282, 103
282, 104
282, 105
282, 106
282, 107
282, 108
282, 109
282, 110
282, 111
282, 112
282, 113
282, 114
282, 115
282, 116
282, 117
282, 118
282, 119
282, 120
282, 121
282, 122
283, 26
283, 27
283, 28
283, 29
283, 30
283, 31
283, 32
283, 33
283, 34
283, 35
283, 36
283, 37
283, 38
283, 39
283, 40
283, 41
283, 42
283, 43
283, 44
283, 45
283, 46
283, 47
283, 48
283, 49
283, 50
283, 51
283, 52
283, 53
283, 54
283, 55
283, 56
283, 57
283, 58
283, 59
283, 60
283, 61
283, 62
283, 63
283, 64
283, 65
283, 66
283, 67
283, 68
283, 69
283, 70
283, 71
283, 72
283, 73
283, 74
283, 75
283, 76
283, 77
283, 78
283, 79
283, 80
283, 81
283, 82
283, 83
283, 84
283, 85
283, 86
283, 87
283, 88
283, 89
283, 90
283, 91
283, 92
283, 93
283, 94
283, 95
283, 96
283, 97
283, 98
283, 99
283, 100
283, 101
283, 102
283, 103
283, 104
283, 105
283, 106
283, 107
283, 108
283, 109
283, 110
283, 111
283, 112
283, 113
283, 114
283, 115
283, 116
283, 117
283, 118
283, 119
283, 120
283, 121
283, 122
284, 26
284, 27
284, 28
284, 29
284, 30
284, 31
284, 32
284, 33
284, 34
284, 35
284, 36
284, 37
284, 38
284, 39
284, 40
284, 41
284, 42
284, 43
284, 44
284, 45
284, 46
284, 47
284, 48
284, 49
284, 50
284, 51
284, 52
284, 53
284, 54
284, 55
284, 56
284, 57
284, 58
284, 59
284, 60
284, 61
284, 62
284, 63
284, 64
284, 65
284, 66
284, 67
284, 68
284, 69
284, 70
284, 71
284, 72
284, 73
284, 74
284, 75
284, 76
284, 77
284, 78
284, 79
284, 80
284, 81
284, 82
284, 83
284, 84
284, 85
284, 86
284, 87
284, 88
284, 89
284, 90
284, 91
284, 92
284, 93
284, 94
284, 95
284, 96
284, 97
284, 98
284, 99
284, 100
284, 101
284, 102
284, 103
284, 104
284, 105
284, 106
284, 107
284, 108
284, 109
284, 110
284, 111
284, 112
284, 113
284, 114
284, 115
284, 116
284, 117
284, 118
284, 119
284, 120
284, 121
285, 26
285, 27
285, 28
285, 29
285, 30
285, 31
285, 32
285, 33
285, 34
285, 35
285, 36
285, 37
285, 38
285, 39
285, 40
285, 41
285, 42
285, 43
285, 44
285, 45
285, 46
285, 47
285, 48
285, 49
285, 50
285, 51
285, 52
285, 53
285, 54
285, 55
285, 56
285, 57
285, 58
285, 59
285, 60
285, 61
285, 62
285, 63
285, 64
285, 65
285, 66
285, 67
285, 68
285, 69
285, 70
285, 71
285, 72
285, 73
285, 74
285, 75
285, 76
285, 77
285, 78
285, 79
285, 80
285, 81
285, 82
285, 83
285, 84
285, 85
285, 86
285, 87
285, 88
285, 89
285, 90
285, 91
285, 92
285, 93
285, 94
285, 95
285, 96
285, 97
285, 98
285, 99
285, 100
285, 101
285, 102
285, 103
285, 104
285, 105
285, 106
285, 107
285, 108
285, 109
285, 110
285, 111
285, 112
285, 113
285, 114
285, 115
285, 116
285, 117
285, 118
285, 119
285, 120
285, 121
286, 26
286, 27
286, 28
286, 29
286, 30
286, 31
286, 32
286, 33
286, 34
286, 35
286, 36
286, 37
286, 38
286, 39
286, 40
286, 41
286, 42
286, 43
286, 44
286, 45
286, 46
286, 47
286, 48
286, 49
286, 50
286, 51
286, 52
286, 53
286, 54
286, 55
286, 56
286, 57
286, 58
286, 59
286, 60
286, 61
286, 62
286, 63
286, 64
286, 65
286, 66
286, 67
286, 68
286, 69
286, 70
286, 71
286, 72
286, 73
286, 74
286, 75
286, 76
286, 77
286, 78
286, 79
286, 80
286, 81
286, 82
286, 83
286, 84
286, 85
286, 86
286, 87
286, 88
286, 89
286, 90
286, 91
286, 92
286, 93
286, 94
286, 95
286, 96
286, 97
286, 98
286, 99
286, 100
286, 101
286, 102
286, 103
286, 104
286, 105
286, 106
286, 107
286, 108
286, 109
286, 110
286, 111
286, 112
286, 113
286, 114
286, 115
286, 116
286, 117
286, 118
286, 119
286, 120
287, 26
287, 27
287, 28
287, 29
287, 30
287, 31
287, 32
287, 33
287, 34
287, 35
287, 36
287, 37
287, 38
287, 39
287, 40
287, 41
287, 42
287, 43
287, 44
287, 45
287, 46
287, 47
287, 48
287, 49
287, 50
287, 51
287, 52
287, 53
287, 54
287, 55
287, 56
287, 57
287, 58
287, 59
287, 60
287, 61
287, 62
287, 63
287, 64
287, 65
287, 66
287, 67
287, 68
287, 69
287, 70
287, 71
287, 72
287, 73
287, 74
287, 75
287, 76
287, 77
287, 78
287, 79
287, 80
287, 81
287, 82
287, 83
287, 84
287, 85
287, 86
287, 87
287, 88
287, 89
287, 90
287, 91
287, 92
287, 93
287, 94
287, 95
287, 96
287, 97
287, 98
287, 99
287, 100
287, 101
287, 102
287, 103
287, 104
287, 105
287, 106
287, 107
287, 108
287, 109
287, 110
287, 111
287, 112
287, 113
287, 114
287, 115
287, 116
287, 117
287, 118
287, 119
288, 26
288, 27
288, 28
288, 29
288, 30
288, 31
288, 32
288, 33
288, 34
288, 35
288, 36
288, 37
288, 38
288, 39
288, 40
288, 41
288, 42
288, 43
288, 44
288, 45
288, 46
288, 47
288, 48
288, 49
288, 50
288, 51
288, 52
288, 53
288, 54
288, 55
288, 56
288, 57
288, 58
288, 59
288, 60
288, 61
288, 62
288, 63
288, 64
288, 65
288, 66
288, 67
288, 68
288, 69
288, 70
288, 71
288, 72
288, 73
288, 74
288, 75
288, 76
288, 77
288, 78
288, 79
288, 80
288, 81
288, 82
288, 83
288, 84
288, 85
288, 86
288, 87
288, 88
288, 89
288, 90
288, 91
288, 92
288, 93
288, 94
288, 95
288, 96
288, 97
288, 98
288, 99
288, 100
288, 101
288, 102
288, 103
288, 104
288, 105
288, 106
288, 107
288, 108
288, 109
288, 110
288, 111
288, 112
288, 113
288, 114
288, 115
288, 116
288, 117
289, 26
289, 27
289, 28
289, 29
289, 30
289, 31
289, 32
289, 33
289, 34
289, 35
289, 36
289, 37
289, 38
289, 39
289, 40
289, 41
289, 42
289, 43
289, 44
289, 45
289, 46
289, 47
289, 48
289, 49
289, 50
289, 51
289, 52
289, 53
289, 54
289, 55
289, 56
289, 57
289, 58
289, 59
289, 60
289, 61
289, 62
289, 63
289, 64
289, 65
289, 66
289, 67
289, 68
289, 69
289, 70
289, 71
289, 72
289, 73
289, 74
289, 75
289, 76
289, 77
289, 78
289, 79
289, 80
289, 81
289, 82
289, 83
289, 84
289, 85
289, 86
289, 87
289, 88
289, 89
289, 90
289, 91
289, 92
289, 93
289, 94
289, 95
289, 96
289, 97
289, 98
289, 99
289, 100
289, 101
289, 102
289, 103
289, 104
289, 105
289, 106
289, 107
289, 108
289, 109
289, 110
289, 111
289, 112
289, 113
289, 114
289, 115
290, 26
290, 27
290, 28
290, 29
290, 30
290, 31
290, 32
290, 33
290, 34
290, 35
290, 36
290, 37
290, 38
290, 39
290, 40
290, 41
290, 42
290, 43
290, 44
290, 45
290, 46
290, 47
290, 48
290, 49
290, 50
290, 51
290, 52
290, 53
290, 54
290, 55
290, 56
290, 57
290, 58
290, 59
290, 60
290, 61
290, 62
290, 63
290, 64
290, 65
290, 66
290, 67
290, 68
290, 69
290, 70
290, 71
290, 72
290, 73
290, 74
290, 75
290, 76
290, 77
290, 78
290, 79
290, 80
290, 81
290, 82
290, 83
290, 84
290, 85
290, 86
290, 87
290, 88
290, 89
290, 90
290, 91
290, 92
290, 93
290, 94
290, 95
290, 96
290, 97
290, 98
290, 99
290, 100
290, 101
290, 102
290, 103
290, 104
290, 105
290, 106
290, 107
290, 108
290, 109
290, 110
290, 111
290, 112
290, 113
290, 114
290, 115
291, 26
291, 27
291, 28
291, 29
291, 30
291, 31
291, 32
291, 33
291, 34
291, 35
291, 36
291, 37
291, 38
291, 39
291, 40
291, 41
291, 42
291, 43
291, 44
291, 45
291, 46
291, 47
291, 48
291, 49
291, 50
291, 51
291, 52
291, 53
291, 54
291, 55
291, 56
291, 57
291, 58
291, 59
291, 60
291, 61
291, 62
291, 63
291, 64
291, 65
291, 66
291, 67
291, 68
291, 69
291, 70
291, 71
291, 72
291, 73
291, 74
291, 75
291, 76
291, 77
291, 78
291, 79
291, 80
291, 81
291, 82
291, 83
291, 84
291, 85
291, 86
291, 87
291, 88
291, 89
291, 90
291, 91
291, 92
291, 93
291, 94
291, 95
291, 96
291, 97
291, 98
291, 99
291, 100
291, 101
291, 102
291, 103
291, 104
291, 105
291, 106
291, 107
291, 108
291, 109
291, 110
291, 111
291, 112
291, 113
291, 114
292, 26
292, 27
292, 28
292, 29
292, 30
292, 31
292, 32
292, 33
292, 34
292, 35
292, 36
292, 37
292, 38
292, 39
292, 40
292, 41
292, 42
292, 43
292, 44
292, 45
292, 46
292, 47
292, 48
292, 49
292, 50
292, 51
292, 52
292, 53
292, 54
292, 55
292, 56
292, 57
292, 58
292, 59
292, 60
292, 61
292, 62
292, 63
292, 64
292, 65
292, 66
292, 67
292, 68
292, 69
292, 70
292, 71
292, 72
292, 73
292, 74
292, 75
292, 76
292, 77
292, 78
292, 79
292, 80
292, 81
292, 82
292, 83
292, 84
292, 85
292, 86
292, 87
292, 88
292, 89
292, 90
292, 91
292, 92
292, 93
292, 94
292, 95
292, 96
292, 97
292, 98
292, 99
292, 100
292, 101
292, 102
292, 103
292, 104
292, 105
292, 106
292, 107
292, 108
292, 109
292, 110
292, 111
292, 112
293, 26
293, 27
293, 28
293, 29
293, 30
293, 31
293, 32
293, 33
293, 34
293, 35
293, 36
293, 37
293, 38
293, 39
293, 40
293, 41
293, 42
293, 43
293, 44
293, 45
293, 46
293, 47
293, 48
293, 49
293, 50
293, 51
293, 52
293, 53
293, 54
293, 55
293, 56
293, 57
293, 58
293, 59
293, 60
293, 61
293, 62
293, 63
293, 64
293, 65
293, 66
293, 67
293, 68
293, 69
293, 70
293, 71
293, 72
293, 73
293, 74
293, 75
293, 76
293, 77
293, 78
293, 79
293, 80
293, 81
293, 82
293, 83
293, 84
293, 85
293, 86
293, 87
293, 88
293, 89
293, 90
293, 91
293, 92
293, 93
293, 94
293, 95
293, 96
293, 97
293, 98
293, 99
293, 100
293, 101
293, 102
293, 103
293, 104
293, 105
293, 106
293, 107
293, 108
293, 109
293, 110
294, 26
294, 27
294, 28
294, 29
294, 30
294, 31
294, 32
294, 33
294, 34
294, 35
294, 36
294, 37
294, 38
294, 39
294, 40
294, 41
294, 42
294, 43
294, 44
294, 45
294, 46
294, 47
294, 48
294, 49
294, 50
294, 51
294, 52
294, 53
294, 54
294, 55
294, 56
294, 57
294, 58
294, 59
294, 60
294, 61
294, 62
294, 63
294, 64
294, 65
294, 66
294, 67
294, 68
294, 69
294, 70
294, 71
294, 72
294, 73
294, 74
294, 75
294, 76
294, 77
294, 78
294, 79
294, 80
294, 81
294, 82
294, 83
294, 84
294, 85
294, 86
294, 87
294, 88
294, 89
294, 90
294, 91
294, 92
294, 93
294, 94
294, 95
294, 96
294, 97
294, 98
294, 99
294, 100
294, 101
294, 102
294, 103
294, 104
294, 105
294, 106
294, 107
294, 108
295, 26
295, 27
295, 28
295, 29
295, 30
295, 31
295, 32
295, 33
295, 34
295, 35
295, 36
295, 37
295, 38
295, 39
295, 40
295, 41
295, 42
295, 43
295, 44
295, 45
295, 46
295, 47
295, 48
295, 49
295, 50
295, 51
295, 52
295, 53
295, 54
295, 55
295, 56
295, 57
295, 58
295, 59
295, 60
295, 61
295, 62
295, 63
295, 64
295, 65
295, 66
295, 67
295, 68
295, 69
295, 70
295, 71
295, 72
295, 73
295, 74
295, 75
295, 76
295, 77
295, 78
295, 79
295, 80
295, 81
295, 82
295, 83
295, 84
295, 85
295, 86
295, 87
295, 88
295, 89
295, 90
295, 91
295, 92
295, 93
295, 94
295, 95
295, 96
295, 97
295, 98
295, 99
295, 100
295, 101
295, 102
295, 103
295, 104
295, 105
295, 106
295, 107
296, 27
296, 28
296, 29
296, 30
296, 31
296, 32
296, 33
296, 34
296, 35
296, 36
296, 37
296, 38
296, 39
296, 40
296, 41
296, 42
296, 43
296, 44
296, 45
296, 46
296, 47
296, 48
296, 49
296, 50
296, 51
296, 52
296, 53
296, 54
296, 55
296, 56
296, 57
296, 58
296, 59
296, 60
296, 61
296, 62
296, 63
296, 64
296, 65
296, 66
296, 67
296, 68
296, 69
296, 70
296, 71
296, 72
296, 73
296, 74
296, 75
296, 76
296, 77
296, 78
296, 79
296, 80
296, 81
296, 82
296, 83
296, 84
296, 85
296, 86
296, 87
296, 88
296, 89
296, 90
296, 91
296, 92
296, 93
296, 94
296, 95
296, 96
296, 97
296, 98
296, 99
296, 100
296, 101
296, 104
296, 105
296, 106
297, 30
297, 31
297, 32
297, 33
297, 34
297, 35
297, 36
297, 37
297, 38
297, 39
297, 40
297, 41
297, 42
297, 43
297, 44
297, 45
297, 46
297, 47
297, 48
297, 49
297, 50
297, 51
297, 52
297, 53
297, 54
297, 55
297, 56
297, 57
297, 58
297, 59
297, 60
297, 61
297, 62
297, 63
297, 64
297, 65
297, 66
297, 67
297, 68
297, 69
297, 70
297, 71
297, 72
297, 73
297, 74
297, 75
297, 76
297, 77
297, 78
297, 79
297, 80
297, 81
297, 82
297, 83
297, 84
297, 85
297, 86
297, 87
297, 88
297, 89
297, 90
297, 91
297, 92
297, 93
297, 94
297, 97
297, 98
298, 31
298, 32
298, 33
298, 34
298, 35
298, 36
298, 37
298, 38
298, 39
298, 40
298, 41
298, 42
298, 43
298, 44
298, 45
298, 46
298, 47
298, 48
298, 49
298, 50
298, 51
298, 52
298, 53
298, 54
298, 55
298, 56
298, 57
298, 58
298, 59
298, 60
298, 61
298, 62
298, 63
298, 64
298, 65
298, 66
298, 67
298, 68
298, 69
298, 70
298, 71
298, 72
298, 73
298, 74
298, 75
298, 76
298, 77
298, 78
298, 79
298, 80
298, 81
298, 82
298, 83
298, 84
298, 85
298, 86
298, 87
298, 88
298, 89
298, 90
298, 91
298, 92
298, 93
299, 32
299, 33
299, 34
299, 35
299, 36
299, 37
299, 38
299, 39
299, 40
299, 41
299, 42
299, 43
299, 44
299, 45
299, 46
299, 47
299, 48
299, 49
299, 50
299, 51
299, 52
299, 53
299, 54
299, 55
299, 56
299, 57
299, 58
299, 59
299, 60
299, 61
299, 62
299, 63
299, 64
299, 65
299, 66
299, 67
299, 68
299, 69
299, 70
299, 71
299, 72
299, 73
299, 74
299, 75
299, 76
299, 77
299, 78
299, 79
299, 80
299, 81
299, 82
299, 83
299, 84
299, 85
299, 86
299, 87
299, 88
299, 89
299, 90
299, 91
299, 92
300, 33
300, 34
300, 35
300, 36
300, 37
300, 38
300, 39
300, 40
300, 41
300, 42
300, 43
300, 44
300, 45
300, 46
300, 47
300, 48
300, 49
300, 50
300, 51
300, 52
300, 53
300, 54
300, 55
300, 56
300, 57
300, 58
300, 59
300, 60
300, 61
300, 62
300, 63
300, 64
300, 65
300, 66
300, 67
300, 68
300, 69
300, 70
300, 71
300, 72
300, 73
300, 74
300, 75
300, 76
300, 77
300, 78
300, 79
300, 80
300, 81
300, 82
300, 83
300, 84
300, 85
300, 86
300, 87
300, 88
300, 89
300, 90
300, 91
301, 34
301, 35
301, 36
301, 37
301, 38
301, 39
301, 40
301, 41
301, 42
301, 43
301, 44
301, 45
301, 46
301, 47
301, 48
301, 49
301, 50
301, 51
301, 52
301, 53
301, 54
301, 55
301, 56
301, 57
301, 58
301, 59
301, 60
301, 61
301, 62
301, 63
301, 64
301, 65
301, 66
301, 67
301, 68
301, 69
301, 70
301, 71
301, 72
301, 73
301, 74
301, 75
301, 76
301, 77
301, 78
301, 79
301, 80
301, 81
301, 82
301, 83
301, 84
301, 85
301, 86
301, 87
301, 88
301, 89
301, 90
301, 91
302, 34
302, 35
302, 36
302, 37
302, 38
302, 39
302, 40
302, 41
302, 42
302, 43
302, 44
302, 45
302, 46
302, 47
302, 48
302, 49
302, 50
302, 51
302, 52
302, 53
302, 54
302, 55
302, 56
302, 57
302, 58
302, 59
302, 60
302, 61
302, 62
302, 63
302, 64
302, 65
302, 66
302, 67
302, 68
302, 69
302, 70
302, 71
302, 72
302, 73
302, 74
302, 75
302, 76
302, 77
302, 78
302, 79
302, 80
302, 81
302, 82
302, 83
302, 84
302, 85
302, 86
302, 87
302, 88
302, 89
302, 90
302, 91
303, 35
303, 36
303, 37
303, 38
303, 39
303, 40
303, 41
303, 42
303, 43
303, 44
303, 45
303, 46
303, 47
303, 48
303, 49
303, 50
303, 51
303, 52
303, 53
303, 54
303, 55
303, 56
303, 57
303, 58
303, 59
303, 60
303, 61
303, 62
303, 63
303, 64
303, 65
303, 66
303, 67
303, 68
303, 69
303, 70
303, 71
303, 72
303, 73
303, 74
303, 75
303, 76
303, 77
303, 78
303, 79
303, 80
303, 81
303, 82
303, 83
303, 84
303, 85
303, 86
303, 87
303, 88
303, 89
303, 90
304, 36
304, 37
304, 38
304, 39
304, 40
304, 41
304, 42
304, 43
304, 44
304, 45
304, 46
304, 47
304, 48
304, 49
304, 50
304, 51
304, 52
304, 53
304, 54
304, 55
304, 56
304, 57
304, 58
304, 59
304, 60
304, 61
304, 62
304, 63
304, 64
304, 65
304, 66
304, 67
304, 68
304, 69
304, 70
304, 71
304, 72
304, 73
304, 74
304, 75
304, 76
304, 77
304, 78
304, 79
304, 80
304, 81
304, 82
304, 83
304, 84
304, 85
304, 86
304, 87
304, 88
304, 89
304, 90
305, 37
305, 38
305, 39
305, 40
305, 41
305, 42
305, 43
305, 44
305, 45
305, 46
305, 47
305, 48
305, 49
305, 50
305, 51
305, 52
305, 53
305, 54
305, 55
305, 56
305, 57
305, 58
305, 59
305, 60
305, 61
305, 62
305, 63
305, 64
305, 65
305, 66
305, 67
305, 68
305, 69
305, 70
305, 71
305, 72
305, 73
305, 74
305, 75
305, 76
305, 77
305, 78
305, 79
305, 80
305, 81
305, 82
305, 83
305, 84
305, 85
305, 86
305, 87
305, 88
305, 89
305, 90
306, 39
306, 40
306, 41
306, 42
306, 43
306, 44
306, 45
306, 46
306, 47
306, 48
306, 49
306, 50
306, 51
306, 52
306, 53
306, 54
306, 55
306, 56
306, 57
306, 58
306, 59
306, 60
306, 61
306, 62
306, 63
306, 64
306, 65
306, 66
306, 67
306, 68
306, 69
306, 70
306, 71
306, 72
306, 73
306, 74
306, 75
306, 76
306, 77
306, 78
306, 79
306, 80
306, 81
306, 82
306, 83
306, 84
306, 85
306, 86
306, 87
306, 88
306, 89
306, 90
307, 41
307, 42
307, 43
307, 44
307, 45
307, 46
307, 47
307, 48
307, 49
307, 50
307, 51
307, 52
307, 53
307, 54
307, 55
307, 56
307, 57
307, 58
307, 59
307, 60
307, 61
307, 62
307, 63
307, 64
307, 65
307, 66
307, 67
307, 68
307, 69
307, 70
307, 71
307, 72
307, 73
307, 74
307, 75
307, 76
307, 77
307, 78
307, 79
307, 80
307, 81
307, 82
307, 83
307, 84
307, 85
307, 86
307, 87
307, 88
307, 89
307, 90
308, 43
308, 44
308, 45
308, 46
308, 47
308, 48
308, 49
308, 50
308, 51
308, 52
308, 53
308, 54
308, 55
308, 56
308, 57
308, 58
308, 59
308, 60
308, 61
308, 62
308, 63
308, 64
308, 65
308, 66
308, 67
308, 68
308, 69
308, 70
308, 71
308, 72
308, 73
308, 74
308, 75
308, 76
308, 77
308, 78
308, 79
308, 80
308, 81
308, 82
308, 83
308, 84
308, 85
308, 86
308, 87
308, 88
308, 89
309, 45
309, 46
309, 47
309, 48
309, 49
309, 50
309, 51
309, 52
309, 53
309, 54
309, 55
309, 56
309, 57
309, 58
309, 59
309, 60
309, 61
309, 62
309, 63
309, 64
309, 65
309, 66
309, 67
309, 68
309, 69
309, 70
309, 71
309, 72
309, 73
309, 74
309, 75
309, 76
309, 77
309, 78
309, 79
309, 80
309, 81
309, 82
309, 83
309, 84
309, 85
309, 86
309, 87
309, 88
309, 89
310, 49
310, 50
310, 51
310, 52
310, 53
310, 54
310, 55
310, 56
310, 57
310, 58
310, 59
310, 60
310, 61
310, 62
310, 63
310, 64
310, 65
310, 66
310, 67
310, 68
310, 69
310, 70
310, 71
310, 72
310, 73
310, 74
310, 75
310, 76
310, 77
310, 78
310, 79
310, 80
310, 81
310, 82
310, 83
310, 84
310, 85
310, 86
310, 87
310, 88
310, 89
311, 51
311, 52
311, 53
311, 54
311, 55
311, 56
311, 57
311, 58
311, 59
311, 60
311, 61
311, 62
311, 63
311, 64
311, 65
311, 66
311, 67
311, 68
311, 69
311, 70
311, 71
311, 72
311, 73
311, 74
311, 75
311, 76
311, 77
311, 78
311, 79
311, 80
311, 81
311, 82
311, 83
311, 84
311, 85
311, 86
311, 87
311, 88
311, 89
312, 52
312, 53
312, 54
312, 55
312, 56
312, 57
312, 58
312, 59
312, 60
312, 61
312, 62
312, 63
312, 64
312, 65
312, 66
312, 67
312, 68
312, 69
312, 70
312, 71
312, 72
312, 73
312, 74
312, 75
312, 76
312, 77
312, 78
312, 79
312, 80
312, 81
312, 82
312, 83
312, 84
312, 85
312, 86
312, 87
312, 88
312, 89
313, 54
313, 55
313, 56
313, 57
313, 58
313, 59
313, 60
313, 61
313, 62
313, 63
313, 64
313, 65
313, 66
313, 67
313, 68
313, 69
313, 70
313, 71
313, 72
313, 73
313, 74
313, 75
313, 76
313, 77
313, 78
313, 79
313, 80
313, 81
313, 82
313, 83
313, 84
313, 85
313, 86
313, 87
313, 88
313, 89
314, 54
314, 55
314, 56
314, 57
314, 58
314, 59
314, 60
314, 61
314, 62
314, 63
314, 64
314, 65
314, 66
314, 67
314, 68
314, 69
314, 70
314, 71
314, 72
314, 73
314, 74
314, 75
314, 76
314, 77
314, 78
314, 79
314, 80
314, 81
314, 82
314, 83
314, 84
314, 85
314, 86
314, 87
314, 88
314, 89
315, 53
315, 54
315, 55
315, 56
315, 57
315, 58
315, 59
315, 60
315, 61
315, 62
315, 63
315, 64
315, 65
315, 66
315, 67
315, 68
315, 69
315, 70
315, 71
315, 72
315, 73
315, 74
315, 75
315, 76
315, 77
315, 78
315, 79
315, 80
315, 81
315, 82
315, 83
315, 84
315, 85
315, 86
315, 87
315, 88
315, 89
316, 53
316, 54
316, 55
316, 56
316, 57
316, 58
316, 59
316, 60
316, 61
316, 62
316, 63
316, 64
316, 65
316, 66
316, 67
316, 68
316, 69
316, 70
316, 71
316, 72
316, 73
316, 74
316, 75
316, 76
316, 77
316, 78
316, 79
316, 80
316, 81
316, 82
316, 83
316, 84
316, 85
316, 86
316, 87
316, 88
316, 89
317, 52
317, 53
317, 54
317, 55
317, 56
317, 57
317, 58
317, 59
317, 60
317, 61
317, 62
317, 63
317, 64
317, 65
317, 66
317, 67
317, 68
317, 69
317, 70
317, 71
317, 72
317, 73
317, 74
317, 75
317, 76
317, 77
317, 78
317, 79
317, 80
317, 81
317, 82
317, 83
317, 84
317, 85
317, 86
317, 87
317, 88
317, 89
318, 51
318, 52
318, 53
318, 54
318, 55
318, 56
318, 57
318, 58
318, 59
318, 60
318, 61
318, 62
318, 63
318, 64
318, 65
318, 66
318, 67
318, 68
318, 69
318, 70
318, 71
318, 72
318, 73
318, 74
318, 75
318, 76
318, 77
318, 78
318, 79
318, 80
318, 81
318, 82
318, 83
318, 84
318, 85
318, 86
318, 87
318, 88
319, 51
319, 52
319, 53
319, 54
319, 55
319, 56
319, 57
319, 58
319, 59
319, 60
319, 61
319, 62
319, 63
319, 64
319, 65
319, 66
319, 67
319, 68
319, 69
319, 70
319, 71
319, 72
319, 73
319, 74
319, 75
319, 76
319, 77
319, 78
319, 79
319, 80
319, 81
319, 82
319, 83
319, 84
319, 85
319, 86
319, 87
319, 88
320, 52
320, 53
320, 54
320, 55
320, 56
320, 57
320, 58
320, 59
320, 60
320, 61
320, 62
320, 63
320, 64
320, 65
320, 66
320, 67
320, 68
320, 69
320, 70
320, 71
320, 72
320, 73
320, 74
320, 75
320, 76
320, 77
320, 78
320, 79
320, 80
320, 81
320, 82
320, 83
320, 84
320, 85
320, 86
320, 87
320, 88
321, 52
321, 53
321, 54
321, 55
321, 56
321, 57
321, 58
321, 59
321, 60
321, 61
321, 62
321, 63
321, 64
321, 65
321, 66
321, 67
321, 68
321, 69
321, 70
321, 71
321, 72
321, 73
321, 74
321, 75
321, 76
321, 77
321, 78
321, 79
321, 80
321, 81
321, 82
321, 83
321, 84
321, 85
321, 86
321, 87
321, 88
322, 52
322, 53
322, 54
322, 55
322, 56
322, 57
322, 58
322, 59
322, 60
322, 61
322, 62
322, 63
322, 64
322, 65
322, 66
322, 67
322, 68
322, 69
322, 70
322, 71
322, 72
322, 73
322, 74
322, 75
322, 76
322, 77
322, 78
322, 79
322, 80
322, 81
322, 82
322, 83
322, 84
322, 85
322, 86
322, 87
322, 88
323, 52
323, 53
323, 54
323, 55
323, 56
323, 57
323, 58
323, 59
323, 60
323, 61
323, 62
323, 63
323, 64
323, 65
323, 66
323, 67
323, 68
323, 69
323, 70
323, 71
323, 72
323, 73
323, 74
323, 75
323, 76
323, 77
323, 78
323, 79
323, 80
323, 81
323, 82
323, 83
323, 84
323, 85
323, 86
323, 87
324, 52
324, 53
324, 54
324, 55
324, 56
324, 57
324, 58
324, 59
324, 60
324, 61
324, 62
324, 63
324, 64
324, 65
324, 66
324, 67
324, 68
324, 69
324, 70
324, 71
324, 72
324, 73
324, 74
324, 75
324, 76
324, 77
324, 78
324, 79
324, 80
324, 81
324, 82
324, 83
324, 84
324, 85
324, 86
324, 87
325, 53
325, 54
325, 55
325, 56
325, 57
325, 58
325, 59
325, 60
325, 61
325, 62
325, 63
325, 64
325, 65
325, 66
325, 67
325, 68
325, 69
325, 70
325, 71
325, 72
325, 73
325, 74
325, 75
325, 76
325, 77
325, 78
325, 79
325, 80
325, 81
325, 82
325, 83
325, 84
325, 85
325, 86
325, 87
326, 53
326, 54
326, 55
326, 56
326, 57
326, 58
326, 59
326, 60
326, 61
326, 62
326, 63
326, 64
326, 65
326, 66
326, 67
326, 68
326, 69
326, 70
326, 71
326, 72
326, 73
326, 74
326, 75
326, 76
326, 77
326, 78
326, 79
326, 80
326, 81
326, 82
326, 83
326, 84
326, 85
326, 86
326, 87
327, 53
327, 54
327, 55
327, 56
327, 57
327, 58
327, 59
327, 60
327, 61
327, 62
327, 63
327, 64
327, 65
327, 66
327, 67
327, 68
327, 69
327, 70
327, 71
327, 72
327, 73
327, 74
327, 75
327, 76
327, 77
327, 78
327, 79
327, 80
327, 81
327, 82
327, 83
327, 84
327, 85
327, 86
327, 87
328, 53
328, 54
328, 55
328, 56
328, 57
328, 58
328, 59
328, 60
328, 61
328, 62
328, 63
328, 64
328, 65
328, 66
328, 67
328, 68
328, 69
328, 70
328, 71
328, 72
328, 73
328, 74
328, 75
328, 76
328, 77
328, 78
328, 79
328, 80
328, 81
328, 82
328, 83
328, 84
328, 85
328, 86
328, 87
329, 53
329, 54
329, 55
329, 56
329, 57
329, 58
329, 59
329, 60
329, 61
329, 62
329, 63
329, 64
329, 65
329, 66
329, 67
329, 68
329, 69
329, 70
329, 71
329, 72
329, 73
329, 74
329, 75
329, 76
329, 77
329, 78
329, 79
329, 80
329, 81
329, 82
329, 83
329, 84
329, 85
329, 86
329, 87
330, 53
330, 54
330, 55
330, 56
330, 57
330, 58
330, 59
330, 60
330, 61
330, 62
330, 63
330, 64
330, 65
330, 66
330, 67
330, 68
330, 69
330, 70
330, 71
330, 72
330, 73
330, 74
330, 75
330, 76
330, 77
330, 78
330, 79
330, 80
330, 81
330, 82
330, 83
330, 84
330, 85
330, 86
330, 87
331, 53
331, 54
331, 55
331, 56
331, 57
331, 58
331, 59
331, 60
331, 61
331, 62
331, 63
331, 64
331, 65
331, 66
331, 67
331, 68
331, 69
331, 70
331, 71
331, 72
331, 73
331, 74
331, 75
331, 76
331, 77
331, 78
331, 79
331, 80
331, 81
331, 82
331, 83
331, 84
331, 85
331, 86
332, 53
332, 54
332, 55
332, 56
332, 57
332, 58
332, 59
332, 60
332, 61
332, 62
332, 63
332, 64
332, 65
332, 66
332, 67
332, 68
332, 69
332, 70
332, 71
332, 72
332, 73
332, 74
332, 75
332, 76
332, 77
332, 78
332, 79
332, 80
332, 81
332, 82
332, 83
332, 84
332, 85
332, 86
333, 53
333, 54
333, 55
333, 56
333, 57
333, 58
333, 59
333, 60
333, 61
333, 62
333, 63
333, 64
333, 65
333, 66
333, 67
333, 68
333, 69
333, 70
333, 71
333, 72
333, 73
333, 74
333, 75
333, 76
333, 77
333, 78
333, 79
333, 80
333, 81
333, 82
333, 83
333, 84
333, 85
333, 86
334, 53
334, 54
334, 55
334, 56
334, 57
334, 58
334, 59
334, 60
334, 61
334, 62
334, 63
334, 64
334, 65
334, 66
334, 67
334, 68
334, 69
334, 70
334, 71
334, 72
334, 73
334, 74
334, 75
334, 76
334, 77
334, 78
334, 79
334, 80
334, 81
334, 82
334, 83
334, 84
334, 85
334, 86
335, 53
335, 54
335, 55
335, 56
335, 57
335, 58
335, 59
335, 60
335, 61
335, 62
335, 63
335, 64
335, 65
335, 66
335, 67
335, 68
335, 69
335, 70
335, 71
335, 72
335, 73
335, 74
335, 75
335, 76
335, 77
335, 78
335, 79
335, 80
335, 81
335, 82
335, 83
335, 84
335, 85
335, 86
335, 87
336, 53
336, 54
336, 55
336, 56
336, 57
336, 58
336, 59
336, 60
336, 61
336, 62
336, 63
336, 64
336, 65
336, 66
336, 67
336, 68
336, 69
336, 70
336, 71
336, 72
336, 73
336, 74
336, 75
336, 76
336, 77
336, 78
336, 79
336, 80
336, 81
336, 82
336, 83
336, 84
336, 85
336, 86
336, 87
337, 53
337, 54
337, 55
337, 56
337, 57
337, 58
337, 59
337, 60
337, 61
337, 62
337, 63
337, 64
337, 65
337, 66
337, 67
337, 68
337, 69
337, 70
337, 71
337, 72
337, 73
337, 74
337, 75
337, 76
337, 77
337, 78
337, 79
337, 80
337, 81
337, 82
337, 83
337, 84
337, 85
337, 86
337, 87
338, 53
338, 54
338, 55
338, 56
338, 57
338, 58
338, 59
338, 60
338, 61
338, 62
338, 63
338, 64
338, 65
338, 66
338, 67
338, 68
338, 69
338, 70
338, 71
338, 72
338, 73
338, 74
338, 75
338, 76
338, 77
338, 78
338, 79
338, 80
338, 81
338, 82
338, 83
338, 84
338, 85
338, 86
338, 87
339, 53
339, 54
339, 55
339, 56
339, 57
339, 58
339, 59
339, 60
339, 61
339, 62
339, 63
339, 64
339, 65
339, 66
339, 67
339, 68
339, 69
339, 70
339, 71
339, 72
339, 73
339, 74
339, 75
339, 76
339, 77
339, 78
339, 79
339, 80
339, 81
339, 82
339, 83
339, 84
339, 85
339, 86
339, 87
340, 53
340, 54
340, 55
340, 56
340, 57
340, 58
340, 59
340, 60
340, 61
340, 62
340, 63
340, 64
340, 65
340, 66
340, 67
340, 68
340, 69
340, 70
340, 71
340, 72
340, 73
340, 74
340, 75
340, 76
340, 77
340, 78
340, 79
340, 80
340, 81
340, 82
340, 83
340, 84
340, 85
340, 86
340, 87
341, 53
341, 54
341, 55
341, 56
341, 57
341, 58
341, 59
341, 60
341, 61
341, 62
341, 63
341, 64
341, 65
341, 66
341, 67
341, 68
341, 69
341, 70
341, 71
341, 72
341, 73
341, 74
341, 75
341, 76
341, 77
341, 78
341, 79
341, 80
341, 81
341, 82
341, 83
341, 84
341, 85
341, 86
341, 87
342, 53
342, 54
342, 55
342, 56
342, 57
342, 58
342, 59
342, 60
342, 61
342, 62
342, 63
342, 64
342, 65
342, 66
342, 67
342, 68
342, 69
342, 70
342, 71
342, 72
342, 73
342, 74
342, 75
342, 76
342, 77
342, 78
342, 79
342, 80
342, 81
342, 82
342, 83
342, 84
342, 85
342, 86
342, 87
343, 53
343, 54
343, 55
343, 56
343, 57
343, 58
343, 59
343, 60
343, 61
343, 62
343, 63
343, 64
343, 65
343, 66
343, 67
343, 68
343, 69
343, 70
343, 71
343, 72
343, 73
343, 74
343, 75
343, 76
343, 77
343, 78
343, 79
343, 80
343, 81
343, 82
343, 83
343, 84
343, 85
343, 86
343, 87
344, 53
344, 54
344, 55
344, 56
344, 57
344, 58
344, 59
344, 60
344, 61
344, 62
344, 63
344, 64
344, 65
344, 66
344, 67
344, 68
344, 69
344, 70
344, 71
344, 72
344, 73
344, 74
344, 75
344, 76
344, 77
344, 78
344, 79
344, 80
344, 81
344, 82
344, 83
344, 84
344, 85
344, 86
344, 87
345, 53
345, 54
345, 55
345, 56
345, 57
345, 58
345, 59
345, 60
345, 61
345, 62
345, 63
345, 64
345, 65
345, 66
345, 67
345, 68
345, 69
345, 70
345, 71
345, 72
345, 73
345, 74
345, 75
345, 76
345, 77
345, 78
345, 79
345, 80
345, 81
345, 82
345, 83
345, 84
345, 85
345, 86
345, 87
346, 53
346, 54
346, 55
346, 56
346, 57
346, 58
346, 59
346, 60
346, 61
346, 62
346, 63
346, 64
346, 65
346, 66
346, 67
346, 68
346, 69
346, 70
346, 71
346, 72
346, 73
346, 74
346, 75
346, 76
346, 77
346, 78
346, 79
346, 80
346, 81
346, 82
346, 83
346, 84
346, 85
346, 86
346, 87
347, 53
347, 54
347, 55
347, 56
347, 57
347, 58
347, 59
347, 60
347, 61
347, 62
347, 63
347, 64
347, 65
347, 66
347, 67
347, 68
347, 69
347, 70
347, 71
347, 72
347, 73
347, 74
347, 75
347, 76
347, 77
347, 78
347, 79
347, 80
347, 81
347, 82
347, 83
347, 84
347, 85
347, 86
347, 87
348, 53
348, 54
348, 55
348, 56
348, 57
348, 58
348, 59
348, 60
348, 61
348, 62
348, 63
348, 64
348, 65
348, 66
348, 67
348, 68
348, 69
348, 70
348, 71
348, 72
348, 73
348, 74
348, 75
348, 76
348, 77
348, 78
348, 79
348, 80
348, 81
348, 82
348, 83
348, 84
348, 85
348, 86
348, 87
349, 54
349, 55
349, 56
349, 57
349, 58
349, 59
349, 60
349, 61
349, 62
349, 63
349, 64
349, 65
349, 66
349, 67
349, 68
349, 69
349, 70
349, 71
349, 72
349, 73
349, 74
349, 75
349, 76
349, 77
349, 78
349, 79
349, 80
349, 81
349, 82
349, 83
349, 84
349, 85
349, 86
349, 87
350, 54
350, 55
350, 56
350, 57
350, 58
350, 59
350, 60
350, 61
350, 62
350, 63
350, 64
350, 65
350, 66
350, 67
350, 68
350, 69
350, 70
350, 71
350, 72
350, 73
350, 74
350, 75
350, 76
350, 77
350, 78
350, 79
350, 80
350, 81
350, 82
350, 83
350, 84
350, 85
350, 86
350, 87
351, 54
351, 55
351, 56
351, 57
351, 58
351, 59
351, 60
351, 61
351, 62
351, 63
351, 64
351, 65
351, 66
351, 67
351, 68
351, 69
351, 70
351, 71
351, 72
351, 73
351, 74
351, 75
351, 76
351, 77
351, 78
351, 79
351, 80
351, 81
351, 82
351, 83
351, 84
351, 85
351, 86
351, 87
352, 54
352, 55
352, 56
352, 57
352, 58
352, 59
352, 60
352, 61
352, 62
352, 63
352, 64
352, 65
352, 66
352, 67
352, 68
352, 69
352, 70
352, 71
352, 72
352, 73
352, 74
352, 75
352, 76
352, 77
352, 78
352, 79
352, 80
352, 81
352, 82
352, 83
352, 84
352, 85
352, 86
352, 87
353, 54
353, 55
353, 56
353, 57
353, 58
353, 59
353, 60
353, 61
353, 62
353, 63
353, 64
353, 65
353, 66
353, 67
353, 68
353, 69
353, 70
353, 71
353, 72
353, 73
353, 74
353, 75
353, 76
353, 77
353, 78
353, 79
353, 80
353, 81
353, 82
353, 83
353, 84
353, 85
353, 86
353, 87
354, 54
354, 55
354, 56
354, 57
354, 58
354, 59
354, 60
354, 61
354, 62
354, 63
354, 64
354, 65
354, 66
354, 67
354, 68
354, 69
354, 70
354, 71
354, 72
354, 73
354, 74
354, 75
354, 76
354, 77
354, 78
354, 79
354, 80
354, 81
354, 82
354, 83
354, 84
354, 85
354, 86
354, 87
355, 54
355, 55
355, 56
355, 57
355, 58
355, 59
355, 60
355, 61
355, 62
355, 63
355, 64
355, 65
355, 66
355, 67
355, 68
355, 69
355, 70
355, 71
355, 72
355, 73
355, 74
355, 75
355, 76
355, 77
355, 78
355, 79
355, 80
355, 81
355, 82
355, 83
355, 84
355, 85
355, 86
355, 87
356, 54
356, 55
356, 56
356, 57
356, 58
356, 59
356, 60
356, 61
356, 62
356, 63
356, 64
356, 65
356, 66
356, 67
356, 68
356, 69
356, 70
356, 71
356, 72
356, 73
356, 74
356, 75
356, 76
356, 77
356, 78
356, 79
356, 80
356, 81
356, 82
356, 83
356, 84
356, 85
356, 86
356, 87
357, 54
357, 55
357, 56
357, 57
357, 58
357, 59
357, 60
357, 61
357, 62
357, 63
357, 64
357, 65
357, 66
357, 67
357, 68
357, 69
357, 70
357, 71
357, 72
357, 73
357, 74
357, 75
357, 76
357, 77
357, 78
357, 79
357, 80
357, 81
357, 82
357, 83
357, 84
357, 85
357, 86
358, 54
358, 55
358, 56
358, 57
358, 58
358, 59
358, 60
358, 61
358, 62
358, 63
358, 64
358, 65
358, 66
358, 67
358, 68
358, 69
358, 70
358, 71
358, 72
358, 73
358, 74
358, 75
358, 76
358, 77
358, 78
358, 79
358, 80
358, 81
358, 82
358, 83
358, 84
358, 85
358, 86
359, 54
359, 55
359, 56
359, 57
359, 58
359, 59
359, 60
359, 61
359, 62
359, 63
359, 64
359, 65
359, 66
359, 67
359, 68
359, 69
359, 70
359, 71
359, 72
359, 73
359, 74
359, 75
359, 76
359, 77
359, 78
359, 79
359, 80
359, 81
359, 82
359, 83
359, 84
359, 85
359, 86
360, 54
360, 55
360, 56
360, 57
360, 58
360, 59
360, 60
360, 61
360, 62
360, 63
360, 64
360, 65
360, 66
360, 67
360, 68
360, 69
360, 70
360, 71
360, 72
360, 73
360, 74
360, 75
360, 76
360, 77
360, 78
360, 79
360, 80
360, 81
360, 82
360, 83
360, 84
360, 85
360, 86
361, 54
361, 55
361, 56
361, 57
361, 58
361, 59
361, 60
361, 61
361, 62
361, 63
361, 64
361, 65
361, 66
361, 67
361, 68
361, 69
361, 70
361, 71
361, 72
361, 73
361, 74
361, 75
361, 76
361, 77
361, 78
361, 79
361, 80
361, 81
361, 82
361, 83
361, 84
361, 85
362, 54
362, 55
362, 56
362, 57
362, 58
362, 59
362, 60
362, 61
362, 62
362, 63
362, 64
362, 65
362, 66
362, 67
362, 68
362, 69
362, 70
362, 71
362, 72
362, 73
362, 74
362, 75
362, 76
362, 77
362, 78
362, 79
362, 80
362, 81
362, 82
362, 83
362, 84
362, 85
363, 54
363, 55
363, 56
363, 57
363, 58
363, 59
363, 60
363, 61
363, 62
363, 63
363, 64
363, 65
363, 66
363, 67
363, 68
363, 69
363, 70
363, 71
363, 72
363, 73
363, 74
363, 75
363, 76
363, 77
363, 78
363, 79
363, 80
363, 81
363, 82
363, 83
363, 84
364, 54
364, 55
364, 56
364, 57
364, 58
364, 59
364, 60
364, 61
364, 62
364, 63
364, 64
364, 65
364, 66
364, 67
364, 68
364, 69
364, 70
364, 71
364, 72
364, 73
364, 74
364, 75
364, 76
364, 77
364, 78
364, 79
364, 80
364, 81
364, 82
364, 83
364, 84
365, 54
365, 55
365, 56
365, 57
365, 58
365, 59
365, 60
365, 61
365, 62
365, 63
365, 64
365, 65
365, 66
365, 67
365, 68
365, 69
365, 70
365, 71
365, 72
365, 73
365, 74
365, 75
365, 76
365, 77
365, 78
365, 79
365, 80
365, 81
365, 82
365, 83
366, 54
366, 55
366, 56
366, 57
366, 58
366, 59
366, 60
366, 61
366, 62
366, 63
366, 64
366, 65
366, 66
366, 67
366, 68
366, 69
366, 70
366, 71
366, 72
366, 73
366, 74
366, 75
366, 76
366, 77
366, 78
366, 79
366, 80
366, 81
366, 82
366, 83
367, 54
367, 55
367, 56
367, 57
367, 58
367, 59
367, 60
367, 61
367, 62
367, 63
367, 64
367, 65
367, 66
367, 67
367, 68
367, 69
367, 70
367, 71
367, 72
367, 73
367, 74
367, 75
367, 76
367, 77
367, 78
367, 79
367, 80
367, 81
367, 82
367, 83
368, 54
368, 55
368, 56
368, 57
368, 58
368, 59
368, 60
368, 61
368, 62
368, 63
368, 64
368, 65
368, 66
368, 67
368, 68
368, 69
368, 70
368, 71
368, 72
368, 73
368, 74
368, 75
368, 76
368, 77
368, 78
368, 79
368, 80
368, 81
368, 82
368, 83
369, 54
369, 55
369, 56
369, 57
369, 58
369, 59
369, 60
369, 61
369, 62
369, 63
369, 64
369, 65
369, 66
369, 67
369, 68
369, 69
369, 70
369, 71
369, 72
369, 73
369, 74
369, 75
369, 76
369, 77
369, 78
369, 79
369, 80
369, 81
369, 82
370, 54
370, 55
370, 56
370, 57
370, 58
370, 59
370, 60
370, 61
370, 62
370, 63
370, 64
370, 65
370, 66
370, 67
370, 68
370, 69
370, 70
370, 71
370, 72
370, 73
370, 74
370, 75
370, 76
370, 77
370, 78
370, 79
370, 80
370, 81
370, 82
371, 54
371, 55
371, 56
371, 57
371, 58
371, 59
371, 60
371, 61
371, 62
371, 63
371, 64
371, 65
371, 66
371, 67
371, 68
371, 69
371, 70
371, 71
371, 72
371, 73
371, 74
371, 75
371, 76
371, 77
371, 78
371, 79
371, 80
371, 81
372, 55
372, 56
372, 57
372, 58
372, 59
372, 60
372, 61
372, 62
372, 63
372, 64
372, 65
372, 66
372, 67
372, 68
372, 69
372, 70
372, 71
372, 72
372, 73
372, 74
372, 75
372, 76
372, 77
372, 78
372, 79
372, 80
372, 81
373, 55
373, 56
373, 57
373, 58
373, 59
373, 60
373, 61
373, 62
373, 63
373, 64
373, 65
373, 66
373, 67
373, 68
373, 69
373, 70
373, 71
373, 72
373, 73
373, 74
373, 75
373, 76
373, 77
373, 78
373, 79
373, 80
374, 55
374, 56
374, 57
374, 58
374, 59
374, 60
374, 61
374, 62
374, 63
374, 64
374, 65
374, 66
374, 67
374, 68
374, 69
374, 70
374, 71
374, 72
374, 73
374, 74
374, 75
374, 76
374, 77
374, 78
375, 56
375, 57
375, 58
375, 59
375, 60
375, 61
375, 62
375, 63
375, 64
375, 65
375, 66
375, 67
375, 68
375, 69
375, 70
375, 71
375, 72
375, 73
375, 74
375, 75
375, 76
376, 57
376, 58
376, 59
376, 60
