99, 17
99, 18
99, 19
99, 20
99, 21
99, 22
99, 23
99, 24
99, 25
99, 26
100, 15
100, 16
100, 17
100, 18
100, 19
100, 20
100, 21
100, 22
100, 23
100, 24
100, 25
100, 26
100, 27
100, 28
100, 29
100, 30
100, 31
100, 32
100, 33
100, 34
100, 35
100, 36
101, 14
101, 15
101, 16
101, 17
101, 18
101, 19
101, 20
101, 21
101, 22
101, 23
101, 24
101, 25
101, 26
101, 27
101, 28
101, 29
101, 30
101, 31
101, 32
101, 33
101, 34
101, 35
101, 36
101, 37
101, 38
101, 39
102, 13
102, 14
102, 15
102, 16
102, 17
102, 18
102, 19
102, 20
102, 21
102, 22
102, 23
102, 24
102, 25
102, 26
102, 27
102, 28
102, 29
102, 30
102, 31
102, 32
102, 33
102, 34
102, 35
102, 36
102, 37
102, 38
102, 39
102, 40
102, 41
103, 11
103, 12
103, 13
103, 14
103, 15
103, 16
103, 17
103, 18
103, 19
103, 20
103, 21
103, 22
103, 23
103, 24
103, 25
103, 26
103, 27
103, 28
103, 29
103, 30
103, 31
103, 32
103, 33
103, 34
103, 35
103, 36
103, 37
103, 38
103, 39
103, 40
103, 41
103, 42
103, 43
104, 11
104, 12
104, 13
104, 14
104, 15
104, 16
104, 17
104, 18
104, 19
104, 20
104, 21
104, 22
104, 23
104, 24
104, 25
104, 26
104, 27
104, 28
104, 29
104, 30
104, 31
104, 32
104, 33
104, 34
104, 35
104, 36
104, 37
104, 38
104, 39
104, 40
104, 41
104, 42
104, 43
105, 10
105, 11
105, 12
105, 13
105, 14
105, 15
105, 16
105, 17
105, 18
105, 19
105, 20
105, 21
105, 22
105, 23
105, 24
105, 25
105, 26
105, 27
105, 28
105, 29
105, 30
105, 31
105, 32
105, 33
105, 34
105, 35
105, 36
105, 37
105, 38
105, 39
105, 40
105, 41
105, 42
105, 43
106, 10
106, 11
106, 12
106, 13
106, 14
106, 15
106, 16
106, 17
106, 18
106, 19
106, 20
106, 21
106, 22
106, 23
106, 24
106, 25
106, 26
106, 27
106, 28
106, 29
106, 30
106, 31
106, 32
106, 33
106, 34
106, 35
106, 36
106, 37
106, 38
106, 39
106, 40
106, 41
106, 42
106, 43
106, 44
107, 10
107, 11
107, 12
107, 13
107, 14
107, 15
107, 16
107, 17
107, 18
107, 19
107, 20
107, 21
107, 22
107, 23
107, 24
107, 25
107, 26
107, 27
107, 28
107, 29
107, 30
107, 31
107, 32
107, 33
107, 34
107, 35
107, 36
107, 37
107, 38
107, 39
107, 40
107, 41
107, 42
107, 43
107, 44
108, 9
108, 10
108, 11
108, 12
108, 13
108, 14
108, 15
108, 16
108, 17
108, 18
108, 19
108, 20
108, 21
108, 22
108, 23
108, 24
108, 25
108, 26
108, 27
108, 28
108, 29
108, 30
108, 31
108, 32
108, 33
108, 34
108, 35
108, 36
108, 37
108, 38
108, 39
108, 40
108, 41
108, 42
108, 43
108, 44
109, 9
109, 10
109, 11
109, 12
109, 13
109, 14
109, 15
109, 16
109, 17
109, 18
109, 19
109, 20
109, 21
109, 22
109, 23
109, 24
109, 25
109, 26
109, 27
109, 28
109, 29
109, 30
109, 31
109, 32
109, 33
109, 34
109, 35
109, 36
109, 37
109, 38
109, 39
109, 40
109, 41
109, 42
109, 43
109, 44
110, 8
110, 9
110, 10
110, 11
110, 12
110, 13
110, 14
110, 15
110, 16
110, 17
110, 18
110, 19
110, 20
110, 21
110, 22
110, 23
110, 24
110, 25
110, 26
110, 27
110, 28
110, 29
110, 30
110, 31
110, 32
110, 33
110, 34
110, 35
110, 36
110, 37
110, 38
110, 39
110, 40
110, 41
110, 42
110, 43
111, 8
111, 9
111, 10
111, 11
111, 12
111, 13
111, 14
111, 15
111, 16
111, 17
111, 18
111, 19
111, 20
111, 21
111, 22
111, 23
111, 24
111, 25
111, 26
111, 27
111, 28
111, 29
111, 30
111, 31
111, 32
111, 33
111, 34
111, 35
111, 36
111, 37
111, 38
111, 39
111, 40
111, 41
111, 42
111, 43
112, 8
112, 9
112, 10
112, 11
112, 12
112, 13
112, 14
112, 15
112, 16
112, 17
112, 18
112, 19
112, 20
112, 21
112, 22
112, 23
112, 24
112, 25
112, 26
112, 27
112, 28
112, 29
112, 30
112, 31
112, 32
112, 33
112, 34
112, 35
112, 36
112, 37
112, 38
112, 39
112, 40
112, 41
112, 42
112, 43
113, 8
113, 9
113, 10
113, 11
113, 12
113, 13
113, 14
113, 15
113, 16
113, 17
113, 18
113, 19
113, 20
113, 21
113, 22
113, 23
113, 24
113, 25
113, 26
113, 27
113, 28
113, 29
113, 30
113, 31
113, 32
113, 33
113, 34
113, 35
113, 36
113, 37
113, 38
113, 39
113, 40
113, 41
113, 42
113, 43
114, 8
114, 9
114, 10
114, 11
114, 12
114, 13
114, 14
114, 15
114, 16
114, 17
114, 18
114, 19
114, 20
114, 21
114, 22
114, 23
114, 24
114, 25
114, 26
114, 27
114, 28
114, 29
114, 30
114, 31
114, 32
114, 33
114, 34
114, 35
114, 36
114, 37
114, 38
114, 39
114, 40
114, 41
114, 42
114, 43
115, 8
115, 9
115, 10
115, 11
115, 12
115, 13
115, 14
115, 15
115, 16
115, 17
115, 18
115, 19
115, 20
115, 21
115, 22
115, 23
115, 24
115, 25
115, 26
115, 27
115, 28
115, 29
115, 30
115, 31
115, 32
115, 33
115, 34
115, 35
115, 36
115, 37
115, 38
115, 39
115, 40
115, 41
115, 42
115, 43
116, 8
116, 9
116, 10
116, 11
116, 12
116, 13
116, 14
116, 15
116, 16
116, 17
116, 18
116, 19
116, 20
116, 21
116, 22
116, 23
116, 24
116, 25
116, 26
116, 27
116, 28
116, 29
116, 30
116, 31
116, 32
116, 33
116, 34
116, 35
116, 36
116, 37
116, 38
116, 39
116, 40
116, 41
116, 42
116, 43
117, 8
117, 9
117, 10
117, 11
117, 12
117, 13
117, 14
117, 15
117, 16
117, 17
117, 18
117, 19
117, 20
117, 21
117, 22
117, 23
117, 24
117, 25
117, 26
117, 27
117, 28
117, 29
117, 30
117, 31
117, 32
117, 33
117, 34
117, 35
117, 36
117, 37
117, 38
117, 39
117, 40
117, 41
117, 42
117, 43
118, 8
118, 9
118, 10
118, 11
118, 12
118, 13
118, 14
118, 15
118, 16
118, 17
118, 18
118, 19
118, 20
118, 21
118, 22
118, 23
118, 24
118, 25
118, 26
118, 27
118, 28
118, 29
118, 30
118, 31
118, 32
118, 33
118, 34
118, 35
118, 36
118, 37
118, 38
118, 39
118, 40
118, 41
118, 42
118, 43
119, 8
119, 9
119, 10
119, 11
119, 12
119, 13
119, 14
119, 15
119, 16
119, 17
119, 18
119, 19
119, 20
119, 21
119, 22
119, 23
119, 24
119, 25
119, 26
119, 27
119, 28
119, 29
119, 30
119, 31
119, 32
119, 33
119, 34
119, 35
119, 36
119, 37
119, 38
119, 39
119, 40
119, 41
119, 42
119, 43
120, 8
120, 9
120, 10
120, 11
120, 12
120, 13
120, 14
120, 15
120, 16
120, 17
120, 18
120, 19
120, 20
120, 21
120, 22
120, 23
120, 24
120, 25
120, 26
120, 27
120, 28
120, 29
120, 30
120, 31
120, 32
120, 33
120, 34
120, 35
120, 36
120, 37
120, 38
120, 39
120, 40
120, 41
120, 42
120, 43
121, 8
121, 9
121, 10
121, 11
121, 12
121, 13
121, 14
121, 15
121, 16
121, 17
121, 18
121, 19
121, 20
121, 21
121, 22
121, 23
121, 24
121, 25
121, 26
121, 27
121, 28
121, 29
121, 30
121, 31
121, 32
121, 33
121, 34
121, 35
121, 36
121, 37
121, 38
121, 39
121, 40
121, 41
121, 42
121, 43
121, 44
122, 8
122, 9
122, 10
122, 11
122, 12
122, 13
122, 14
122, 15
122, 16
122, 17
122, 18
122, 19
122, 20
122, 21
122, 22
122, 23
122, 24
122, 25
122, 26
122, 27
122, 28
122, 29
122, 30
122, 31
122, 32
122, 33
122, 34
122, 35
122, 36
122, 37
122, 38
122, 39
122, 40
122, 41
122, 42
122, 43
122, 44
123, 8
123, 9
123, 10
123, 11
123, 12
123, 13
123, 14
123, 15
123, 16
123, 17
123, 18
123, 19
123, 20
123, 21
123, 22
123, 23
123, 24
123, 25
123, 26
123, 27
123, 28
123, 29
123, 30
123, 31
123, 32
123, 33
123, 34
123, 35
123, 36
123, 37
123, 38
123, 39
123, 40
123, 41
123, 42
123, 43
123, 44
124, 8
124, 9
124, 10
124, 11
124, 12
124, 13
124, 14
124, 15
124, 16
124, 17
124, 18
124, 19
124, 20
124, 21
124, 22
124, 23
124, 24
124, 25
124, 26
124, 27
124, 28
124, 29
124, 30
124, 31
124, 32
124, 33
124, 34
124, 35
124, 36
124, 37
124, 38
124, 39
124, 40
124, 41
124, 42
124, 43
124, 44
125, 8
125, 9
125, 10
125, 11
125, 12
125, 13
125, 14
125, 15
125, 16
125, 17
125, 18
125, 19
125, 20
125, 21
125, 22
125, 23
125, 24
125, 25
125, 26
125, 27
125, 28
125, 29
125, 30
125, 31
125, 32
125, 33
125, 34
125, 35
125, 36
125, 37
125, 38
125, 39
125, 40
125, 41
125, 42
125, 43
126, 8
126, 9
126, 10
126, 11
126, 12
126, 13
126, 14
126, 15
126, 16
126, 17
126, 18
126, 19
126, 20
126, 21
126, 22
126, 23
126, 24
126, 25
126, 26
126, 27
126, 28
126, 29
126, 30
126, 31
126, 32
126, 33
126, 34
126, 35
126, 36
126, 37
126, 38
126, 39
126, 40
126, 41
127, 8
127, 9
127, 10
127, 11
127, 12
127, 13
127, 14
127, 15
127, 16
127, 17
127, 18
127, 19
127, 20
127, 21
127, 22
127, 23
127, 24
127, 25
127, 26
127, 27
127, 28
127, 29
127, 30
127, 31
127, 32
127, 33
127, 34
127, 35
127, 36
127, 37
127, 38
127, 39
127, 40
128, 8
128, 9
128, 10
128, 11
128, 12
128, 13
128, 14
128, 15
128, 16
128, 17
128, 18
128, 19
128, 20
128, 21
128, 22
128, 23
128, 24
128, 25
128, 26
128, 27
128, 28
128, 29
128, 30
128, 31
128, 32
128, 33
128, 34
128, 35
128, 36
128, 37
128, 38
128, 39
128, 40
129, 7
129, 8
129, 9
129, 10
129, 11
129, 12
129, 13
129, 14
129, 15
129, 16
129, 17
129, 18
129, 19
129, 20
129, 21
129, 22
129, 23
129, 24
129, 25
129, 26
129, 27
129, 28
129, 29
129, 30
129, 31
129, 32
129, 33
129, 34
129, 35
129, 36
129, 37
129, 38
129, 39
129, 40
130, 7
130, 8
130, 9
130, 10
130, 11
130, 12
130, 13
130, 14
130, 15
130, 16
130, 17
130, 18
130, 19
130, 20
130, 21
130, 22
130, 23
130, 24
130, 25
130, 26
130, 27
130, 28
130, 29
130, 30
130, 31
130, 32
130, 33
130, 34
130, 35
130, 36
130, 37
130, 38
130, 39
130, 40
131, 7
131, 8
131, 9
131, 10
131, 11
131, 12
131, 13
131, 14
131, 15
131, 16
131, 17
131, 18
131, 19
131, 20
131, 21
131, 22
131, 23
131, 24
131, 25
131, 26
131, 27
131, 28
131, 29
131, 30
131, 31
131, 32
131, 33
131, 34
131, 35
131, 36
131, 37
131, 38
131, 39
131, 40
132, 7
132, 8
132, 9
132, 10
132, 11
132, 12
132, 13
132, 14
132, 15
132, 16
132, 17
132, 18
132, 19
132, 20
132, 21
132, 22
132, 23
132, 24
132, 25
132, 26
132, 27
132, 28
132, 29
132, 30
132, 31
132, 32
132, 33
132, 34
132, 35
132, 36
132, 37
132, 38
132, 39
133, 7
133, 8
133, 9
133, 10
133, 11
133, 12
133, 13
133, 14
133, 15
133, 16
133, 17
133, 18
133, 19
133, 20
133, 21
133, 22
133, 23
133, 24
133, 25
133, 26
133, 27
133, 28
133, 29
133, 30
133, 31
133, 32
133, 33
133, 34
133, 35
133, 36
133, 37
133, 38
133, 39
134, 7
134, 8
134, 9
134, 10
134, 11
134, 12
134, 13
134, 14
134, 15
134, 16
134, 17
134, 18
134, 19
134, 20
134, 21
134, 22
134, 23
134, 24
134, 25
134, 26
134, 27
134, 28
134, 29
134, 30
134, 31
134, 32
134, 33
134, 34
134, 35
134, 36
134, 37
134, 38
134, 39
135, 7
135, 8
135, 9
135, 10
135, 11
135, 12
135, 13
135, 14
135, 15
135, 16
135, 17
135, 18
135, 19
135, 20
135, 21
135, 22
135, 23
135, 24
135, 25
135, 26
135, 27
135, 28
135, 29
135, 30
135, 31
135, 32
135, 33
135, 34
135, 35
135, 36
135, 37
135, 38
136, 7
136, 8
136, 9
136, 10
136, 11
136, 12
136, 13
136, 14
136, 15
136, 16
136, 17
136, 18
136, 19
136, 20
136, 21
136, 22
136, 23
136, 24
136, 25
136, 26
136, 27
136, 28
136, 29
136, 30
136, 31
136, 32
136, 33
136, 34
136, 35
136, 36
136, 37
136, 38
137, 7
137, 8
137, 9
137, 10
137, 11
137, 12
137, 13
137, 14
137, 15
137, 16
137, 17
137, 18
137, 19
137, 20
137, 21
137, 22
137, 23
137, 24
137, 25
137, 26
137, 27
137, 28
137, 29
137, 30
137, 31
137, 32
137, 33
137, 34
137, 35
138, 7
138, 8
138, 9
138, 10
138, 11
138, 12
138, 13
138, 14
138, 15
138, 16
138, 17
138, 18
138, 19
138, 20
138, 21
138, 22
138, 23
138, 24
138, 25
138, 26
138, 27
138, 28
138, 29
138, 30
138, 31
138, 32
138, 33
138, 34
139, 7
139, 8
139, 9
139, 10
139, 11
139, 12
139, 13
139, 14
139, 15
139, 16
139, 17
139, 18
139, 19
139, 20
139, 21
139, 22
139, 23
139, 24
139, 25
139, 26
139, 27
139, 28
139, 29
139, 30
139, 31
139, 32
139, 33
140, 7
140, 8
140, 9
140, 10
140, 11
140, 12
140, 13
140, 14
140, 15
140, 16
140, 17
140, 18
140, 19
140, 20
140, 21
140, 22
140, 23
140, 24
140, 25
140, 26
140, 27
140, 28
140, 29
140, 30
140, 31
140, 32
140, 33
141, 7
141, 8
141, 9
141, 10
141, 11
141, 12
141, 13
141, 14
141, 15
141, 16
141, 17
141, 18
141, 19
141, 20
141, 21
141, 22
141, 23
141, 24
141, 25
141, 26
141, 27
141, 28
141, 29
141, 30
141, 32
142, 7
142, 8
142, 9
142, 10
142, 11
142, 12
142, 13
142, 14
142, 15
142, 16
142, 17
142, 18
142, 19
142, 20
142, 21
142, 22
142, 23
142, 24
142, 25
142, 26
142, 27
142, 28
142, 29
142, 32
143, 7
143, 8
143, 9
143, 10
143, 11
143, 12
143, 13
143, 14
143, 15
143, 16
143, 17
143, 18
143, 19
143, 20
143, 21
143, 22
143, 23
143, 24
143, 25
143, 26
143, 27
143, 28
143, 29
143, 32
144, 7
144, 8
144, 9
144, 10
144, 11
144, 12
144, 13
144, 14
144, 15
144, 16
144, 17
144, 18
144, 19
144, 20
144, 21
144, 22
144, 23
144, 24
144, 25
144, 26
144, 27
144, 28
144, 29
145, 7
145, 8
145, 9
145, 10
145, 11
145, 12
145, 13
145, 14
145, 15
145, 16
145, 17
145, 18
145, 19
145, 20
145, 21
145, 22
145, 23
145, 24
145, 25
145, 26
145, 27
145, 28
145, 29
146, 7
146, 8
146, 9
146, 10
146, 11
146, 12
146, 13
146, 14
146, 15
146, 16
146, 17
146, 18
146, 19
146, 20
146, 21
146, 22
146, 23
146, 24
146, 25
146, 26
146, 27
146, 28
146, 29
147, 7
147, 8
147, 9
147, 10
147, 11
147, 12
147, 13
147, 14
147, 15
147, 16
147, 17
147, 18
147, 19
147, 20
147, 21
147, 22
147, 23
147, 24
147, 25
147, 26
147, 27
147, 28
147, 32
148, 7
148, 8
148, 9
148, 10
148, 11
148, 12
148, 13
148, 14
148, 15
148, 16
148, 17
148, 18
148, 19
148, 20
148, 21
148, 22
148, 23
148, 24
148, 25
148, 26
148, 27
148, 28
148, 32
148, 33
149, 6
149, 7
149, 8
149, 9
149, 10
149, 11
149, 12
149, 13
149, 14
149, 15
149, 16
149, 17
149, 18
149, 19
149, 20
149, 21
149, 22
149, 23
149, 24
149, 25
149, 26
149, 27
149, 28
149, 32
149, 33
150, 6
150, 7
150, 8
150, 9
150, 10
150, 11
150, 12
150, 13
150, 14
150, 15
150, 16
150, 17
150, 18
150, 19
150, 20
150, 21
150, 22
150, 23
150, 24
150, 25
150, 26
150, 27
150, 28
150, 32
150, 33
150, 34
151, 6
151, 7
151, 8
151, 9
151, 10
151, 11
151, 12
151, 13
151, 14
151, 15
151, 16
151, 17
151, 18
151, 19
151, 20
151, 21
151, 22
151, 23
151, 24
151, 25
151, 26
151, 27
151, 28
151, 32
151, 33
151, 34
152, 6
152, 7
152, 8
152, 9
152, 10
152, 11
152, 12
152, 13
152, 14
152, 15
152, 16
152, 17
152, 18
152, 19
152, 20
152, 21
152, 22
152, 23
152, 24
152, 25
152, 26
152, 27
152, 28
152, 32
152, 33
152, 34
153, 6
153, 7
153, 8
153, 9
153, 10
153, 11
153, 12
153, 13
153, 14
153, 15
153, 16
153, 17
153, 18
153, 19
153, 20
153, 21
153, 22
153, 23
153, 24
153, 25
153, 26
153, 27
153, 31
153, 32
153, 33
153, 34
154, 6
154, 7
154, 8
154, 9
154, 10
154, 11
154, 12
154, 13
154, 14
154, 15
154, 16
154, 17
154, 18
154, 19
154, 20
154, 21
154, 22
154, 23
154, 24
154, 25
154, 26
154, 27
154, 32
154, 33
155, 6
155, 7
155, 8
155, 9
155, 10
155, 11
155, 12
155, 13
155, 14
155, 15
155, 16
155, 17
155, 18
155, 19
155, 20
155, 21
155, 22
155, 23
155, 24
155, 25
155, 26
155, 27
155, 33
156, 6
156, 7
156, 8
156, 9
156, 10
156, 11
156, 12
156, 13
156, 14
156, 15
156, 16
156, 17
156, 18
156, 19
156, 20
156, 21
156, 22
156, 23
156, 24
156, 25
156, 26
156, 27
157, 6
157, 7
157, 8
157, 9
157, 10
157, 11
157, 12
157, 13
157, 14
157, 15
157, 16
157, 17
157, 18
157, 19
157, 20
157, 21
157, 22
157, 23
157, 24
157, 25
157, 26
157, 27
158, 6
158, 7
158, 8
158, 9
158, 10
158, 11
158, 12
158, 13
158, 14
158, 15
158, 16
158, 17
158, 18
158, 19
158, 20
158, 21
158, 22
158, 23
158, 24
158, 25
158, 26
158, 27
159, 6
159, 7
159, 8
159, 9
159, 10
159, 11
159, 12
159, 13
159, 14
159, 15
159, 16
159, 17
159, 18
159, 19
159, 20
159, 21
159, 22
159, 23
159, 24
159, 25
159, 26
159, 27
160, 6
160, 7
160, 8
160, 9
160, 10
160, 11
160, 12
160, 13
160, 14
160, 15
160, 16
160, 17
160, 18
160, 19
160, 20
160, 21
160, 22
160, 23
160, 24
160, 25
160, 26
161, 6
161, 7
161, 8
161, 9
161, 10
161, 11
161, 12
161, 13
161, 14
161, 15
161, 16
161, 17
161, 18
161, 19
161, 20
161, 21
161, 22
161, 23
161, 24
161, 25
161, 26
162, 6
162, 7
162, 8
162, 9
162, 10
162, 11
162, 12
162, 13
162, 14
162, 15
162, 16
162, 17
162, 18
162, 19
162, 20
162, 21
162, 22
162, 23
162, 24
162, 25
162, 26
163, 6
163, 7
163, 8
163, 9
163, 10
163, 11
163, 12
163, 13
163, 14
163, 15
163, 16
163, 17
163, 18
163, 19
163, 20
163, 21
163, 22
163, 23
163, 24
163, 25
163, 26
164, 6
164, 7
164, 8
164, 9
164, 10
164, 11
164, 12
164, 13
164, 14
164, 15
164, 16
164, 17
164, 18
164, 19
164, 20
164, 21
164, 22
164, 23
164, 24
164, 25
164, 26
165, 6
165, 7
165, 8
165, 9
165, 10
165, 11
165, 12
165, 13
165, 14
165, 15
165, 16
165, 17
165, 18
165, 19
165, 20
165, 21
165, 22
165, 23
165, 24
165, 25
165, 26
166, 6
166, 7
166, 8
166, 9
166, 10
166, 11
166, 12
166, 13
166, 14
166, 15
166, 16
166, 17
166, 18
166, 19
166, 20
166, 21
166, 22
166, 23
166, 24
166, 25
166, 26
167, 6
167, 7
167, 8
167, 9
167, 10
167, 11
167, 12
167, 13
167, 14
167, 15
167, 16
167, 17
167, 18
167, 19
167, 20
167, 21
167, 22
167, 23
167, 24
167, 25
167, 26
168, 6
168, 7
168, 8
168, 9
168, 10
168, 11
168, 12
168, 13
168, 14
168, 15
168, 16
168, 17
168, 18
168, 19
168, 20
168, 21
168, 22
168, 23
168, 24
168, 25
168, 26
169, 6
169, 7
169, 8
169, 9
169, 10
169, 11
169, 12
169, 13
169, 14
169, 15
169, 16
169, 17
169, 18
169, 19
169, 20
169, 21
169, 22
169, 23
169, 24
169, 25
169, 26
170, 6
170, 7
170, 8
170, 9
170, 10
170, 11
170, 12
170, 13
170, 14
170, 15
170, 16
170, 17
170, 18
170, 19
170, 20
170, 21
170, 22
170, 23
170, 24
170, 25
170, 26
171, 6
171, 7
171, 8
171, 9
171, 10
171, 11
171, 12
171, 13
171, 14
171, 15
171, 16
171, 17
171, 18
171, 19
171, 20
171, 21
171, 22
171, 23
171, 24
171, 25
171, 26
172, 6
172, 7
172, 8
172, 9
172, 10
172, 11
172, 12
172, 13
172, 14
172, 15
172, 16
172, 17
172, 18
172, 19
172, 20
172, 21
172, 22
172, 23
172, 24
172, 25
172, 26
173, 6
173, 7
173, 8
173, 9
173, 10
173, 11
173, 12
173, 13
173, 14
173, 15
173, 16
173, 17
173, 18
173, 19
173, 20
173, 21
173, 22
173, 23
173, 24
173, 25
173, 26
174, 6
174, 7
174, 8
174, 9
174, 10
174, 11
174, 12
174, 13
174, 14
174, 15
174, 16
174, 17
174, 18
174, 19
174, 20
174, 21
174, 22
174, 23
174, 24
174, 25
174, 26
175, 6
175, 7
175, 8
175, 9
175, 10
175, 11
175, 12
175, 13
175, 14
175, 15
175, 16
175, 17
175, 18
175, 19
175, 20
175, 21
175, 22
175, 23
175, 24
175, 25
175, 26
176, 6
176, 7
176, 8
176, 9
176, 10
176, 11
176, 12
176, 13
176, 14
176, 15
176, 16
176, 17
176, 18
176, 19
176, 20
176, 21
176, 22
176, 23
176, 24
176, 25
176, 26
177, 6
177, 7
177, 8
177, 9
177, 10
177, 11
177, 12
177, 13
177, 14
177, 15
177, 16
177, 17
177, 18
177, 19
177, 20
177, 21
177, 22
177, 23
177, 24
177, 25
178, 6
178, 7
178, 8
178, 9
178, 10
178, 11
178, 12
178, 13
178, 14
178, 15
178, 16
178, 17
178, 18
178, 19
178, 20
178, 21
178, 22
178, 23
178, 24
178, 25
179, 6
179, 7
179, 8
179, 9
179, 10
179, 11
179, 12
179, 13
179, 14
179, 15
179, 16
179, 17
179, 18
179, 19
179, 20
179, 21
179, 22
179, 23
179, 24
179, 25
180, 6
180, 7
180, 8
180, 9
180, 10
180, 11
180, 12
180, 13
180, 14
180, 15
180, 16
180, 17
180, 18
180, 19
180, 20
180, 21
180, 22
180, 23
180, 24
180, 25
181, 6
181, 7
181, 8
181, 9
181, 10
181, 11
181, 12
181, 13
181, 14
181, 15
181, 16
181, 17
181, 18
181, 19
181, 20
181, 21
181, 22
181, 23
181, 24
181, 25
182, 6
182, 7
182, 8
182, 9
182, 10
182, 11
182, 12
182, 13
182, 14
182, 15
182, 16
182, 17
182, 18
182, 19
182, 20
182, 21
182, 22
182, 23
182, 24
182, 25
183, 6
183, 7
183, 8
183, 9
183, 10
183, 11
183, 12
183, 13
183, 14
183, 15
183, 16
183, 17
183, 18
183, 19
183, 20
183, 21
183, 22
183, 23
183, 24
183, 25
184, 6
184, 7
184, 8
184, 9
184, 10
184, 11
184, 12
184, 13
184, 14
184, 15
184, 16
184, 17
184, 18
184, 19
184, 20
184, 21
184, 22
184, 23
184, 24
184, 25
185, 6
185, 7
185, 8
185, 9
185, 10
185, 11
185, 12
185, 13
185, 14
185, 15
185, 16
185, 17
185, 18
185, 19
185, 20
185, 21
185, 22
185, 23
185, 24
185, 25
186, 6
186, 7
186, 8
186, 9
186, 10
186, 11
186, 12
186, 13
186, 14
186, 15
186, 16
186, 17
186, 18
186, 19
186, 20
186, 21
186, 22
186, 23
186, 24
186, 25
187, 6
187, 7
187, 8
187, 9
187, 10
187, 11
187, 12
187, 13
187, 14
187, 15
187, 16
187, 17
187, 18
187, 19
187, 20
187, 21
187, 22
187, 23
187, 24
187, 25
188, 6
188, 7
188, 8
188, 9
188, 10
188, 11
188, 12
188, 13
188, 14
188, 15
188, 16
188, 17
188, 18
188, 19
188, 20
188, 21
188, 22
188, 23
188, 24
188, 25
189, 6
189, 7
189, 8
189, 9
189, 10
189, 11
189, 12
189, 13
189, 14
189, 15
189, 16
189, 17
189, 18
189, 19
189, 20
189, 21
189, 22
189, 23
189, 24
189, 25
189, 26
190, 6
190, 7
190, 8
190, 9
190, 10
190, 11
190, 12
190, 13
190, 14
190, 15
190, 16
190, 17
190, 18
190, 19
190, 20
190, 21
190, 22
190, 23
190, 24
190, 25
190, 26
191, 6
191, 7
191, 8
191, 9
191, 10
191, 11
191, 12
191, 13
191, 14
191, 15
191, 16
191, 17
191, 18
191, 19
191, 20
191, 21
191, 22
191, 23
191, 24
191, 25
191, 26
192, 6
192, 7
192, 8
192, 9
192, 10
192, 11
192, 12
192, 13
192, 14
192, 15
192, 16
192, 17
192, 18
192, 19
192, 20
192, 21
192, 22
192, 23
192, 24
192, 25
192, 26
193, 6
193, 7
193, 8
193, 9
193, 10
193, 11
193, 12
193, 13
193, 14
193, 15
193, 16
193, 17
193, 18
193, 19
193, 20
193, 21
193, 22
193, 23
193, 24
193, 25
193, 26
194, 6
194, 7
194, 8
194, 9
194, 10
194, 11
194, 12
194, 13
194, 14
194, 15
194, 16
194, 17
194, 18
194, 19
194, 20
194, 21
194, 22
194, 23
194, 24
194, 25
194, 26
194, 27
195, 6
195, 7
195, 8
195, 9
195, 10
195, 11
195, 12
195, 13
195, 14
195, 15
195, 16
195, 17
195, 18
195, 19
195, 20
195, 21
195, 22
195, 23
195, 24
195, 25
195, 26
195, 27
196, 6
196, 7
196, 8
196, 9
196, 10
196, 11
196, 12
196, 13
196, 14
196, 15
196, 16
196, 17
196, 18
196, 19
196, 20
196, 21
196, 22
196, 23
196, 24
196, 25
196, 26
197, 6
197, 7
197, 8
197, 9
197, 10
197, 11
197, 12
197, 13
197, 14
197, 15
197, 16
197, 17
197, 18
197, 19
197, 20
197, 21
197, 22
197, 23
197, 24
198, 6
198, 7
198, 8
198, 9
198, 10
198, 11
198, 12
198, 13
198, 14
198, 15
198, 16
198, 17
198, 18
198, 19
198, 20
198, 21
198, 22
199, 6
199, 7
199, 8
199, 9
199, 10
199, 11
199, 12
199, 13
199, 14
199, 15
199, 16
199, 17
199, 18
199, 19
199, 20
200, 7
200, 8
200, 9
200, 10
200, 11
200, 12
200, 13
200, 14
200, 15
200, 16
