222, 56
222, 57
222, 58
222, 59
222, 60
222, 61
222, 62
222, 63
222, 64
223, 55
223, 56
223, 57
223, 58
223, 59
223, 60
223, 61
223, 62
223, 63
223, 64
223, 65
224, 54
224, 55
224, 56
224, 57
224, 58
224, 59
224, 60
224, 61
224, 62
224, 63
224, 64
224, 65
224, 66
225, 54
225, 55
225, 56
225, 57
225, 58
225, 59
225, 60
225, 61
225, 62
225, 63
225, 64
225, 65
225, 66
226, 53
226, 54
226, 55
226, 56
226, 57
226, 58
226, 59
226, 60
226, 61
226, 62
226, 63
226, 64
226, 65
226, 66
226, 67
226, 68
226, 69
227, 52
227, 53
227, 54
227, 55
227, 56
227, 57
227, 58
227, 59
227, 60
227, 61
227, 62
227, 63
227, 64
227, 65
227, 66
227, 67
227, 68
227, 69
228, 51
228, 52
228, 53
228, 54
228, 55
228, 56
228, 57
228, 58
228, 59
228, 60
228, 61
228, 62
228, 63
228, 64
228, 65
228, 66
228, 67
228, 68
228, 69
228, 70
229, 50
229, 51
229, 52
229, 53
229, 54
229, 55
229, 56
229, 57
229, 58
229, 59
229, 60
229, 61
229, 62
229, 63
229, 64
229, 65
229, 66
229, 67
229, 68
229, 69
229, 70
229, 71
229, 72
230, 49
230, 50
230, 51
230, 52
230, 53
230, 54
230, 55
230, 56
230, 57
230, 58
230, 59
230, 60
230, 61
230, 62
230, 63
230, 64
230, 65
230, 66
230, 67
230, 68
230, 69
230, 70
230, 71
230, 72
230, 73
230, 74
230, 75
230, 76
230, 77
230, 78
231, 47
231, 48
231, 49
231, 50
231, 51
231, 52
231, 53
231, 54
231, 55
231, 56
231, 57
231, 58
231, 59
231, 60
231, 61
231, 62
231, 63
231, 64
231, 65
231, 66
231, 67
231, 68
231, 69
231, 70
231, 71
231, 72
231, 73
231, 74
231, 75
231, 76
231, 77
231, 78
231, 79
231, 80
231, 81
231, 82
231, 83
231, 84
232, 45
232, 46
232, 47
232, 48
232, 49
232, 50
232, 51
232, 52
232, 53
232, 54
232, 55
232, 56
232, 57
232, 58
232, 59
232, 60
232, 61
232, 62
232, 63
232, 64
232, 65
232, 66
232, 67
232, 68
232, 69
232, 70
232, 71
232, 72
232, 73
232, 74
232, 75
232, 76
232, 77
232, 78
232, 79
232, 80
232, 81
232, 82
232, 83
232, 84
232, 85
232, 86
233, 43
233, 44
233, 45
233, 46
233, 47
233, 48
233, 49
233, 50
233, 51
233, 52
233, 53
233, 54
233, 55
233, 56
233, 57
233, 58
233, 59
233, 60
233, 61
233, 62
233, 63
233, 64
233, 65
233, 66
233, 67
233, 68
233, 69
233, 70
233, 71
233, 72
233, 73
233, 74
233, 75
233, 76
233, 77
233, 78
233, 79
233, 80
233, 81
233, 82
233, 83
233, 84
233, 85
233, 86
233, 87
233, 88
234, 41
234, 42
234, 43
234, 44
234, 45
234, 46
234, 47
234, 48
234, 49
234, 50
234, 51
234, 52
234, 53
234, 54
234, 55
234, 56
234, 57
234, 58
234, 59
234, 60
234, 61
234, 62
234, 63
234, 64
234, 65
234, 66
234, 67
234, 68
234, 69
234, 70
234, 71
234, 72
234, 73
234, 74
234, 75
234, 76
234, 77
234, 78
234, 79
234, 80
234, 81
234, 82
234, 83
234, 84
234, 85
234, 86
234, 87
234, 88
234, 89
234, 90
235, 40
235, 41
235, 42
235, 43
235, 44
235, 45
235, 46
235, 47
235, 48
235, 49
235, 50
235, 51
235, 52
235, 53
235, 54
235, 55
235, 56
235, 57
235, 58
235, 59
235, 60
235, 61
235, 62
235, 63
235, 64
235, 65
235, 66
235, 67
235, 68
235, 69
235, 70
235, 71
235, 72
235, 73
235, 74
235, 75
235, 76
235, 77
235, 78
235, 79
235, 80
235, 81
235, 82
235, 83
235, 84
235, 85
235, 86
235, 87
235, 88
235, 89
235, 90
235, 91
235, 92
236, 39
236, 40
236, 41
236, 42
236, 43
236, 44
236, 45
236, 46
236, 47
236, 48
236, 49
236, 50
236, 51
236, 52
236, 53
236, 54
236, 55
236, 56
236, 57
236, 58
236, 59
236, 60
236, 61
236, 62
236, 63
236, 64
236, 65
236, 66
236, 67
236, 68
236, 69
236, 70
236, 71
236, 72
236, 73
236, 74
236, 75
236, 76
236, 77
236, 78
236, 79
236, 80
236, 81
236, 82
236, 83
236, 84
236, 85
236, 86
236, 87
236, 88
236, 89
236, 90
236, 91
236, 92
236, 93
236, 94
236, 100
236, 101
237, 35
237, 36
237, 37
237, 38
237, 39
237, 40
237, 41
237, 42
237, 43
237, 44
237, 45
237, 46
237, 47
237, 48
237, 49
237, 50
237, 51
237, 52
237, 53
237, 54
237, 55
237, 56
237, 57
237, 58
237, 59
237, 60
237, 61
237, 62
237, 63
237, 64
237, 65
237, 66
237, 67
237, 68
237, 69
237, 70
237, 71
237, 72
237, 73
237, 74
237, 75
237, 76
237, 77
237, 78
237, 79
237, 80
237, 81
237, 82
237, 83
237, 84
237, 85
237, 86
237, 87
237, 88
237, 89
237, 90
237, 91
237, 92
237, 93
237, 94
237, 95
237, 96
237, 97
237, 99
237, 100
237, 101
237, 102
237, 103
237, 104
238, 33
238, 34
238, 35
238, 36
238, 37
238, 38
238, 39
238, 40
238, 41
238, 42
238, 43
238, 44
238, 45
238, 46
238, 47
238, 48
238, 49
238, 50
238, 51
238, 52
238, 53
238, 54
238, 55
238, 56
238, 57
238, 58
238, 59
238, 60
238, 61
238, 62
238, 63
238, 64
238, 65
238, 66
238, 67
238, 68
238, 69
238, 70
238, 71
238, 72
238, 73
238, 74
238, 75
238, 76
238, 77
238, 78
238, 79
238, 80
238, 81
238, 82
238, 83
238, 84
238, 85
238, 86
238, 87
238, 88
238, 89
238, 90
238, 91
238, 92
238, 93
238, 94
238, 95
238, 96
238, 97
238, 99
238, 100
238, 101
238, 102
238, 103
238, 104
239, 32
239, 33
239, 34
239, 35
239, 36
239, 37
239, 38
239, 39
239, 40
239, 41
239, 42
239, 43
239, 44
239, 45
239, 46
239, 47
239, 48
239, 49
239, 50
239, 51
239, 52
239, 53
239, 54
239, 55
239, 56
239, 57
239, 58
239, 59
239, 60
239, 61
239, 62
239, 63
239, 64
239, 65
239, 66
239, 67
239, 68
239, 69
239, 70
239, 71
239, 72
239, 73
239, 74
239, 75
239, 76
239, 77
239, 78
239, 79
239, 80
239, 81
239, 82
239, 83
239, 84
239, 85
239, 86
239, 87
239, 88
239, 89
239, 90
239, 91
239, 92
239, 93
239, 94
239, 95
239, 96
239, 97
239, 98
239, 99
239, 100
239, 101
239, 102
239, 103
240, 30
240, 31
240, 32
240, 33
240, 34
240, 35
240, 36
240, 37
240, 38
240, 39
240, 40
240, 41
240, 42
240, 43
240, 44
240, 45
240, 46
240, 47
240, 48
240, 49
240, 50
240, 51
240, 52
240, 53
240, 54
240, 55
240, 56
240, 57
240, 58
240, 59
240, 60
240, 61
240, 62
240, 63
240, 64
240, 65
240, 66
240, 67
240, 68
240, 69
240, 70
240, 71
240, 72
240, 73
240, 74
240, 75
240, 76
240, 77
240, 78
240, 79
240, 80
240, 81
240, 82
240, 83
240, 84
240, 85
240, 86
240, 87
240, 88
240, 89
240, 90
240, 91
240, 92
240, 93
240, 94
240, 95
240, 96
240, 97
240, 98
240, 99
240, 100
240, 101
240, 102
240, 103
240, 104
241, 28
241, 29
241, 30
241, 31
241, 32
241, 33
241, 34
241, 35
241, 36
241, 37
241, 38
241, 39
241, 40
241, 41
241, 42
241, 43
241, 44
241, 45
241, 46
241, 47
241, 48
241, 49
241, 50
241, 51
241, 52
241, 53
241, 54
241, 55
241, 56
241, 57
241, 58
241, 59
241, 60
241, 61
241, 62
241, 63
241, 64
241, 65
241, 66
241, 67
241, 68
241, 69
241, 70
241, 71
241, 72
241, 73
241, 74
241, 75
241, 76
241, 77
241, 78
241, 79
241, 80
241, 81
241, 82
241, 83
241, 84
241, 85
241, 86
241, 87
241, 88
241, 89
241, 90
241, 91
241, 92
241, 93
241, 94
241, 95
241, 96
241, 97
241, 98
241, 99
241, 100
241, 101
241, 102
241, 103
241, 104
241, 105
242, 27
242, 28
242, 29
242, 30
242, 31
242, 32
242, 33
242, 34
242, 35
242, 36
242, 37
242, 38
242, 39
242, 40
242, 41
242, 42
242, 43
242, 44
242, 45
242, 46
242, 47
242, 48
242, 49
242, 50
242, 51
242, 52
242, 53
242, 54
242, 55
242, 56
242, 57
242, 58
242, 59
242, 60
242, 61
242, 62
242, 63
242, 64
242, 65
242, 66
242, 67
242, 68
242, 69
242, 70
242, 71
242, 72
242, 73
242, 74
242, 75
242, 76
242, 77
242, 78
242, 79
242, 80
242, 81
242, 82
242, 83
242, 84
242, 85
242, 86
242, 87
242, 88
242, 89
242, 90
242, 91
242, 92
242, 93
242, 94
242, 95
242, 96
242, 97
242, 98
242, 99
242, 100
242, 101
242, 102
242, 103
242, 104
242, 105
242, 106
243, 26
243, 27
243, 28
243, 29
243, 30
243, 31
243, 32
243, 33
243, 34
243, 35
243, 36
243, 37
243, 38
243, 39
243, 40
243, 41
243, 42
243, 43
243, 44
243, 45
243, 46
243, 47
243, 48
243, 49
243, 50
243, 51
243, 52
243, 53
243, 54
243, 55
243, 56
243, 57
243, 58
243, 59
243, 60
243, 61
243, 62
243, 63
243, 64
243, 65
243, 66
243, 67
243, 68
243, 69
243, 70
243, 71
243, 72
243, 73
243, 74
243, 75
243, 76
243, 77
243, 78
243, 79
243, 80
243, 81
243, 82
243, 83
243, 84
243, 85
243, 86
243, 87
243, 88
243, 89
243, 90
243, 91
243, 92
243, 93
243, 94
243, 95
243, 96
243, 97
243, 98
243, 99
243, 100
243, 101
243, 102
243, 103
243, 104
243, 105
243, 106
243, 107
244, 25
244, 26
244, 27
244, 28
244, 29
244, 30
244, 31
244, 32
244, 33
244, 34
244, 35
244, 36
244, 37
244, 38
244, 39
244, 40
244, 41
244, 42
244, 43
244, 44
244, 45
244, 46
244, 47
244, 48
244, 49
244, 50
244, 51
244, 52
244, 53
244, 54
244, 55
244, 56
244, 57
244, 58
244, 59
244, 60
244, 61
244, 62
244, 63
244, 64
244, 65
244, 66
244, 67
244, 68
244, 69
244, 70
244, 71
244, 72
244, 73
244, 74
244, 75
244, 76
244, 77
244, 78
244, 79
244, 80
244, 81
244, 82
244, 83
244, 84
244, 85
244, 86
244, 87
244, 88
244, 89
244, 90
244, 91
244, 92
244, 93
244, 94
244, 95
244, 96
244, 97
244, 98
244, 99
244, 100
244, 101
244, 102
244, 103
244, 104
244, 105
244, 106
244, 107
244, 108
245, 24
245, 25
245, 26
245, 27
245, 28
245, 29
245, 30
245, 31
245, 32
245, 33
245, 34
245, 35
245, 36
245, 37
245, 38
245, 39
245, 40
245, 41
245, 42
245, 43
245, 44
245, 45
245, 46
245, 47
245, 48
245, 49
245, 50
245, 51
245, 52
245, 53
245, 54
245, 55
245, 56
245, 57
245, 58
245, 59
245, 60
245, 61
245, 62
245, 63
245, 64
245, 65
245, 66
245, 67
245, 68
245, 69
245, 70
245, 71
245, 72
245, 73
245, 74
245, 75
245, 76
245, 77
245, 78
245, 79
245, 80
245, 81
245, 82
245, 83
245, 84
245, 85
245, 86
245, 87
245, 88
245, 89
245, 90
245, 91
245, 92
245, 93
245, 94
245, 95
245, 96
245, 97
245, 98
245, 99
245, 100
245, 101
245, 102
245, 103
245, 104
245, 105
245, 106
245, 107
245, 108
246, 23
246, 24
246, 25
246, 26
246, 27
246, 28
246, 29
246, 30
246, 31
246, 32
246, 33
246, 34
246, 35
246, 36
246, 37
246, 38
246, 39
246, 40
246, 41
246, 42
246, 43
246, 44
246, 45
246, 46
246, 47
246, 48
246, 49
246, 50
246, 51
246, 52
246, 53
246, 54
246, 55
246, 56
246, 57
246, 58
246, 59
246, 60
246, 61
246, 62
246, 63
246, 64
246, 65
246, 66
246, 67
246, 68
246, 69
246, 70
246, 71
246, 72
246, 73
246, 74
246, 75
246, 76
246, 77
246, 78
246, 79
246, 80
246, 81
246, 82
246, 83
246, 84
246, 85
246, 86
246, 87
246, 88
246, 89
246, 90
246, 91
246, 92
246, 93
246, 94
246, 95
246, 96
246, 97
246, 98
246, 99
246, 100
246, 101
246, 102
246, 103
246, 104
246, 105
246, 106
246, 107
246, 108
247, 23
247, 24
247, 25
247, 26
247, 27
247, 28
247, 29
247, 30
247, 31
247, 32
247, 33
247, 34
247, 35
247, 36
247, 37
247, 38
247, 39
247, 40
247, 41
247, 42
247, 43
247, 44
247, 45
247, 46
247, 47
247, 48
247, 49
247, 50
247, 51
247, 52
247, 53
247, 54
247, 55
247, 56
247, 57
247, 58
247, 59
247, 60
247, 61
247, 62
247, 63
247, 64
247, 65
247, 66
247, 67
247, 68
247, 69
247, 70
247, 71
247, 72
247, 73
247, 74
247, 75
247, 76
247, 77
247, 78
247, 79
247, 80
247, 81
247, 82
247, 83
247, 84
247, 85
247, 86
247, 87
247, 88
247, 89
247, 90
247, 91
247, 92
247, 93
247, 94
247, 95
247, 96
247, 97
247, 98
247, 99
247, 100
247, 101
247, 102
247, 103
247, 104
247, 105
247, 106
247, 107
247, 108
248, 24
248, 25
248, 26
248, 27
248, 28
248, 29
248, 30
248, 31
248, 32
248, 33
248, 34
248, 35
248, 36
248, 37
248, 38
248, 39
248, 40
248, 41
248, 42
248, 43
248, 44
248, 45
248, 46
248, 47
248, 48
248, 49
248, 50
248, 51
248, 52
248, 53
248, 54
248, 55
248, 56
248, 57
248, 58
248, 59
248, 60
248, 61
248, 62
248, 63
248, 64
248, 65
248, 66
248, 67
248, 68
248, 69
248, 70
248, 71
248, 72
248, 73
248, 74
248, 75
248, 76
248, 77
248, 78
248, 79
248, 80
248, 81
248, 82
248, 83
248, 84
248, 85
248, 86
248, 87
248, 88
248, 89
248, 90
248, 91
248, 92
248, 93
248, 94
248, 95
248, 96
248, 97
248, 98
248, 99
248, 100
248, 101
248, 102
248, 103
248, 104
248, 105
248, 106
248, 107
248, 108
248, 109
249, 23
249, 24
249, 25
249, 26
249, 27
249, 28
249, 29
249, 30
249, 31
249, 32
249, 33
249, 34
249, 35
249, 36
249, 37
249, 38
249, 39
249, 40
249, 41
249, 42
249, 43
249, 44
249, 45
249, 46
249, 47
249, 48
249, 49
249, 50
249, 51
249, 52
249, 53
249, 54
249, 55
249, 56
249, 57
249, 58
249, 59
249, 60
249, 61
249, 62
249, 63
249, 64
249, 65
249, 66
249, 67
249, 68
249, 69
249, 70
249, 71
249, 72
249, 73
249, 74
249, 75
249, 76
249, 77
249, 78
249, 79
249, 80
249, 81
249, 82
249, 83
249, 84
249, 85
249, 86
249, 87
249, 88
249, 89
249, 90
249, 91
249, 92
249, 93
249, 94
249, 95
249, 96
249, 97
249, 98
249, 99
249, 100
249, 101
249, 102
249, 103
249, 104
249, 105
249, 106
249, 107
249, 108
249, 109
250, 23
250, 24
250, 25
250, 26
250, 27
250, 28
250, 29
250, 30
250, 31
250, 32
250, 33
250, 34
250, 35
250, 36
250, 37
250, 38
250, 39
250, 40
250, 41
250, 42
250, 43
250, 44
250, 45
250, 46
250, 47
250, 48
250, 49
250, 50
250, 51
250, 52
250, 53
250, 54
250, 55
250, 56
250, 57
250, 58
250, 59
250, 60
250, 61
250, 62
250, 63
250, 64
250, 65
250, 66
250, 67
250, 68
250, 69
250, 70
250, 71
250, 72
250, 73
250, 74
250, 75
250, 76
250, 77
250, 78
250, 79
250, 80
250, 81
250, 82
250, 83
250, 84
250, 85
250, 86
250, 87
250, 88
250, 89
250, 90
250, 91
250, 92
250, 93
250, 94
250, 95
250, 96
250, 97
250, 98
250, 99
250, 100
250, 101
250, 102
250, 103
250, 104
250, 105
250, 106
250, 107
250, 108
250, 109
251, 23
251, 24
251, 25
251, 26
251, 27
251, 28
251, 29
251, 30
251, 31
251, 32
251, 33
251, 34
251, 35
251, 36
251, 37
251, 38
251, 39
251, 40
251, 41
251, 42
251, 43
251, 44
251, 45
251, 46
251, 47
251, 48
251, 49
251, 50
251, 51
251, 52
251, 53
251, 54
251, 55
251, 56
251, 57
251, 58
251, 59
251, 60
251, 61
251, 62
251, 63
251, 64
251, 65
251, 66
251, 67
251, 68
251, 69
251, 70
251, 71
251, 72
251, 73
251, 74
251, 75
251, 76
251, 77
251, 78
251, 79
251, 80
251, 81
251, 82
251, 83
251, 84
251, 85
251, 86
251, 87
251, 88
251, 89
251, 90
251, 91
251, 92
251, 93
251, 94
251, 95
251, 96
251, 97
251, 98
251, 99
251, 100
251, 101
251, 102
251, 103
251, 104
251, 105
251, 106
251, 107
251, 108
251, 109
252, 24
252, 25
252, 26
252, 27
252, 28
252, 29
252, 30
252, 31
252, 32
252, 33
252, 34
252, 35
252, 36
252, 37
252, 38
252, 39
252, 40
252, 41
252, 42
252, 43
252, 44
252, 45
252, 46
252, 47
252, 48
252, 49
252, 50
252, 51
252, 52
252, 53
252, 54
252, 55
252, 56
252, 57
252, 58
252, 59
252, 60
252, 61
252, 62
252, 63
252, 64
252, 65
252, 66
252, 67
252, 68
252, 69
252, 70
252, 71
252, 72
252, 73
252, 74
252, 75
252, 76
252, 77
252, 78
252, 79
252, 80
252, 81
252, 82
252, 83
252, 84
252, 85
252, 86
252, 87
252, 88
252, 89
252, 90
252, 91
252, 92
252, 93
252, 94
252, 95
252, 96
252, 97
252, 98
252, 99
252, 100
252, 101
252, 102
252, 103
252, 104
252, 105
252, 106
252, 107
252, 108
252, 109
253, 24
253, 25
253, 26
253, 27
253, 28
253, 29
253, 30
253, 31
253, 32
253, 33
253, 34
253, 35
253, 36
253, 37
253, 38
253, 39
253, 40
253, 41
253, 42
253, 43
253, 44
253, 45
253, 46
253, 47
253, 48
253, 49
253, 50
253, 51
253, 52
253, 53
253, 54
253, 55
253, 56
253, 57
253, 58
253, 59
253, 60
253, 61
253, 62
253, 63
253, 64
253, 65
253, 66
253, 67
253, 68
253, 69
253, 70
253, 71
253, 72
253, 73
253, 74
253, 75
253, 76
253, 77
253, 78
253, 79
253, 80
253, 81
253, 82
253, 83
253, 84
253, 85
253, 86
253, 87
253, 88
253, 89
253, 90
253, 91
253, 92
253, 93
253, 94
253, 95
253, 96
253, 97
253, 98
253, 99
253, 100
253, 101
253, 102
253, 103
253, 104
253, 105
253, 106
253, 107
253, 108
253, 109
254, 24
254, 25
254, 26
254, 27
254, 28
254, 29
254, 30
254, 31
254, 32
254, 33
254, 34
254, 35
254, 36
254, 37
254, 38
254, 39
254, 40
254, 41
254, 42
254, 43
254, 44
254, 45
254, 46
254, 47
254, 48
254, 49
254, 50
254, 51
254, 52
254, 53
254, 54
254, 55
254, 56
254, 57
254, 58
254, 59
254, 60
254, 61
254, 62
254, 63
254, 64
254, 65
254, 66
254, 67
254, 68
254, 69
254, 70
254, 71
254, 72
254, 73
254, 74
254, 75
254, 76
254, 77
254, 78
254, 79
254, 80
254, 81
254, 82
254, 83
254, 84
254, 85
254, 86
254, 87
254, 88
254, 89
254, 90
254, 91
254, 92
254, 93
254, 94
254, 95
254, 96
254, 97
254, 98
254, 99
254, 100
254, 101
254, 102
254, 103
254, 104
254, 105
254, 106
254, 107
254, 108
254, 109
254, 110
255, 24
255, 25
255, 26
255, 27
255, 28
255, 29
255, 30
255, 31
255, 32
255, 33
255, 34
255, 35
255, 36
255, 37
255, 38
255, 39
255, 40
255, 41
255, 42
255, 43
255, 44
255, 45
255, 46
255, 47
255, 48
255, 49
255, 50
255, 51
255, 52
255, 53
255, 54
255, 55
255, 56
255, 57
255, 58
255, 59
255, 60
255, 61
255, 62
255, 63
255, 64
255, 65
255, 66
255, 67
255, 68
255, 69
255, 70
255, 71
255, 72
255, 73
255, 74
255, 75
255, 76
255, 77
255, 78
255, 79
255, 80
255, 81
255, 82
255, 83
255, 84
255, 85
255, 86
255, 87
255, 88
255, 89
255, 90
255, 91
255, 92
255, 93
255, 94
255, 95
255, 96
255, 97
255, 98
255, 99
255, 100
255, 101
255, 102
255, 103
255, 104
255, 105
255, 106
255, 107
255, 108
255, 109
255, 110
256, 25
256, 26
256, 27
256, 28
256, 29
256, 30
256, 31
256, 32
256, 33
256, 34
256, 35
256, 36
256, 37
256, 38
256, 39
256, 40
256, 41
256, 42
256, 43
256, 44
256, 45
256, 46
256, 47
256, 48
256, 49
256, 50
256, 51
256, 52
256, 53
256, 54
256, 55
256, 56
256, 57
256, 58
256, 59
256, 60
256, 61
256, 62
256, 63
256, 64
256, 65
256, 66
256, 67
256, 68
256, 69
256, 70
256, 71
256, 72
256, 73
256, 74
256, 75
256, 76
256, 77
256, 78
256, 79
256, 80
256, 81
256, 82
256, 83
256, 84
256, 85
256, 86
256, 87
256, 88
256, 89
256, 90
256, 91
256, 92
256, 93
256, 94
256, 95
256, 96
256, 97
256, 98
256, 99
256, 100
256, 101
256, 102
256, 103
256, 104
256, 105
256, 106
256, 107
256, 108
256, 109
256, 110
257, 25
257, 26
257, 27
257, 28
257, 29
257, 30
257, 31
257, 32
257, 33
257, 34
257, 35
257, 36
257, 37
257, 38
257, 39
257, 40
257, 41
257, 42
257, 43
257, 44
257, 45
257, 46
257, 47
257, 48
257, 49
257, 50
257, 51
257, 52
257, 53
257, 54
257, 55
257, 56
257, 57
257, 58
257, 59
257, 60
257, 61
257, 62
257, 63
257, 64
257, 65
257, 66
257, 67
257, 68
257, 69
257, 70
257, 71
257, 72
257, 73
257, 74
257, 75
257, 76
257, 77
257, 78
257, 79
257, 80
257, 81
257, 82
257, 83
257, 84
257, 85
257, 86
257, 87
257, 88
257, 89
257, 90
257, 91
257, 92
257, 93
257, 94
257, 95
257, 96
257, 97
257, 98
257, 99
257, 100
257, 101
257, 102
257, 103
257, 104
257, 105
257, 106
257, 107
257, 108
257, 109
257, 110
258, 25
258, 26
258, 27
258, 28
258, 29
258, 30
258, 31
258, 32
258, 33
258, 34
258, 35
258, 36
258, 37
258, 38
258, 39
258, 40
258, 41
258, 42
258, 43
258, 44
258, 45
258, 46
258, 47
258, 48
258, 49
258, 50
258, 51
258, 52
258, 53
258, 54
258, 55
258, 56
258, 57
258, 58
258, 59
258, 60
258, 61
258, 62
258, 63
258, 64
258, 65
258, 66
258, 67
258, 68
258, 69
258, 70
258, 71
258, 72
258, 73
258, 74
258, 75
258, 76
258, 77
258, 78
258, 79
258, 80
258, 81
258, 82
258, 83
258, 84
258, 85
258, 86
258, 87
258, 88
258, 89
258, 90
258, 91
258, 92
258, 93
258, 94
258, 95
258, 96
258, 97
258, 98
258, 99
258, 100
258, 101
258, 102
258, 103
258, 104
258, 105
258, 106
258, 107
258, 108
258, 109
258, 110
259, 25
259, 26
259, 27
259, 28
259, 29
259, 30
259, 31
259, 32
259, 33
259, 34
259, 35
259, 36
259, 37
259, 38
259, 39
259, 40
259, 41
259, 42
259, 43
259, 44
259, 45
259, 46
259, 47
259, 48
259, 49
259, 50
259, 51
259, 52
259, 53
259, 54
259, 55
259, 56
259, 57
259, 58
259, 59
259, 60
259, 61
259, 62
259, 63
259, 64
259, 65
259, 66
259, 67
259, 68
259, 69
259, 70
259, 71
259, 72
259, 73
259, 74
259, 75
259, 76
259, 77
259, 78
259, 79
259, 80
259, 81
259, 82
259, 83
259, 84
259, 85
259, 86
259, 87
259, 88
259, 89
259, 90
259, 91
259, 92
259, 93
259, 94
259, 95
259, 96
259, 97
259, 98
259, 99
259, 100
259, 101
259, 102
259, 103
259, 104
259, 105
259, 106
259, 107
259, 108
259, 109
259, 110
259, 111
260, 25
260, 26
260, 27
260, 28
260, 29
260, 30
260, 31
260, 32
260, 33
260, 34
260, 35
260, 36
260, 37
260, 38
260, 39
260, 40
260, 41
260, 42
260, 43
260, 44
260, 45
260, 46
260, 47
260, 48
260, 49
260, 50
260, 51
260, 52
260, 53
260, 54
260, 55
260, 56
260, 57
260, 58
260, 59
260, 60
260, 61
260, 62
260, 63
260, 64
260, 65
260, 66
260, 67
260, 68
260, 69
260, 70
260, 71
260, 72
260, 73
260, 74
260, 75
260, 76
260, 77
260, 78
260, 79
260, 80
260, 81
260, 82
260, 83
260, 84
260, 85
260, 86
260, 87
260, 88
260, 89
260, 90
260, 91
260, 92
260, 93
260, 94
260, 95
260, 96
260, 97
260, 98
260, 99
260, 100
260, 101
260, 102
260, 103
260, 104
260, 105
260, 106
260, 107
260, 108
260, 109
260, 110
260, 111
261, 25
261, 26
261, 27
261, 28
261, 29
261, 30
261, 31
261, 32
261, 33
261, 34
261, 35
261, 36
261, 37
261, 38
261, 39
261, 40
261, 41
261, 42
261, 43
261, 44
261, 45
261, 46
261, 47
261, 48
261, 49
261, 50
261, 51
261, 52
261, 53
261, 54
261, 55
261, 56
261, 57
261, 58
261, 59
261, 60
261, 61
261, 62
261, 63
261, 64
261, 65
261, 66
261, 67
261, 68
261, 69
261, 70
261, 71
261, 72
261, 73
261, 74
261, 75
261, 76
261, 77
261, 78
261, 79
261, 80
261, 81
261, 82
261, 83
261, 84
261, 85
261, 86
261, 87
261, 88
261, 89
261, 90
261, 91
261, 92
261, 93
261, 94
261, 95
261, 96
261, 97
261, 98
261, 99
261, 100
261, 101
261, 102
261, 103
261, 104
261, 105
261, 106
261, 107
261, 108
261, 109
261, 110
261, 111
262, 25
262, 26
262, 27
262, 28
262, 29
262, 30
262, 31
262, 32
262, 33
262, 34
262, 35
262, 36
262, 37
262, 38
262, 39
262, 40
262, 41
262, 42
262, 43
262, 44
262, 45
262, 46
262, 47
262, 48
262, 49
262, 50
262, 51
262, 52
262, 53
262, 54
262, 55
262, 56
262, 57
262, 58
262, 59
262, 60
262, 61
262, 62
262, 63
262, 64
262, 65
262, 66
262, 67
262, 68
262, 69
262, 70
262, 71
262, 72
262, 73
262, 74
262, 75
262, 76
262, 77
262, 78
262, 79
262, 80
262, 81
262, 82
262, 83
262, 84
262, 85
262, 86
262, 87
262, 88
262, 89
262, 90
262, 91
262, 92
262, 93
262, 94
262, 95
262, 96
262, 97
262, 98
262, 99
262, 100
262, 101
262, 102
262, 103
262, 104
262, 105
262, 106
262, 107
262, 108
262, 109
262, 110
262, 111
263, 25
263, 26
263, 27
263, 28
263, 29
263, 30
263, 31
263, 32
263, 33
263, 34
263, 35
263, 36
263, 37
263, 38
263, 39
263, 40
263, 41
263, 42
263, 43
263, 44
263, 45
263, 46
263, 47
263, 48
263, 49
263, 50
263, 51
263, 52
263, 53
263, 54
263, 55
263, 56
263, 57
263, 58
263, 59
263, 60
263, 61
263, 62
263, 63
263, 64
263, 65
263, 66
263, 67
263, 68
263, 69
263, 70
263, 71
263, 72
263, 73
263, 74
263, 75
263, 76
263, 77
263, 78
263, 79
263, 80
263, 81
263, 82
263, 83
263, 84
263, 85
263, 86
263, 87
263, 88
263, 89
263, 90
263, 91
263, 92
263, 93
263, 94
263, 95
263, 96
263, 97
263, 98
263, 99
263, 100
263, 101
263, 102
263, 103
263, 104
263, 105
263, 106
263, 107
263, 108
263, 109
263, 110
263, 111
264, 25
264, 26
264, 27
264, 28
264, 29
264, 30
264, 31
264, 32
264, 33
264, 34
264, 35
264, 36
264, 37
264, 38
264, 39
264, 40
264, 41
264, 42
264, 43
264, 44
264, 45
264, 46
264, 47
264, 48
264, 49
264, 50
264, 51
264, 52
264, 53
264, 54
264, 55
264, 56
264, 57
264, 58
264, 59
264, 60
264, 61
264, 62
264, 63
264, 64
264, 65
264, 66
264, 67
264, 68
264, 69
264, 70
264, 71
264, 72
264, 73
264, 74
264, 75
264, 76
264, 77
264, 78
264, 79
264, 80
264, 81
264, 82
264, 83
264, 84
264, 85
264, 86
264, 87
264, 88
264, 89
264, 90
264, 91
264, 92
264, 93
264, 94
264, 95
264, 96
264, 97
264, 98
264, 99
264, 100
264, 101
264, 102
264, 103
264, 104
264, 105
264, 106
264, 107
264, 108
264, 109
264, 110
264, 111
265, 25
265, 26
265, 27
265, 28
265, 29
265, 30
265, 31
265, 32
265, 33
265, 34
265, 35
265, 36
265, 37
265, 38
265, 39
265, 40
265, 41
265, 42
265, 43
265, 44
265, 45
265, 46
265, 47
265, 48
265, 49
265, 50
265, 51
265, 52
265, 53
265, 54
265, 55
265, 56
265, 57
265, 58
265, 59
265, 60
265, 61
265, 62
265, 63
265, 64
265, 65
265, 66
265, 67
265, 68
265, 69
265, 70
265, 71
265, 72
265, 73
265, 74
265, 75
265, 76
265, 77
265, 78
265, 79
265, 80
265, 81
265, 82
265, 83
265, 84
265, 85
265, 86
265, 87
265, 88
265, 89
265, 90
265, 91
265, 92
265, 93
265, 94
265, 95
265, 96
265, 97
265, 98
265, 99
265, 100
265, 101
265, 102
265, 103
265, 104
265, 105
265, 106
265, 107
265, 108
265, 109
265, 110
265, 111
266, 26
266, 27
266, 28
266, 29
266, 30
266, 31
266, 32
266, 33
266, 34
266, 35
266, 36
266, 37
266, 38
266, 39
266, 40
266, 41
266, 42
266, 43
266, 44
266, 45
266, 46
266, 47
266, 48
266, 49
266, 50
266, 51
266, 52
266, 53
266, 54
266, 55
266, 56
266, 57
266, 58
266, 59
266, 60
266, 61
266, 62
266, 63
266, 64
266, 65
266, 66
266, 67
266, 68
266, 69
266, 70
266, 71
266, 72
266, 73
266, 74
266, 75
266, 76
266, 77
266, 78
266, 79
266, 80
266, 81
266, 82
266, 83
266, 84
266, 85
266, 86
266, 87
266, 88
266, 89
266, 90
266, 91
266, 92
266, 93
266, 94
266, 95
266, 96
266, 97
266, 98
266, 99
266, 100
266, 101
266, 102
266, 103
266, 104
266, 105
266, 106
266, 107
266, 108
266, 109
266, 110
266, 111
267, 26
267, 27
267, 28
267, 29
267, 30
267, 31
267, 32
267, 33
267, 34
267, 35
267, 36
267, 37
267, 38
267, 39
267, 40
267, 41
267, 42
267, 43
267, 44
267, 45
267, 46
267, 47
267, 48
267, 49
267, 50
267, 51
267, 52
267, 53
267, 54
267, 55
267, 56
267, 57
267, 58
267, 59
267, 60
267, 61
267, 62
267, 63
267, 64
267, 65
267, 66
267, 67
267, 68
267, 69
267, 70
267, 71
267, 72
267, 73
267, 74
267, 75
267, 76
267, 77
267, 78
267, 79
267, 80
267, 81
267, 82
267, 83
267, 84
267, 85
267, 86
267, 87
267, 88
267, 89
267, 90
267, 91
267, 92
267, 93
267, 94
267, 95
267, 96
267, 97
267, 98
267, 99
267, 100
267, 101
267, 102
267, 103
267, 104
267, 105
267, 106
267, 107
267, 108
267, 109
267, 110
267, 111
268, 26
268, 27
268, 28
268, 29
268, 30
268, 31
268, 32
268, 33
268, 34
268, 35
268, 36
268, 37
268, 38
268, 39
268, 40
268, 41
268, 42
268, 43
268, 44
268, 45
268, 46
268, 47
268, 48
268, 49
268, 50
268, 51
268, 52
268, 53
268, 54
268, 55
268, 56
268, 57
268, 58
268, 59
268, 60
268, 61
268, 62
268, 63
268, 64
268, 65
268, 66
268, 67
268, 68
268, 69
268, 70
268, 71
268, 72
268, 73
268, 74
268, 75
268, 76
268, 77
268, 78
268, 79
268, 80
268, 81
268, 82
268, 83
268, 84
268, 85
268, 86
268, 87
268, 88
268, 89
268, 90
268, 91
268, 92
268, 93
268, 94
268, 95
268, 96
268, 97
268, 98
268, 99
268, 100
268, 101
268, 102
268, 103
268, 104
268, 105
268, 106
268, 107
268, 108
268, 109
268, 110
268, 111
268, 112
269, 26
269, 27
269, 28
269, 29
269, 30
269, 31
269, 32
269, 33
269, 34
269, 35
269, 36
269, 37
269, 38
269, 39
269, 40
269, 41
269, 42
269, 43
269, 44
269, 45
269, 46
269, 47
269, 48
269, 49
269, 50
269, 51
269, 52
269, 53
269, 54
269, 55
269, 56
269, 57
269, 58
269, 59
269, 60
269, 61
269, 62
269, 63
269, 64
269, 65
269, 66
269, 67
269, 68
269, 69
269, 70
269, 71
269, 72
269, 73
269, 74
269, 75
269, 76
269, 77
269, 78
269, 79
269, 80
269, 81
269, 82
269, 83
269, 84
269, 85
269, 86
269, 87
269, 88
269, 89
269, 90
269, 91
269, 92
269, 93
269, 94
269, 95
269, 96
269, 97
269, 98
269, 99
269, 100
269, 101
269, 102
269, 103
269, 104
269, 105
269, 106
269, 107
269, 108
269, 109
269, 110
269, 111
269, 112
270, 26
270, 27
270, 28
270, 29
270, 30
270, 31
270, 32
270, 33
270, 34
270, 35
270, 36
270, 37
270, 38
270, 39
270, 40
270, 41
270, 42
270, 43
270, 44
270, 45
270, 46
270, 47
270, 48
270, 49
270, 50
270, 51
270, 52
270, 53
270, 54
270, 55
270, 56
270, 57
270, 58
270, 59
270, 60
270, 61
270, 62
270, 63
270, 64
270, 65
270, 66
270, 67
270, 68
270, 69
270, 70
270, 71
270, 72
270, 73
270, 74
270, 75
270, 76
270, 77
270, 78
270, 79
270, 80
270, 81
270, 82
270, 83
270, 84
270, 85
270, 86
270, 87
270, 88
270, 89
270, 90
270, 91
270, 92
270, 93
270, 94
270, 95
270, 96
270, 97
270, 98
270, 99
270, 100
270, 101
270, 102
270, 103
270, 104
270, 105
270, 106
270, 107
270, 108
270, 109
270, 110
270, 111
270, 112
271, 27
271, 28
271, 29
271, 30
271, 31
271, 32
271, 33
271, 34
271, 35
271, 36
271, 37
271, 38
271, 39
271, 40
271, 41
271, 42
271, 43
271, 44
271, 45
271, 46
271, 47
271, 48
271, 49
271, 50
271, 51
271, 52
271, 53
271, 54
271, 55
271, 56
271, 57
271, 58
271, 59
271, 60
271, 61
271, 62
271, 63
271, 64
271, 65
271, 66
271, 67
271, 68
271, 69
271, 70
271, 71
271, 72
271, 73
271, 74
271, 75
271, 76
271, 77
271, 78
271, 79
271, 80
271, 81
271, 82
271, 83
271, 84
271, 85
271, 86
271, 87
271, 88
271, 89
271, 90
271, 91
271, 92
271, 93
271, 94
271, 95
271, 96
271, 97
271, 98
271, 99
271, 100
271, 101
271, 102
271, 103
271, 104
271, 105
271, 106
271, 107
271, 108
271, 109
271, 110
271, 111
271, 112
272, 27
272, 28
272, 29
272, 30
272, 31
272, 32
272, 33
272, 34
272, 35
272, 36
272, 37
272, 38
272, 39
272, 40
272, 41
272, 42
272, 43
272, 44
272, 45
272, 46
272, 47
272, 48
272, 49
272, 50
272, 51
272, 52
272, 53
272, 54
272, 55
272, 56
272, 57
272, 58
272, 59
272, 60
272, 61
272, 62
272, 63
272, 64
272, 65
272, 66
272, 67
272, 68
272, 69
272, 70
272, 71
272, 72
272, 73
272, 74
272, 75
272, 76
272, 77
272, 78
272, 79
272, 80
272, 81
272, 82
272, 83
272, 84
272, 85
272, 86
272, 87
272, 88
272, 89
272, 90
272, 91
272, 92
272, 93
272, 94
272, 95
272, 96
272, 97
272, 98
272, 99
272, 100
272, 101
272, 102
272, 103
272, 104
272, 105
272, 106
272, 107
272, 108
272, 109
272, 110
272, 111
272, 112
273, 27
273, 28
273, 29
273, 30
273, 31
273, 32
273, 33
273, 34
273, 35
273, 36
273, 37
273, 38
273, 39
273, 40
273, 41
273, 42
273, 43
273, 44
273, 45
273, 46
273, 47
273, 48
273, 49
273, 50
273, 51
273, 52
273, 53
273, 54
273, 55
273, 56
273, 57
273, 58
273, 59
273, 60
273, 61
273, 62
273, 63
273, 64
273, 65
273, 66
273, 67
273, 68
273, 69
273, 70
273, 71
273, 72
273, 73
273, 74
273, 75
273, 76
273, 77
273, 78
273, 79
273, 80
273, 81
273, 82
273, 83
273, 84
273, 85
273, 86
273, 87
273, 88
273, 89
273, 90
273, 91
273, 92
273, 93
273, 94
273, 95
273, 96
273, 97
273, 98
273, 99
273, 100
273, 101
273, 102
273, 103
273, 104
273, 105
273, 106
273, 107
273, 108
273, 109
273, 110
273, 111
273, 112
274, 28
274, 29
274, 30
274, 31
274, 32
274, 33
274, 34
274, 35
274, 36
274, 37
274, 38
274, 39
274, 40
274, 41
274, 42
274, 43
274, 44
274, 45
274, 46
274, 47
274, 48
274, 49
274, 50
274, 51
274, 52
274, 53
274, 54
274, 55
274, 56
274, 57
274, 58
274, 59
274, 60
274, 61
274, 62
274, 63
274, 64
274, 65
274, 66
274, 67
274, 68
274, 69
274, 70
274, 71
274, 72
274, 73
274, 74
274, 75
274, 76
274, 77
274, 78
274, 79
274, 80
274, 81
274, 82
274, 83
274, 84
274, 85
274, 86
274, 87
274, 88
274, 89
274, 90
274, 91
274, 92
274, 93
274, 94
274, 95
274, 96
274, 97
274, 98
274, 99
274, 100
274, 101
274, 102
274, 103
274, 104
274, 105
274, 106
274, 107
274, 108
274, 109
274, 110
274, 111
274, 112
275, 28
275, 29
275, 30
275, 31
275, 32
275, 33
275, 34
275, 35
275, 36
275, 37
275, 38
275, 39
275, 40
275, 41
275, 42
275, 43
275, 44
275, 45
275, 46
275, 47
275, 48
275, 49
275, 50
275, 51
275, 52
275, 53
275, 54
275, 55
275, 56
275, 57
275, 58
275, 59
275, 60
275, 61
275, 62
275, 63
275, 64
275, 65
275, 66
275, 67
275, 68
275, 69
275, 70
275, 71
275, 72
275, 73
275, 74
275, 75
275, 76
275, 77
275, 78
275, 79
275, 80
275, 81
275, 82
275, 83
275, 84
275, 85
275, 86
275, 87
275, 88
275, 89
275, 90
275, 91
275, 92
275, 93
275, 94
275, 95
275, 96
275, 97
275, 98
275, 99
275, 100
275, 101
275, 102
275, 103
275, 104
275, 105
275, 106
275, 107
275, 108
275, 109
275, 110
275, 111
275, 112
276, 29
276, 30
276, 31
276, 32
276, 33
276, 34
276, 35
276, 36
276, 37
276, 38
276, 39
276, 40
276, 41
276, 42
276, 43
276, 44
276, 45
276, 46
276, 47
276, 48
276, 49
276, 50
276, 51
276, 52
276, 53
276, 54
276, 55
276, 56
276, 57
276, 58
276, 59
276, 60
276, 61
276, 62
276, 63
276, 64
276, 65
276, 66
276, 67
276, 68
276, 69
276, 70
276, 71
276, 72
276, 73
276, 74
276, 75
276, 76
276, 77
276, 78
276, 79
276, 80
276, 81
276, 82
276, 83
276, 84
276, 85
276, 86
276, 87
276, 88
276, 89
276, 90
276, 91
276, 92
276, 93
276, 94
276, 95
276, 96
276, 97
276, 98
276, 99
276, 100
276, 101
276, 102
276, 103
276, 104
276, 105
276, 106
276, 107
276, 108
276, 109
276, 110
276, 111
276, 112
277, 30
277, 31
277, 32
277, 33
277, 34
277, 35
277, 36
277, 37
277, 38
277, 39
277, 40
277, 41
277, 42
277, 43
277, 44
277, 45
277, 46
277, 47
277, 48
277, 49
277, 50
277, 51
277, 52
277, 53
277, 54
277, 55
277, 56
277, 57
277, 58
277, 59
277, 60
277, 61
277, 62
277, 63
277, 64
277, 65
277, 66
277, 67
277, 68
277, 69
277, 70
277, 71
277, 72
277, 73
277, 74
277, 75
277, 76
277, 77
277, 78
277, 79
277, 80
277, 81
277, 82
277, 83
277, 84
277, 85
277, 86
277, 87
277, 88
277, 89
277, 90
277, 91
277, 92
277, 93
277, 94
277, 95
277, 96
277, 97
277, 98
277, 99
277, 100
277, 101
277, 102
277, 103
277, 104
277, 105
277, 106
277, 107
277, 108
277, 109
277, 110
277, 111
277, 112
278, 31
278, 32
278, 33
278, 34
278, 35
278, 36
278, 37
278, 38
278, 39
278, 40
278, 41
278, 42
278, 43
278, 44
278, 45
278, 46
278, 47
278, 48
278, 49
278, 50
278, 51
278, 52
278, 53
278, 54
278, 55
278, 56
278, 57
278, 58
278, 59
278, 60
278, 61
278, 62
278, 63
278, 64
278, 65
278, 66
278, 67
278, 68
278, 69
278, 70
278, 71
278, 72
278, 73
278, 74
278, 75
278, 76
278, 77
278, 78
278, 79
278, 80
278, 81
278, 82
278, 83
278, 84
278, 85
278, 86
278, 87
278, 88
278, 89
278, 90
278, 91
278, 92
278, 93
278, 94
278, 95
278, 96
278, 97
278, 98
278, 99
278, 100
278, 101
278, 102
278, 103
278, 104
278, 105
278, 106
278, 107
278, 108
278, 109
278, 110
278, 111
278, 112
279, 32
279, 33
279, 34
279, 35
279, 36
279, 37
279, 38
279, 39
279, 40
279, 41
279, 42
279, 43
279, 44
279, 45
279, 46
279, 47
279, 48
279, 49
279, 50
279, 51
279, 52
279, 53
279, 54
279, 55
279, 56
279, 57
279, 58
279, 59
279, 60
279, 61
279, 62
279, 63
279, 64
279, 65
279, 66
279, 67
279, 68
279, 69
279, 70
279, 71
279, 72
279, 73
279, 74
279, 75
279, 76
279, 77
279, 78
279, 79
279, 80
279, 81
279, 82
279, 83
279, 84
279, 85
279, 86
279, 87
279, 88
279, 89
279, 90
279, 91
279, 92
279, 93
279, 94
279, 95
279, 96
279, 97
279, 98
279, 99
279, 100
279, 101
279, 102
279, 103
279, 104
279, 105
279, 106
279, 107
279, 108
279, 109
279, 110
279, 111
279, 112
280, 32
280, 33
280, 34
280, 35
280, 36
280, 37
280, 38
280, 39
280, 40
280, 41
280, 42
280, 43
280, 44
280, 45
280, 46
280, 47
280, 48
280, 49
280, 50
280, 51
280, 52
280, 53
280, 54
280, 55
280, 56
280, 57
280, 58
280, 59
280, 60
280, 61
280, 62
280, 63
280, 64
280, 65
280, 66
280, 67
280, 68
280, 69
280, 70
280, 71
280, 72
280, 73
280, 74
280, 75
280, 76
280, 77
280, 78
280, 79
280, 80
280, 81
280, 82
280, 83
280, 84
280, 85
280, 86
280, 87
280, 88
280, 89
280, 90
280, 91
280, 92
280, 93
280, 94
280, 95
280, 96
280, 97
280, 98
280, 99
280, 100
280, 101
280, 102
280, 103
280, 104
280, 105
280, 106
280, 107
280, 108
280, 109
280, 110
280, 111
280, 112
281, 32
281, 33
281, 34
281, 35
281, 36
281, 37
281, 38
281, 39
281, 40
281, 41
281, 42
281, 43
281, 44
281, 45
281, 46
281, 47
281, 48
281, 49
281, 50
281, 51
281, 52
281, 53
281, 54
281, 55
281, 56
281, 57
281, 58
281, 59
281, 60
281, 61
281, 62
281, 63
281, 64
281, 65
281, 66
281, 67
281, 68
281, 69
281, 70
281, 71
281, 72
281, 73
281, 74
281, 75
281, 76
281, 77
281, 78
281, 79
281, 80
281, 81
281, 82
281, 83
281, 84
281, 85
281, 86
281, 87
281, 88
281, 89
281, 90
281, 91
281, 92
281, 93
281, 94
281, 95
281, 96
281, 97
281, 98
281, 99
281, 100
281, 101
281, 102
281, 103
281, 104
281, 105
281, 106
281, 107
281, 108
281, 109
281, 110
281, 111
281, 112
282, 32
282, 33
282, 34
282, 35
282, 36
282, 37
282, 38
282, 39
282, 40
282, 41
282, 42
282, 43
282, 44
282, 45
282, 46
282, 47
282, 48
282, 49
282, 50
282, 51
282, 52
282, 53
282, 54
282, 55
282, 56
282, 57
282, 58
282, 59
282, 60
282, 61
282, 62
282, 63
282, 64
282, 65
282, 66
282, 67
282, 68
282, 69
282, 70
282, 71
282, 72
282, 73
282, 74
282, 75
282, 76
282, 77
282, 78
282, 79
282, 80
282, 81
282, 82
282, 83
282, 84
282, 85
282, 86
282, 87
282, 88
282, 89
282, 90
282, 91
282, 92
282, 93
282, 94
282, 95
282, 96
282, 97
282, 98
282, 99
282, 100
282, 101
282, 102
282, 103
282, 104
282, 105
282, 106
282, 107
282, 108
282, 109
282, 110
282, 111
283, 32
283, 33
283, 34
283, 35
283, 36
283, 37
283, 38
283, 39
283, 40
283, 41
283, 42
283, 43
283, 44
283, 45
283, 46
283, 47
283, 48
283, 49
283, 50
283, 51
283, 52
283, 53
283, 54
283, 55
283, 56
283, 57
283, 58
283, 59
283, 60
283, 61
283, 62
283, 63
283, 64
283, 65
283, 66
283, 67
283, 68
283, 69
283, 70
283, 71
283, 72
283, 73
283, 74
283, 75
283, 76
283, 77
283, 78
283, 79
283, 80
283, 81
283, 82
283, 83
283, 84
283, 85
283, 86
283, 87
283, 88
283, 89
283, 90
283, 91
283, 92
283, 93
283, 94
283, 95
283, 96
283, 97
283, 98
283, 99
283, 100
283, 101
283, 102
283, 103
283, 104
283, 105
283, 106
283, 107
283, 108
283, 109
283, 110
283, 111
284, 32
284, 33
284, 34
284, 35
284, 36
284, 37
284, 38
284, 39
284, 40
284, 41
284, 42
284, 43
284, 44
284, 45
284, 46
284, 47
284, 48
284, 49
284, 50
284, 51
284, 52
284, 53
284, 54
284, 55
284, 56
284, 57
284, 58
284, 59
284, 60
284, 61
284, 62
284, 63
284, 64
284, 65
284, 66
284, 67
284, 68
284, 69
284, 70
284, 71
284, 72
284, 73
284, 74
284, 75
284, 76
284, 77
284, 78
284, 79
284, 80
284, 81
284, 82
284, 83
284, 84
284, 85
284, 86
284, 87
284, 88
284, 89
284, 90
284, 91
284, 92
284, 93
284, 94
284, 95
284, 96
284, 97
284, 98
284, 99
284, 100
284, 101
284, 102
284, 103
284, 104
284, 105
284, 106
284, 107
284, 108
284, 109
284, 110
284, 111
285, 32
285, 33
285, 34
285, 35
285, 36
285, 37
285, 38
285, 39
285, 40
285, 41
285, 42
285, 43
285, 44
285, 45
285, 46
285, 47
285, 48
285, 49
285, 50
285, 51
285, 52
285, 53
285, 54
285, 55
285, 56
285, 57
285, 58
285, 59
285, 60
285, 61
285, 62
285, 63
285, 64
285, 65
285, 66
285, 67
285, 68
285, 69
285, 70
285, 71
285, 72
285, 73
285, 74
285, 75
285, 76
285, 77
285, 78
285, 79
285, 80
285, 81
285, 82
285, 83
285, 84
285, 85
285, 86
285, 87
285, 88
285, 89
285, 90
285, 91
285, 92
285, 93
285, 94
285, 95
285, 96
285, 97
285, 98
285, 99
285, 100
285, 101
285, 102
285, 103
285, 104
285, 105
285, 106
285, 107
285, 108
285, 109
285, 110
285, 111
286, 32
286, 33
286, 34
286, 35
286, 36
286, 37
286, 38
286, 39
286, 40
286, 41
286, 42
286, 43
286, 44
286, 45
286, 46
286, 47
286, 48
286, 49
286, 50
286, 51
286, 52
286, 53
286, 54
286, 55
286, 56
286, 57
286, 58
286, 59
286, 60
286, 61
286, 62
286, 63
286, 64
286, 65
286, 66
286, 67
286, 68
286, 69
286, 70
286, 71
286, 72
286, 73
286, 74
286, 75
286, 76
286, 77
286, 78
286, 79
286, 80
286, 81
286, 82
286, 83
286, 84
286, 85
286, 86
286, 87
286, 88
286, 89
286, 90
286, 91
286, 92
286, 93
286, 94
286, 95
286, 96
286, 97
286, 98
286, 99
286, 100
286, 101
286, 102
286, 103
286, 104
286, 105
286, 106
286, 107
286, 108
286, 109
287, 32
287, 33
287, 34
287, 35
287, 36
287, 37
287, 38
287, 39
287, 40
287, 41
287, 42
287, 43
287, 44
287, 45
287, 46
287, 47
287, 48
287, 49
287, 50
287, 51
287, 52
287, 53
287, 54
287, 55
287, 56
287, 57
287, 58
287, 59
287, 60
287, 61
287, 62
287, 63
287, 64
287, 65
287, 68
287, 69
287, 70
287, 71
287, 72
287, 73
287, 74
287, 75
287, 76
287, 77
287, 78
287, 79
287, 80
287, 81
287, 82
287, 83
287, 84
287, 85
287, 86
287, 87
287, 88
287, 89
287, 90
287, 91
287, 92
287, 93
287, 94
287, 95
287, 96
287, 97
287, 98
287, 99
287, 100
287, 101
287, 102
287, 103
287, 104
287, 105
287, 106
287, 107
287, 108
287, 109
288, 32
288, 33
288, 34
288, 35
288, 36
288, 37
288, 38
288, 39
288, 40
288, 41
288, 42
288, 43
288, 44
288, 45
288, 46
288, 47
288, 48
288, 49
288, 50
288, 51
288, 52
288, 53
288, 54
288, 55
288, 56
288, 57
288, 58
288, 59
288, 60
288, 61
288, 62
288, 63
288, 64
288, 70
288, 71
288, 72
288, 73
288, 74
288, 75
288, 76
288, 77
288, 78
288, 79
288, 80
288, 81
288, 82
288, 83
288, 84
288, 85
288, 86
288, 87
288, 88
288, 89
288, 90
288, 91
288, 92
288, 93
288, 94
288, 95
288, 96
288, 97
288, 98
288, 99
288, 100
288, 101
288, 102
288, 103
288, 104
288, 105
288, 106
288, 107
288, 108
288, 109
289, 32
289, 33
289, 34
289, 35
289, 36
289, 37
289, 38
289, 39
289, 40
289, 41
289, 42
289, 43
289, 44
289, 45
289, 46
289, 47
289, 48
289, 49
289, 50
289, 51
289, 52
289, 53
289, 54
289, 55
289, 56
289, 57
289, 58
289, 59
289, 60
289, 61
289, 62
289, 63
289, 71
289, 72
289, 73
289, 74
289, 75
289, 76
289, 77
289, 78
289, 79
289, 80
289, 81
289, 82
289, 83
289, 84
289, 85
289, 86
289, 87
289, 88
289, 89
289, 90
289, 91
289, 92
289, 93
289, 94
289, 95
289, 96
289, 97
289, 98
289, 99
289, 100
289, 101
289, 102
289, 103
289, 104
289, 105
289, 106
289, 107
289, 108
289, 109
290, 32
290, 33
290, 34
290, 35
290, 36
290, 37
290, 38
290, 39
290, 40
290, 41
290, 42
290, 43
290, 44
290, 45
290, 46
290, 47
290, 48
290, 49
290, 50
290, 51
290, 52
290, 53
290, 54
290, 55
290, 56
290, 57
290, 58
290, 59
290, 60
290, 61
290, 62
290, 71
290, 72
290, 73
290, 74
290, 75
290, 76
290, 77
290, 78
290, 79
290, 80
290, 81
290, 82
290, 83
290, 84
290, 85
290, 86
290, 87
290, 88
290, 89
290, 90
290, 91
290, 92
290, 93
290, 94
290, 95
290, 96
290, 97
290, 98
290, 99
290, 100
290, 101
290, 102
290, 103
290, 104
290, 105
290, 106
290, 107
290, 108
290, 109
291, 32
291, 33
291, 34
291, 35
291, 36
291, 37
291, 38
291, 39
291, 40
291, 41
291, 42
291, 43
291, 44
291, 45
291, 46
291, 47
291, 48
291, 49
291, 50
291, 51
291, 52
291, 53
291, 54
291, 55
291, 56
291, 57
291, 58
291, 59
291, 60
291, 61
291, 72
291, 73
291, 74
291, 75
291, 76
291, 77
291, 78
291, 79
291, 80
291, 81
291, 82
291, 83
291, 84
291, 85
291, 86
291, 87
291, 88
291, 89
291, 90
291, 91
291, 92
291, 93
291, 94
291, 95
291, 96
291, 97
291, 98
291, 99
291, 100
291, 101
291, 102
291, 103
291, 104
291, 105
291, 106
291, 107
291, 108
291, 109
292, 32
292, 33
292, 34
292, 35
292, 36
292, 37
292, 38
292, 39
292, 40
292, 41
292, 42
292, 43
292, 44
292, 45
292, 46
292, 47
292, 48
292, 49
292, 50
292, 51
292, 52
292, 53
292, 54
292, 55
292, 56
292, 57
292, 58
292, 59
292, 60
292, 61
292, 73
292, 74
292, 75
292, 76
292, 77
292, 78
292, 79
292, 80
292, 81
292, 82
292, 83
292, 84
292, 85
292, 86
292, 87
292, 88
292, 89
292, 90
292, 91
292, 92
292, 93
292, 94
292, 95
292, 96
292, 97
292, 98
292, 99
292, 100
292, 101
292, 102
292, 103
292, 104
292, 105
292, 106
292, 107
292, 108
292, 109
293, 32
293, 33
293, 34
293, 35
293, 36
293, 37
293, 38
293, 39
293, 40
293, 41
293, 42
293, 43
293, 44
293, 45
293, 46
293, 47
293, 48
293, 49
293, 50
293, 51
293, 52
293, 53
293, 54
293, 55
293, 56
293, 57
293, 58
293, 59
293, 60
293, 61
293, 73
293, 74
293, 75
293, 76
293, 77
293, 78
293, 79
293, 80
293, 81
293, 82
293, 83
293, 84
293, 85
293, 86
293, 87
293, 88
293, 89
293, 90
293, 91
293, 92
293, 93
293, 94
293, 95
293, 96
293, 97
293, 98
293, 99
293, 100
293, 101
293, 102
293, 103
293, 104
293, 105
293, 106
293, 107
293, 108
293, 109
294, 32
294, 33
294, 34
294, 35
294, 36
294, 37
294, 38
294, 39
294, 40
294, 41
294, 42
294, 43
294, 44
294, 45
294, 46
294, 47
294, 48
294, 49
294, 50
294, 51
294, 52
294, 53
294, 54
294, 55
294, 56
294, 57
294, 58
294, 59
294, 60
294, 61
294, 62
294, 74
294, 75
294, 76
294, 77
294, 78
294, 79
294, 80
294, 81
294, 82
294, 83
294, 84
294, 85
294, 86
294, 87
294, 88
294, 89
294, 90
294, 91
294, 92
294, 93
294, 94
294, 95
294, 96
294, 97
294, 98
294, 99
294, 100
294, 101
294, 102
294, 103
294, 104
294, 105
294, 106
294, 107
294, 108
294, 109
295, 32
295, 33
295, 34
295, 35
295, 36
295, 37
295, 38
295, 39
295, 40
295, 41
295, 42
295, 43
295, 44
295, 45
295, 46
295, 47
295, 48
295, 49
295, 50
295, 51
295, 52
295, 53
295, 54
295, 55
295, 56
295, 57
295, 58
295, 59
295, 60
295, 61
295, 62
295, 74
295, 75
295, 76
295, 77
295, 78
295, 79
295, 80
295, 81
295, 82
295, 83
295, 84
295, 85
295, 86
295, 87
295, 88
295, 89
295, 90
295, 91
295, 92
295, 93
295, 94
295, 95
295, 96
295, 97
295, 98
295, 99
295, 100
295, 101
295, 102
295, 103
295, 104
295, 105
295, 106
295, 107
295, 108
295, 109
296, 32
296, 33
296, 34
296, 35
296, 36
296, 37
296, 38
296, 39
296, 40
296, 41
296, 42
296, 43
296, 44
296, 45
296, 46
296, 47
296, 48
296, 49
296, 50
296, 51
296, 52
296, 53
296, 54
296, 55
296, 56
296, 57
296, 58
296, 59
296, 60
296, 61
296, 62
296, 75
296, 76
296, 77
296, 78
296, 79
296, 80
296, 81
296, 82
296, 83
296, 84
296, 85
296, 86
296, 87
296, 88
296, 89
296, 90
296, 91
296, 92
296, 93
296, 94
296, 95
296, 96
296, 97
296, 98
296, 99
296, 100
296, 101
296, 102
296, 103
296, 104
296, 105
296, 106
296, 107
296, 108
296, 109
297, 32
297, 33
297, 34
297, 35
297, 36
297, 37
297, 38
297, 39
297, 40
297, 41
297, 42
297, 43
297, 44
297, 45
297, 46
297, 47
297, 48
297, 49
297, 50
297, 51
297, 52
297, 53
297, 54
297, 55
297, 56
297, 57
297, 58
297, 59
297, 60
297, 61
297, 62
297, 75
297, 76
297, 77
297, 78
297, 79
297, 80
297, 81
297, 82
297, 83
297, 84
297, 85
297, 86
297, 87
297, 88
297, 89
297, 90
297, 91
297, 92
297, 93
297, 94
297, 95
297, 96
297, 97
297, 98
297, 99
297, 100
297, 101
297, 102
297, 103
297, 104
297, 105
297, 106
297, 107
297, 108
297, 109
298, 32
298, 33
298, 34
298, 35
298, 36
298, 37
298, 38
298, 39
298, 40
298, 41
298, 42
298, 43
298, 44
298, 45
298, 46
298, 47
298, 48
298, 49
298, 50
298, 51
298, 52
298, 53
298, 54
298, 55
298, 56
298, 57
298, 58
298, 59
298, 60
298, 61
298, 62
298, 75
298, 76
298, 77
298, 78
298, 79
298, 80
298, 81
298, 82
298, 83
298, 84
298, 85
298, 86
298, 87
298, 88
298, 89
298, 90
298, 91
298, 92
298, 93
298, 94
298, 95
298, 96
298, 97
298, 98
298, 99
298, 100
298, 101
298, 102
298, 103
298, 104
298, 105
298, 106
298, 107
298, 108
298, 109
299, 32
299, 33
299, 34
299, 35
299, 36
299, 37
299, 38
299, 39
299, 40
299, 41
299, 42
299, 43
299, 44
299, 45
299, 46
299, 47
299, 48
299, 49
299, 50
299, 51
299, 52
299, 53
299, 54
299, 55
299, 56
299, 57
299, 58
299, 59
299, 60
299, 61
299, 62
299, 76
299, 77
299, 78
299, 79
299, 80
299, 81
299, 82
299, 83
299, 84
299, 85
299, 86
299, 87
299, 88
299, 89
299, 90
299, 91
299, 92
299, 93
299, 94
299, 95
299, 96
299, 97
299, 98
299, 99
299, 100
299, 101
299, 102
299, 103
299, 104
299, 105
299, 106
299, 107
299, 108
299, 109
300, 32
300, 33
300, 34
300, 35
300, 36
300, 37
300, 38
300, 39
300, 40
300, 41
300, 42
300, 43
300, 44
300, 45
300, 46
300, 47
300, 48
300, 49
300, 50
300, 51
300, 52
300, 53
300, 54
300, 55
300, 56
300, 57
300, 58
300, 59
300, 60
300, 61
300, 62
300, 76
300, 77
300, 78
300, 79
300, 80
300, 81
300, 82
300, 83
300, 84
300, 85
300, 86
300, 87
300, 88
300, 89
300, 90
300, 91
300, 92
300, 93
300, 94
300, 95
300, 96
300, 97
300, 98
300, 99
300, 100
300, 101
300, 102
300, 103
300, 104
300, 105
300, 106
300, 107
300, 108
300, 109
301, 32
301, 33
301, 34
301, 35
301, 36
301, 37
301, 38
301, 39
301, 40
301, 41
301, 42
301, 43
301, 44
301, 45
301, 46
301, 47
301, 48
301, 49
301, 50
301, 51
301, 52
301, 53
301, 54
301, 55
301, 56
301, 57
301, 58
301, 59
301, 60
301, 61
301, 76
301, 77
301, 78
301, 79
301, 80
301, 81
301, 82
301, 83
301, 84
301, 85
301, 86
301, 87
301, 88
301, 89
301, 90
301, 91
301, 92
301, 93
301, 94
301, 95
301, 96
301, 97
301, 98
301, 99
301, 100
301, 101
301, 102
301, 103
301, 104
301, 105
301, 106
301, 107
301, 108
301, 109
302, 33
302, 34
302, 35
302, 36
302, 37
302, 38
302, 39
302, 40
302, 41
302, 42
302, 43
302, 44
302, 45
302, 46
302, 47
302, 48
302, 49
302, 50
302, 51
302, 52
302, 53
302, 54
302, 55
302, 56
302, 57
302, 58
302, 59
302, 60
302, 61
302, 76
302, 77
302, 78
302, 79
302, 80
302, 81
302, 82
302, 83
302, 84
302, 85
302, 86
302, 87
302, 88
302, 89
302, 90
302, 91
302, 92
302, 93
302, 94
302, 95
302, 96
302, 97
302, 98
302, 99
302, 100
302, 101
302, 102
302, 103
302, 104
302, 105
302, 106
302, 107
302, 108
302, 109
303, 33
303, 34
303, 35
303, 36
303, 37
303, 38
303, 39
303, 40
303, 41
303, 42
303, 43
303, 44
303, 45
303, 46
303, 47
303, 48
303, 49
303, 50
303, 51
303, 52
303, 53
303, 54
303, 55
303, 56
303, 57
303, 58
303, 59
303, 60
303, 61
303, 76
303, 77
303, 78
303, 79
303, 80
303, 81
303, 82
303, 83
303, 84
303, 85
303, 86
303, 87
303, 88
303, 89
303, 90
303, 91
303, 92
303, 93
303, 94
303, 95
303, 96
303, 97
303, 98
303, 99
303, 100
303, 101
303, 102
303, 103
303, 104
303, 105
303, 106
303, 107
303, 108
303, 109
304, 33
304, 34
304, 35
304, 36
304, 37
304, 38
304, 39
304, 40
304, 41
304, 42
304, 43
304, 44
304, 45
304, 46
304, 47
304, 48
304, 49
304, 50
304, 51
304, 52
304, 53
304, 54
304, 55
304, 56
304, 57
304, 58
304, 59
304, 60
304, 61
304, 76
304, 77
304, 78
304, 79
304, 80
304, 81
304, 82
304, 83
304, 84
304, 85
304, 86
304, 87
304, 88
304, 89
304, 90
304, 91
304, 92
304, 93
304, 94
304, 95
304, 96
304, 97
304, 98
304, 99
304, 100
304, 101
304, 102
304, 103
304, 104
304, 105
304, 106
304, 107
304, 108
304, 109
305, 33
305, 34
305, 35
305, 36
305, 37
305, 38
305, 39
305, 40
305, 41
305, 42
305, 43
305, 44
305, 45
305, 46
305, 47
305, 48
305, 49
305, 50
305, 51
305, 52
305, 53
305, 54
305, 55
305, 56
305, 57
305, 58
305, 59
305, 60
305, 61
305, 76
305, 77
305, 78
305, 79
305, 80
305, 81
305, 82
305, 83
305, 84
305, 85
305, 86
305, 87
305, 88
305, 89
305, 90
305, 91
305, 92
305, 93
305, 94
305, 95
305, 96
305, 97
305, 98
305, 99
305, 100
305, 101
305, 102
305, 103
305, 104
305, 105
305, 106
305, 107
305, 108
305, 109
306, 33
306, 34
306, 35
306, 36
306, 37
306, 38
306, 39
306, 40
306, 41
306, 42
306, 43
306, 44
306, 45
306, 46
306, 47
306, 48
306, 49
306, 50
306, 51
306, 52
306, 53
306, 54
306, 55
306, 56
306, 57
306, 58
306, 59
306, 60
306, 61
306, 76
306, 77
306, 78
306, 79
306, 80
306, 81
306, 82
306, 83
306, 84
306, 85
306, 86
306, 87
306, 88
306, 89
306, 90
306, 91
306, 92
306, 93
306, 94
306, 95
306, 96
306, 97
306, 98
306, 99
306, 100
306, 101
306, 102
306, 103
306, 104
306, 105
306, 106
306, 107
306, 108
306, 109
307, 33
307, 34
307, 35
307, 36
307, 37
307, 38
307, 39
307, 40
307, 41
307, 42
307, 43
307, 44
307, 45
307, 46
307, 47
307, 48
307, 49
307, 50
307, 51
307, 52
307, 53
307, 54
307, 55
307, 56
307, 57
307, 58
307, 59
307, 60
307, 61
307, 76
307, 77
307, 78
307, 79
307, 80
307, 81
307, 82
307, 83
307, 84
307, 85
307, 86
307, 87
307, 88
307, 89
307, 90
307, 91
307, 92
307, 93
307, 94
307, 95
307, 96
307, 97
307, 98
307, 99
307, 100
307, 101
307, 102
307, 103
307, 104
307, 105
307, 106
307, 107
307, 108
307, 109
308, 33
308, 34
308, 35
308, 36
308, 37
308, 38
308, 39
308, 40
308, 41
308, 42
308, 43
308, 44
308, 45
308, 46
308, 47
308, 48
308, 49
308, 50
308, 51
308, 52
308, 53
308, 54
308, 55
308, 56
308, 57
308, 58
308, 59
308, 60
308, 61
308, 76
308, 77
308, 78
308, 79
308, 80
308, 81
308, 82
308, 83
308, 84
308, 85
308, 86
308, 87
308, 88
308, 89
308, 90
308, 91
308, 92
308, 93
308, 94
308, 95
308, 96
308, 97
308, 98
308, 99
308, 100
308, 101
308, 102
308, 103
308, 104
308, 105
308, 106
308, 107
308, 108
308, 109
309, 33
309, 34
309, 35
309, 36
309, 37
309, 38
309, 39
309, 40
309, 41
309, 42
309, 43
309, 44
309, 45
309, 46
309, 47
309, 48
309, 49
309, 50
309, 51
309, 52
309, 53
309, 54
309, 55
309, 56
309, 57
309, 58
309, 59
309, 60
309, 61
309, 76
309, 77
309, 78
309, 79
309, 80
309, 81
309, 82
309, 83
309, 84
309, 85
309, 86
309, 87
309, 88
309, 89
309, 90
309, 91
309, 92
309, 93
309, 94
309, 95
309, 96
309, 97
309, 98
309, 99
309, 100
309, 101
309, 102
309, 103
309, 104
309, 105
309, 106
309, 107
309, 108
309, 109
310, 33
310, 34
310, 35
310, 36
310, 37
310, 38
310, 39
310, 40
310, 41
310, 42
310, 43
310, 44
310, 45
310, 46
310, 47
310, 48
310, 49
310, 50
310, 51
310, 52
310, 53
310, 54
310, 55
310, 56
310, 57
310, 58
310, 59
310, 60
310, 61
310, 76
310, 77
310, 78
310, 79
310, 80
310, 81
310, 82
310, 83
310, 84
310, 85
310, 86
310, 87
310, 88
310, 89
310, 90
310, 91
310, 92
310, 93
310, 94
310, 95
310, 96
310, 97
310, 98
310, 99
310, 100
310, 101
310, 102
310, 103
310, 104
310, 105
310, 106
310, 107
310, 108
310, 109
311, 33
311, 34
311, 35
311, 36
311, 37
311, 38
311, 39
311, 40
311, 41
311, 42
311, 43
311, 44
311, 45
311, 46
311, 47
311, 48
311, 49
311, 50
311, 51
311, 52
311, 53
311, 54
311, 55
311, 56
311, 57
311, 58
311, 59
311, 60
311, 61
311, 76
311, 77
311, 78
311, 79
311, 80
311, 81
311, 82
311, 83
311, 84
311, 85
311, 86
311, 87
311, 88
311, 89
311, 90
311, 91
311, 92
311, 93
311, 94
311, 95
311, 96
311, 97
311, 98
311, 99
311, 100
311, 101
311, 102
311, 103
311, 104
311, 105
311, 106
311, 107
311, 108
311, 109
312, 33
312, 34
312, 35
312, 36
312, 37
312, 38
312, 39
312, 40
312, 41
312, 42
312, 43
312, 44
312, 45
312, 46
312, 47
312, 48
312, 49
312, 50
312, 51
312, 52
312, 53
312, 54
312, 55
312, 56
312, 57
312, 58
312, 59
312, 60
312, 61
312, 76
312, 77
312, 78
312, 79
312, 80
312, 81
312, 82
312, 83
312, 84
312, 85
312, 86
312, 87
312, 88
312, 89
312, 90
312, 91
312, 92
312, 93
312, 94
312, 95
312, 96
312, 97
312, 98
312, 99
312, 100
312, 101
312, 102
312, 103
312, 104
312, 105
312, 106
312, 107
312, 108
312, 109
313, 33
313, 34
313, 35
313, 36
313, 37
313, 38
313, 39
313, 40
313, 41
313, 42
313, 43
313, 44
313, 45
313, 46
313, 47
313, 48
313, 49
313, 50
313, 51
313, 52
313, 53
313, 54
313, 55
313, 56
313, 57
313, 58
313, 59
313, 60
313, 61
313, 77
313, 78
313, 79
313, 80
313, 81
313, 82
313, 83
313, 84
313, 85
313, 86
313, 87
313, 88
313, 89
313, 90
313, 91
313, 92
313, 93
313, 94
313, 95
313, 96
313, 97
313, 98
313, 99
313, 100
313, 101
313, 102
313, 103
313, 104
313, 105
313, 106
313, 107
313, 108
313, 109
314, 33
314, 34
314, 35
314, 36
314, 37
314, 38
314, 39
314, 40
314, 41
314, 42
314, 43
314, 44
314, 45
314, 46
314, 47
314, 48
314, 49
314, 50
314, 51
314, 52
314, 53
314, 54
314, 55
314, 56
314, 57
314, 58
314, 59
314, 60
314, 61
314, 77
314, 78
314, 79
314, 80
314, 81
314, 82
314, 83
314, 84
314, 85
314, 86
314, 87
314, 88
314, 89
314, 90
314, 91
314, 92
314, 93
314, 94
314, 95
314, 96
314, 97
314, 98
314, 99
314, 100
314, 101
314, 102
314, 103
314, 104
314, 105
314, 106
314, 107
314, 108
314, 109
315, 33
315, 34
315, 35
315, 36
315, 37
315, 38
315, 39
315, 40
315, 41
315, 42
315, 43
315, 44
315, 45
315, 46
315, 47
315, 48
315, 49
315, 50
315, 51
315, 52
315, 53
315, 54
315, 55
315, 56
315, 57
315, 58
315, 59
315, 60
315, 61
315, 77
315, 78
315, 79
315, 80
315, 81
315, 82
315, 83
315, 84
315, 85
315, 86
315, 87
315, 88
315, 89
315, 90
315, 91
315, 92
315, 93
315, 94
315, 95
315, 96
315, 97
315, 98
315, 99
315, 100
315, 101
315, 102
315, 103
315, 104
315, 105
315, 106
315, 107
315, 108
315, 109
316, 33
316, 34
316, 35
316, 36
316, 37
316, 38
316, 39
316, 40
316, 41
316, 42
316, 43
316, 44
316, 45
316, 46
316, 47
316, 48
316, 49
316, 50
316, 51
316, 52
316, 53
316, 54
316, 55
316, 56
316, 57
316, 58
316, 59
316, 60
316, 77
316, 78
316, 79
316, 80
316, 81
316, 82
316, 83
316, 84
316, 85
316, 86
316, 87
316, 88
316, 89
316, 90
316, 91
316, 92
316, 93
316, 94
316, 95
316, 96
316, 97
316, 98
316, 99
316, 100
316, 101
316, 102
316, 103
316, 104
316, 105
316, 106
316, 107
316, 108
316, 109
317, 34
317, 35
317, 36
317, 37
317, 38
317, 39
317, 40
317, 41
317, 42
317, 43
317, 44
317, 45
317, 46
317, 47
317, 48
317, 49
317, 50
317, 51
317, 52
317, 53
317, 54
317, 55
317, 56
317, 57
317, 58
317, 59
317, 60
317, 77
317, 78
317, 79
317, 80
317, 81
317, 82
317, 83
317, 84
317, 85
317, 86
317, 87
317, 88
317, 89
317, 90
317, 91
317, 92
317, 93
317, 94
317, 95
317, 96
317, 97
317, 98
317, 99
317, 100
317, 101
317, 102
317, 103
317, 104
317, 105
317, 106
317, 107
317, 108
317, 109
318, 34
318, 35
318, 36
318, 37
318, 38
318, 39
318, 40
318, 41
318, 42
318, 43
318, 44
318, 45
318, 46
318, 47
318, 48
318, 49
318, 50
318, 51
318, 52
318, 53
318, 54
318, 55
318, 56
318, 57
318, 58
318, 59
318, 60
318, 77
318, 78
318, 79
318, 80
318, 81
318, 82
318, 83
318, 84
318, 85
318, 86
318, 87
318, 88
318, 89
318, 90
318, 91
318, 92
318, 93
318, 94
318, 95
318, 96
318, 97
318, 98
318, 99
318, 100
318, 101
318, 102
318, 103
318, 104
318, 105
318, 106
318, 107
318, 108
318, 109
319, 34
319, 35
319, 36
319, 37
319, 38
319, 39
319, 40
319, 41
319, 42
319, 43
319, 44
319, 45
319, 46
319, 47
319, 48
319, 49
319, 50
319, 51
319, 52
319, 53
319, 54
319, 55
319, 56
319, 57
319, 58
319, 59
319, 60
319, 77
319, 78
319, 79
319, 80
319, 81
319, 82
319, 83
319, 84
319, 85
319, 86
319, 87
319, 88
319, 89
319, 90
319, 91
319, 92
319, 93
319, 94
319, 95
319, 96
319, 97
319, 98
319, 99
319, 100
319, 101
319, 102
319, 103
319, 104
319, 105
319, 106
319, 107
319, 108
319, 109
320, 34
320, 35
320, 36
320, 37
320, 38
320, 39
320, 40
320, 41
320, 42
320, 43
320, 44
320, 45
320, 46
320, 47
320, 48
320, 49
320, 50
320, 51
320, 52
320, 53
320, 54
320, 55
320, 56
320, 57
320, 58
320, 59
320, 60
320, 77
320, 78
320, 79
320, 80
320, 81
320, 82
320, 83
320, 84
320, 85
320, 86
320, 87
320, 88
320, 89
320, 90
320, 91
320, 92
320, 93
320, 94
320, 95
320, 96
320, 97
320, 98
320, 99
320, 100
320, 101
320, 102
320, 103
320, 104
320, 105
320, 106
320, 107
320, 108
320, 109
321, 34
321, 35
321, 36
321, 37
321, 38
321, 39
321, 40
321, 41
321, 42
321, 43
321, 44
321, 45
321, 46
321, 47
321, 48
321, 49
321, 50
321, 51
321, 52
321, 53
321, 54
321, 55
321, 56
321, 57
321, 58
321, 59
321, 60
321, 77
321, 78
321, 79
321, 80
321, 81
321, 82
321, 83
321, 84
321, 85
321, 86
321, 87
321, 88
321, 89
321, 90
321, 91
321, 92
321, 93
321, 94
321, 95
321, 96
321, 97
321, 98
321, 99
321, 100
321, 101
321, 102
321, 103
321, 104
321, 105
321, 106
321, 107
321, 108
321, 109
322, 34
322, 35
322, 36
322, 37
322, 38
322, 39
322, 40
322, 41
322, 42
322, 43
322, 44
322, 45
322, 46
322, 47
322, 48
322, 49
322, 50
322, 51
322, 52
322, 53
322, 54
322, 55
322, 56
322, 57
322, 58
322, 59
322, 77
322, 78
322, 79
322, 80
322, 81
322, 82
322, 83
322, 84
322, 85
322, 86
322, 87
322, 88
322, 89
322, 90
322, 91
322, 92
322, 93
322, 94
322, 95
322, 96
322, 97
322, 98
322, 99
322, 100
322, 101
322, 102
322, 103
322, 104
322, 105
322, 106
322, 107
322, 108
322, 109
323, 35
323, 36
323, 37
323, 38
323, 39
323, 40
323, 41
323, 42
323, 43
323, 44
323, 45
323, 46
323, 47
323, 48
323, 49
323, 50
323, 51
323, 52
323, 53
323, 54
323, 55
323, 56
323, 57
323, 58
323, 59
323, 77
323, 78
323, 79
323, 80
323, 81
323, 82
323, 83
323, 84
323, 85
323, 86
323, 87
323, 88
323, 89
323, 90
323, 91
323, 92
323, 93
323, 94
323, 95
323, 96
323, 97
323, 98
323, 99
323, 100
323, 101
323, 102
323, 103
323, 104
323, 105
323, 106
323, 107
323, 108
323, 109
324, 35
324, 36
324, 37
324, 38
324, 39
324, 40
324, 41
324, 42
324, 43
324, 44
324, 45
324, 46
324, 47
324, 48
324, 49
324, 50
324, 51
324, 52
324, 53
324, 54
324, 55
324, 56
324, 57
324, 58
324, 59
324, 78
324, 79
324, 80
324, 81
324, 82
324, 83
324, 84
324, 85
324, 86
324, 87
324, 88
324, 89
324, 90
324, 91
324, 92
324, 93
324, 94
324, 95
324, 96
324, 97
324, 98
324, 99
324, 100
324, 101
324, 102
324, 103
324, 104
324, 105
324, 106
324, 107
324, 108
324, 109
325, 35
325, 36
325, 37
325, 38
325, 39
325, 40
325, 41
325, 42
325, 43
325, 44
325, 45
325, 46
325, 47
325, 48
325, 49
325, 50
325, 51
325, 52
325, 53
325, 54
325, 55
325, 56
325, 57
325, 58
325, 59
325, 78
325, 79
325, 80
325, 81
325, 82
325, 83
325, 84
325, 85
325, 86
325, 87
325, 88
325, 89
325, 90
325, 91
325, 92
325, 93
325, 94
325, 95
325, 96
325, 97
325, 98
325, 99
325, 100
325, 101
325, 102
325, 103
325, 104
325, 105
325, 106
325, 107
325, 108
325, 109
326, 35
326, 36
326, 37
326, 38
326, 39
326, 40
326, 41
326, 42
326, 43
326, 44
326, 45
326, 46
326, 47
326, 48
326, 49
326, 50
326, 51
326, 52
326, 53
326, 54
326, 55
326, 56
326, 57
326, 58
326, 59
326, 78
326, 79
326, 80
326, 81
326, 82
326, 83
326, 84
326, 85
326, 86
326, 87
326, 88
326, 89
326, 90
326, 91
326, 92
326, 93
326, 94
326, 95
326, 96
326, 97
326, 98
326, 99
326, 100
326, 101
326, 102
326, 103
326, 104
326, 105
326, 106
326, 107
326, 108
326, 109
327, 35
327, 36
327, 37
327, 38
327, 39
327, 40
327, 41
327, 42
327, 43
327, 44
327, 45
327, 46
327, 47
327, 48
327, 49
327, 50
327, 51
327, 52
327, 53
327, 54
327, 55
327, 56
327, 57
327, 58
327, 59
327, 78
327, 79
327, 80
327, 81
327, 82
327, 83
327, 84
327, 85
327, 86
327, 87
327, 88
327, 89
327, 90
327, 91
327, 92
327, 93
327, 94
327, 95
327, 96
327, 97
327, 98
327, 99
327, 100
327, 101
327, 102
327, 103
327, 104
327, 105
327, 106
327, 107
327, 108
328, 35
328, 36
328, 37
328, 38
328, 39
328, 40
328, 41
328, 42
328, 43
328, 44
328, 45
328, 46
328, 47
328, 48
328, 49
328, 50
328, 51
328, 52
328, 53
328, 54
328, 55
328, 56
328, 57
328, 58
328, 59
328, 78
328, 79
328, 80
328, 81
328, 82
328, 83
328, 84
328, 85
328, 86
328, 87
328, 88
328, 89
328, 90
328, 91
328, 92
328, 93
328, 94
328, 95
328, 96
328, 97
328, 98
328, 99
328, 100
328, 101
328, 102
328, 103
328, 104
328, 105
328, 106
328, 107
328, 108
329, 35
329, 36
329, 37
329, 38
329, 39
329, 40
329, 41
329, 42
329, 43
329, 44
329, 45
329, 46
329, 47
329, 48
329, 49
329, 50
329, 51
329, 52
329, 53
329, 54
329, 55
329, 56
329, 57
329, 58
329, 59
329, 78
329, 79
329, 80
329, 81
329, 82
329, 83
329, 84
329, 85
329, 86
329, 87
329, 88
329, 89
329, 90
329, 91
329, 92
329, 93
329, 94
329, 95
329, 96
329, 97
329, 98
329, 99
329, 100
329, 101
329, 102
329, 103
329, 104
329, 105
329, 106
329, 107
329, 108
330, 35
330, 36
330, 37
330, 38
330, 39
330, 40
330, 41
330, 42
330, 43
330, 44
330, 45
330, 46
330, 47
330, 48
330, 49
330, 50
330, 51
330, 52
330, 53
330, 54
330, 55
330, 56
330, 57
330, 58
330, 59
330, 79
330, 80
330, 81
330, 82
330, 83
330, 84
330, 85
330, 86
330, 87
330, 88
330, 89
330, 90
330, 91
330, 92
330, 93
330, 94
330, 95
330, 96
330, 97
330, 98
330, 99
330, 100
330, 101
330, 102
330, 103
330, 104
330, 105
330, 106
330, 107
330, 108
331, 36
331, 37
331, 38
331, 39
331, 40
331, 41
331, 42
331, 43
331, 44
331, 45
331, 46
331, 47
331, 48
331, 49
331, 50
331, 51
331, 52
331, 53
331, 54
331, 55
331, 56
331, 57
331, 58
331, 59
331, 79
331, 80
331, 81
331, 82
331, 83
331, 84
331, 85
331, 86
331, 87
331, 88
331, 89
331, 90
331, 91
331, 92
331, 93
331, 94
331, 95
331, 96
331, 97
331, 98
331, 99
331, 100
331, 101
331, 102
331, 103
331, 104
331, 105
331, 106
331, 107
331, 108
332, 36
332, 37
332, 38
332, 39
332, 40
332, 41
332, 42
332, 43
332, 44
332, 45
332, 46
332, 47
332, 48
332, 49
332, 50
332, 51
332, 52
332, 53
332, 54
332, 55
332, 56
332, 57
332, 58
332, 59
332, 79
332, 80
332, 81
332, 82
332, 83
332, 84
332, 85
332, 86
332, 87
332, 88
332, 89
332, 90
332, 91
332, 92
332, 93
332, 94
332, 95
332, 96
332, 97
332, 98
332, 99
332, 100
332, 101
332, 102
332, 103
332, 104
332, 105
332, 106
332, 107
332, 108
333, 36
333, 37
333, 38
333, 39
333, 40
333, 41
333, 42
333, 43
333, 44
333, 45
333, 46
333, 47
333, 48
333, 49
333, 50
333, 51
333, 52
333, 53
333, 54
333, 55
333, 56
333, 57
333, 58
333, 59
333, 79
333, 80
333, 81
333, 82
333, 83
333, 84
333, 85
333, 86
333, 87
333, 88
333, 89
333, 90
333, 91
333, 92
333, 93
333, 94
333, 95
333, 96
333, 97
333, 98
333, 99
333, 100
333, 101
333, 102
333, 103
333, 104
333, 105
333, 106
333, 107
333, 108
334, 37
334, 38
334, 39
334, 40
334, 41
334, 42
334, 43
334, 44
334, 45
334, 46
334, 47
334, 48
334, 49
334, 50
334, 51
334, 52
334, 53
334, 54
334, 55
334, 56
334, 57
334, 58
334, 59
334, 80
334, 81
334, 82
334, 83
334, 84
334, 85
334, 86
334, 87
334, 88
334, 89
334, 90
334, 91
334, 92
334, 93
334, 94
334, 95
334, 96
334, 97
334, 98
334, 99
334, 100
334, 101
334, 102
334, 103
334, 104
334, 105
334, 106
334, 107
334, 108
335, 37
335, 38
335, 39
335, 40
335, 41
335, 42
335, 43
335, 44
335, 45
335, 46
335, 47
335, 48
335, 49
335, 50
335, 51
335, 52
335, 53
335, 54
335, 55
335, 56
335, 57
335, 58
335, 80
335, 81
335, 82
335, 83
335, 84
335, 85
335, 86
335, 87
335, 88
335, 89
335, 90
335, 91
335, 92
335, 93
335, 94
335, 95
335, 96
335, 97
335, 98
335, 99
335, 100
335, 101
335, 102
335, 103
335, 104
335, 105
335, 106
335, 107
335, 108
336, 37
336, 38
336, 39
336, 40
336, 41
336, 42
336, 43
336, 44
336, 45
336, 46
336, 47
336, 48
336, 49
336, 50
336, 51
336, 52
336, 53
336, 54
336, 55
336, 56
336, 57
336, 58
336, 80
336, 81
336, 82
336, 83
336, 84
336, 85
336, 86
336, 87
336, 88
336, 89
336, 90
336, 91
336, 92
336, 93
336, 94
336, 95
336, 96
336, 97
336, 98
336, 99
336, 100
336, 101
336, 102
336, 103
336, 104
336, 105
336, 106
336, 107
336, 108
337, 37
337, 38
337, 39
337, 40
337, 41
337, 42
337, 43
337, 44
337, 45
337, 46
337, 47
337, 48
337, 49
337, 50
337, 51
337, 52
337, 53
337, 54
337, 55
337, 56
337, 57
337, 58
337, 80
337, 81
337, 82
337, 83
337, 84
337, 85
337, 86
337, 87
337, 88
337, 89
337, 90
337, 91
337, 92
337, 93
337, 94
337, 95
337, 96
337, 97
337, 98
337, 99
337, 100
337, 101
337, 102
337, 103
337, 104
337, 105
337, 106
337, 107
337, 108
338, 37
338, 38
338, 39
338, 40
338, 41
338, 42
338, 43
338, 44
338, 45
338, 46
338, 47
338, 48
338, 49
338, 50
338, 51
338, 52
338, 53
338, 54
338, 55
338, 56
338, 57
338, 58
338, 80
338, 81
338, 82
338, 83
338, 84
338, 85
338, 86
338, 87
338, 88
338, 89
338, 90
338, 91
338, 92
338, 93
338, 94
338, 95
338, 96
338, 97
338, 98
338, 99
338, 100
338, 101
338, 102
338, 103
338, 104
338, 105
338, 106
338, 107
339, 37
339, 38
339, 39
339, 40
339, 41
339, 42
339, 43
339, 44
339, 45
339, 46
339, 47
339, 48
339, 49
339, 50
339, 51
339, 52
339, 53
339, 54
339, 55
339, 56
339, 57
339, 58
339, 80
339, 81
339, 82
339, 83
339, 84
339, 85
339, 86
339, 87
339, 88
339, 89
339, 90
339, 91
339, 92
339, 93
339, 94
339, 95
339, 96
339, 97
339, 98
339, 99
339, 100
339, 101
339, 102
339, 103
339, 104
339, 105
339, 106
339, 107
340, 37
340, 38
340, 39
340, 40
340, 41
340, 42
340, 43
340, 44
340, 45
340, 46
340, 47
340, 48
340, 49
340, 50
340, 51
340, 52
340, 53
340, 54
340, 55
340, 56
340, 57
340, 58
340, 80
340, 81
340, 82
340, 83
340, 84
340, 85
340, 86
340, 87
340, 88
340, 89
340, 90
340, 91
340, 92
340, 93
340, 94
340, 95
340, 96
340, 97
340, 98
340, 99
340, 100
340, 101
340, 102
340, 103
340, 104
340, 105
340, 106
340, 107
341, 37
341, 38
341, 39
341, 40
341, 41
341, 42
341, 43
341, 44
341, 45
341, 46
341, 47
341, 48
341, 49
341, 50
341, 51
341, 52
341, 53
341, 54
341, 55
341, 56
341, 57
341, 58
341, 80
341, 81
341, 82
341, 83
341, 84
341, 85
341, 86
341, 87
341, 88
341, 89
341, 90
341, 91
341, 92
341, 93
341, 94
341, 95
341, 96
341, 97
341, 98
341, 99
341, 100
341, 101
341, 102
341, 103
341, 104
341, 105
341, 106
341, 107
342, 38
342, 39
342, 40
342, 41
342, 42
342, 43
342, 44
342, 45
342, 46
342, 47
342, 48
342, 49
342, 50
342, 51
342, 52
342, 53
342, 54
342, 55
342, 56
342, 57
342, 58
342, 80
342, 81
342, 82
342, 83
342, 84
342, 85
342, 86
342, 87
342, 88
342, 89
342, 90
342, 91
342, 92
342, 93
342, 94
342, 95
342, 96
342, 97
342, 98
342, 99
342, 100
342, 101
342, 102
342, 103
342, 104
342, 105
342, 106
342, 107
343, 38
343, 39
343, 40
343, 41
343, 42
343, 43
343, 44
343, 45
343, 46
343, 47
343, 48
343, 49
343, 50
343, 51
343, 52
343, 53
343, 54
343, 55
343, 56
343, 57
343, 58
343, 80
343, 81
343, 82
343, 83
343, 84
343, 85
343, 86
343, 87
343, 88
343, 89
343, 90
343, 91
343, 92
343, 93
343, 94
343, 95
343, 96
343, 97
343, 98
343, 99
343, 100
343, 101
343, 102
343, 103
343, 104
343, 105
343, 106
343, 107
344, 38
344, 39
344, 40
344, 41
344, 42
344, 43
344, 44
344, 45
344, 46
344, 47
344, 48
344, 49
344, 50
344, 51
344, 52
344, 53
344, 54
344, 55
344, 56
344, 57
344, 58
344, 59
344, 80
344, 81
344, 82
344, 83
344, 84
344, 85
344, 86
344, 87
344, 88
344, 89
344, 90
344, 91
344, 92
344, 93
344, 94
344, 95
344, 96
344, 97
344, 98
344, 99
344, 100
344, 101
344, 102
344, 103
344, 104
344, 105
344, 106
344, 107
345, 38
345, 39
345, 40
345, 41
345, 42
345, 43
345, 44
345, 45
345, 46
345, 47
345, 48
345, 49
345, 50
345, 51
345, 52
345, 53
345, 54
345, 55
345, 56
345, 57
345, 58
345, 59
345, 81
345, 82
345, 83
345, 84
345, 85
345, 86
345, 87
345, 88
345, 89
345, 90
345, 91
345, 92
345, 93
345, 94
345, 95
345, 96
345, 97
345, 98
345, 99
345, 100
345, 101
345, 102
345, 103
345, 104
345, 105
345, 106
345, 107
346, 38
346, 39
346, 40
346, 41
346, 42
346, 43
346, 44
346, 45
346, 46
346, 47
346, 48
346, 49
346, 50
346, 51
346, 52
346, 53
346, 54
346, 55
346, 56
346, 57
346, 58
346, 59
346, 81
346, 82
346, 83
346, 84
346, 85
346, 86
346, 87
346, 88
346, 89
346, 90
346, 91
346, 92
346, 93
346, 94
346, 95
346, 96
346, 97
346, 98
346, 99
346, 100
346, 101
346, 102
346, 103
346, 104
346, 105
346, 106
347, 38
347, 39
347, 40
347, 41
347, 42
347, 43
347, 44
347, 45
347, 46
347, 47
347, 48
347, 49
347, 50
347, 51
347, 52
347, 53
347, 54
347, 55
347, 56
347, 57
347, 58
347, 59
347, 81
347, 82
347, 83
347, 84
347, 85
347, 86
347, 87
347, 88
347, 89
347, 90
347, 91
347, 92
347, 93
347, 94
347, 95
347, 96
347, 97
347, 98
347, 99
347, 100
347, 101
347, 102
347, 103
347, 104
347, 105
347, 106
348, 38
348, 39
348, 40
348, 41
348, 42
348, 43
348, 44
348, 45
348, 46
348, 47
348, 48
348, 49
348, 50
348, 51
348, 52
348, 53
348, 54
348, 55
348, 56
348, 57
348, 58
348, 59
348, 81
348, 82
348, 83
348, 84
348, 85
348, 86
348, 87
348, 88
348, 89
348, 90
348, 91
348, 92
348, 93
348, 94
348, 95
348, 96
348, 97
348, 98
348, 99
348, 100
348, 101
348, 102
348, 103
348, 104
348, 105
348, 106
349, 39
349, 40
349, 41
349, 42
349, 43
349, 44
349, 45
349, 46
349, 47
349, 48
349, 49
349, 50
349, 51
349, 52
349, 53
349, 54
349, 55
349, 56
349, 57
349, 58
349, 59
349, 81
349, 82
349, 83
349, 84
349, 85
349, 86
349, 87
349, 88
349, 89
349, 90
349, 91
349, 92
349, 93
349, 94
349, 95
349, 96
349, 97
349, 98
349, 99
349, 100
349, 101
349, 102
349, 103
349, 104
349, 105
349, 106
350, 39
350, 40
350, 41
350, 42
350, 43
350, 44
350, 45
350, 46
350, 47
350, 48
350, 49
350, 50
350, 51
350, 52
350, 53
350, 54
350, 55
350, 56
350, 57
350, 58
350, 59
350, 81
350, 82
350, 83
350, 84
350, 85
350, 86
350, 87
350, 88
350, 89
350, 90
350, 91
350, 92
350, 93
350, 94
350, 95
350, 96
350, 97
350, 98
350, 99
350, 100
350, 101
350, 102
350, 103
350, 104
350, 105
350, 106
351, 39
351, 40
351, 41
351, 42
351, 43
351, 44
351, 45
351, 46
351, 47
351, 48
351, 49
351, 50
351, 51
351, 52
351, 53
351, 54
351, 55
351, 56
351, 57
351, 58
351, 59
351, 81
351, 82
351, 83
351, 84
351, 85
351, 86
351, 87
351, 88
351, 89
351, 90
351, 91
351, 92
351, 93
351, 94
351, 95
351, 96
351, 97
351, 98
351, 99
351, 100
351, 101
351, 102
351, 103
351, 104
351, 105
351, 106
352, 39
352, 40
352, 41
352, 42
352, 43
352, 44
352, 45
352, 46
352, 47
352, 48
352, 49
352, 50
352, 51
352, 52
352, 53
352, 54
352, 55
352, 56
352, 57
352, 58
352, 59
352, 81
352, 82
352, 83
352, 84
352, 85
352, 86
352, 87
352, 88
352, 89
352, 90
352, 91
352, 92
352, 93
352, 94
352, 95
352, 96
352, 97
352, 98
352, 99
352, 100
352, 101
352, 102
352, 103
352, 104
352, 105
352, 106
353, 40
353, 41
353, 42
353, 43
353, 44
353, 45
353, 46
353, 47
353, 48
353, 49
353, 50
353, 51
353, 52
353, 53
353, 54
353, 55
353, 56
353, 57
353, 58
353, 59
353, 81
353, 82
353, 83
353, 84
353, 85
353, 86
353, 87
353, 88
353, 89
353, 90
353, 91
353, 92
353, 93
353, 94
353, 95
353, 96
353, 97
353, 98
353, 99
353, 100
353, 101
353, 102
353, 103
353, 104
353, 105
353, 106
354, 40
354, 41
354, 42
354, 43
354, 44
354, 45
354, 46
354, 47
354, 48
354, 49
354, 50
354, 51
354, 52
354, 53
354, 54
354, 55
354, 56
354, 57
354, 58
354, 59
354, 81
354, 82
354, 83
354, 84
354, 85
354, 86
354, 87
354, 88
354, 89
354, 90
354, 91
354, 92
354, 93
354, 94
354, 95
354, 96
354, 97
354, 98
354, 99
354, 100
354, 101
354, 102
354, 103
354, 104
354, 105
354, 106
355, 40
355, 41
355, 42
355, 43
355, 44
355, 45
355, 46
355, 47
355, 48
355, 49
355, 50
355, 51
355, 52
355, 53
355, 54
355, 55
355, 56
355, 57
355, 58
355, 59
355, 81
355, 82
355, 83
355, 84
355, 85
355, 86
355, 87
355, 88
355, 89
355, 90
355, 91
355, 92
355, 93
355, 94
355, 95
355, 96
355, 97
355, 98
355, 99
355, 100
355, 101
355, 102
355, 103
355, 104
355, 105
356, 40
356, 41
356, 42
356, 43
356, 44
356, 45
356, 46
356, 47
356, 48
356, 49
356, 50
356, 51
356, 52
356, 53
356, 54
356, 55
356, 56
356, 57
356, 58
356, 59
356, 81
356, 82
356, 83
356, 84
356, 85
356, 86
356, 87
356, 88
356, 89
356, 90
356, 91
356, 92
356, 93
356, 94
356, 95
356, 96
356, 97
356, 98
356, 99
356, 100
356, 101
356, 102
356, 103
356, 104
356, 105
357, 41
357, 42
357, 43
357, 44
357, 45
357, 46
357, 47
357, 48
357, 49
357, 50
357, 51
357, 52
357, 53
357, 54
357, 55
357, 56
357, 57
357, 58
357, 59
357, 81
357, 82
357, 83
357, 84
357, 85
357, 86
357, 87
357, 88
357, 89
357, 90
357, 91
357, 92
357, 93
357, 94
357, 95
357, 96
357, 97
357, 98
357, 99
357, 100
357, 101
357, 102
357, 103
357, 104
357, 105
358, 41
358, 42
358, 43
358, 44
358, 45
358, 46
358, 47
358, 48
358, 49
358, 50
358, 51
358, 52
358, 53
358, 54
358, 55
358, 56
358, 57
358, 58
358, 59
358, 60
358, 81
358, 82
358, 83
358, 84
358, 85
358, 86
358, 87
358, 88
358, 89
358, 90
358, 91
358, 92
358, 93
358, 94
358, 95
358, 96
358, 97
358, 98
358, 99
358, 100
358, 101
358, 102
358, 103
358, 104
358, 105
359, 41
359, 42
359, 43
359, 44
359, 45
359, 46
359, 47
359, 48
359, 49
359, 50
359, 51
359, 52
359, 53
359, 54
359, 55
359, 56
359, 57
359, 58
359, 59
359, 60
359, 81
359, 82
359, 83
359, 84
359, 85
359, 86
359, 87
359, 88
359, 89
359, 90
359, 91
359, 92
359, 93
359, 94
359, 95
359, 96
359, 97
359, 98
359, 99
359, 100
359, 101
359, 102
359, 103
359, 104
359, 105
360, 41
360, 42
360, 43
360, 44
360, 45
360, 46
360, 47
360, 48
360, 49
360, 50
360, 51
360, 52
360, 53
360, 54
360, 55
360, 56
360, 57
360, 58
360, 59
360, 60
360, 81
360, 82
360, 83
360, 84
360, 85
360, 86
360, 87
360, 88
360, 89
360, 90
360, 91
360, 92
360, 93
360, 94
360, 95
360, 96
360, 97
360, 98
360, 99
360, 100
360, 101
360, 102
360, 103
360, 104
360, 105
361, 42
361, 43
361, 44
361, 45
361, 46
361, 47
361, 48
361, 49
361, 50
361, 51
361, 52
361, 53
361, 54
361, 55
361, 56
361, 57
361, 58
361, 59
361, 60
361, 61
361, 81
361, 82
361, 83
361, 84
361, 85
361, 86
361, 87
361, 88
361, 89
361, 90
361, 91
361, 92
361, 93
361, 94
361, 95
361, 96
361, 97
361, 98
361, 99
361, 100
361, 101
361, 102
361, 103
361, 104
361, 105
362, 42
362, 43
362, 44
362, 45
362, 46
362, 47
362, 48
362, 49
362, 50
362, 51
362, 52
362, 53
362, 54
362, 55
362, 56
362, 57
362, 58
362, 59
362, 60
362, 61
362, 81
362, 82
362, 83
362, 84
362, 85
362, 86
362, 87
362, 88
362, 89
362, 90
362, 91
362, 92
362, 93
362, 94
362, 95
362, 96
362, 97
362, 98
362, 99
362, 100
362, 101
362, 102
362, 103
362, 104
362, 105
363, 42
363, 43
363, 44
363, 45
363, 46
363, 47
363, 48
363, 49
363, 50
363, 51
363, 52
363, 53
363, 54
363, 55
363, 56
363, 57
363, 58
363, 59
363, 60
363, 61
363, 81
363, 82
363, 83
363, 84
363, 85
363, 86
363, 87
363, 88
363, 89
363, 90
363, 91
363, 92
363, 93
363, 94
363, 95
363, 96
363, 97
363, 98
363, 99
363, 100
363, 101
363, 102
363, 103
363, 104
364, 42
364, 43
364, 44
364, 45
364, 46
364, 47
364, 48
364, 49
364, 50
364, 51
364, 52
364, 53
364, 54
364, 55
364, 56
364, 57
364, 58
364, 59
364, 60
364, 61
364, 81
364, 82
364, 83
364, 84
364, 85
364, 86
364, 87
364, 88
364, 89
364, 90
364, 91
364, 92
364, 93
364, 94
364, 95
364, 96
364, 97
364, 98
364, 99
364, 100
364, 101
364, 102
364, 103
364, 104
365, 42
365, 43
365, 44
365, 45
365, 46
365, 47
365, 48
365, 49
365, 50
365, 51
365, 52
365, 53
365, 54
365, 55
365, 56
365, 57
365, 58
365, 59
365, 60
365, 61
365, 62
365, 81
365, 82
365, 83
365, 84
365, 85
365, 86
365, 87
365, 88
365, 89
365, 90
365, 91
365, 92
365, 93
365, 94
365, 95
365, 96
365, 97
365, 98
365, 99
365, 100
365, 101
365, 102
365, 103
365, 104
366, 42
366, 43
366, 44
366, 45
366, 46
366, 47
366, 48
366, 49
366, 50
366, 51
366, 52
366, 53
366, 54
366, 55
366, 56
366, 57
366, 58
366, 59
366, 60
366, 61
366, 62
366, 80
366, 81
366, 82
366, 83
366, 84
366, 85
366, 86
366, 87
366, 88
366, 89
366, 90
366, 91
366, 92
366, 93
366, 94
366, 95
366, 96
366, 97
366, 98
366, 99
366, 100
366, 101
366, 102
366, 103
366, 104
367, 43
367, 44
367, 45
367, 46
367, 47
367, 48
367, 49
367, 50
367, 51
367, 52
367, 53
367, 54
367, 55
367, 56
367, 57
367, 58
367, 59
367, 60
367, 61
367, 62
367, 80
367, 81
367, 82
367, 83
367, 84
367, 85
367, 86
367, 87
367, 88
367, 89
367, 90
367, 91
367, 92
367, 93
367, 94
367, 95
367, 96
367, 97
367, 98
367, 99
367, 100
367, 101
367, 102
367, 103
367, 104
368, 43
368, 44
368, 45
368, 46
368, 47
368, 48
368, 49
368, 50
368, 51
368, 52
368, 53
368, 54
368, 55
368, 56
368, 57
368, 58
368, 59
368, 60
368, 61
368, 62
368, 63
368, 80
368, 81
368, 82
368, 83
368, 84
368, 85
368, 86
368, 87
368, 88
368, 89
368, 90
368, 91
368, 92
368, 93
368, 94
368, 95
368, 96
368, 97
368, 98
368, 99
368, 100
368, 101
368, 102
368, 103
368, 104
369, 43
369, 44
369, 45
369, 46
369, 47
369, 48
369, 49
369, 50
369, 51
369, 52
369, 53
369, 54
369, 55
369, 56
369, 57
369, 58
369, 59
369, 60
369, 61
369, 62
369, 63
369, 79
369, 80
369, 81
369, 82
369, 83
369, 84
369, 85
369, 86
369, 87
369, 88
369, 89
369, 90
369, 91
369, 92
369, 93
369, 94
369, 95
369, 96
369, 97
369, 98
369, 99
369, 100
369, 101
369, 102
369, 103
369, 104
370, 43
370, 44
370, 45
370, 46
370, 47
370, 48
370, 49
370, 50
370, 51
370, 52
370, 53
370, 54
370, 55
370, 56
370, 57
370, 58
370, 59
370, 60
370, 61
370, 62
370, 63
370, 64
370, 79
370, 80
370, 81
370, 82
370, 83
370, 84
370, 85
370, 86
370, 87
370, 88
370, 89
370, 90
370, 91
370, 92
370, 93
370, 94
370, 95
370, 96
370, 97
370, 98
370, 99
370, 100
370, 101
370, 102
370, 103
370, 104
371, 43
371, 44
371, 45
371, 46
371, 47
371, 48
371, 49
371, 50
371, 51
371, 52
371, 53
371, 54
371, 55
371, 56
371, 57
371, 58
371, 59
371, 60
371, 61
371, 62
371, 63
371, 64
371, 65
371, 79
371, 80
371, 81
371, 82
371, 83
371, 84
371, 85
371, 86
371, 87
371, 88
371, 89
371, 90
371, 91
371, 92
371, 93
371, 94
371, 95
371, 96
371, 97
371, 98
371, 99
371, 100
371, 101
371, 102
371, 103
371, 104
372, 43
372, 44
372, 45
372, 46
372, 47
372, 48
372, 49
372, 50
372, 51
372, 52
372, 53
372, 54
372, 55
372, 56
372, 57
372, 58
372, 59
372, 60
372, 61
372, 62
372, 63
372, 64
372, 65
372, 79
372, 80
372, 81
372, 82
372, 83
372, 84
372, 85
372, 86
372, 87
372, 88
372, 89
372, 90
372, 91
372, 92
372, 93
372, 94
372, 95
372, 96
372, 97
372, 98
372, 99
372, 100
372, 101
372, 102
372, 103
372, 104
373, 44
373, 45
373, 46
373, 47
373, 48
373, 49
373, 50
373, 51
373, 52
373, 53
373, 54
373, 55
373, 56
373, 57
373, 58
373, 59
373, 60
373, 61
373, 62
373, 63
373, 64
373, 65
373, 78
373, 79
373, 80
373, 81
373, 82
373, 83
373, 84
373, 85
373, 86
373, 87
373, 88
373, 89
373, 90
373, 91
373, 92
373, 93
373, 94
373, 95
373, 96
373, 97
373, 98
373, 99
373, 100
373, 101
373, 102
373, 103
373, 104
374, 44
374, 45
374, 46
374, 47
374, 48
374, 49
374, 50
374, 51
374, 52
374, 53
374, 54
374, 55
374, 56
374, 57
374, 58
374, 59
374, 60
374, 61
374, 62
374, 63
374, 64
374, 65
374, 78
374, 79
374, 80
374, 81
374, 82
374, 83
374, 84
374, 85
374, 86
374, 87
374, 88
374, 89
374, 90
374, 91
374, 92
374, 93
374, 94
374, 95
374, 96
374, 97
374, 98
374, 99
374, 100
374, 101
374, 102
374, 103
374, 104
375, 44
375, 45
375, 46
375, 47
375, 48
375, 49
375, 50
375, 51
375, 52
375, 53
375, 54
375, 55
375, 56
375, 57
375, 58
375, 59
375, 60
375, 61
375, 62
375, 63
375, 64
375, 65
375, 78
375, 79
375, 80
375, 81
375, 82
375, 83
375, 84
375, 85
375, 86
375, 87
375, 88
375, 89
375, 90
375, 91
375, 92
375, 93
375, 94
375, 95
375, 96
375, 97
375, 98
375, 99
375, 100
375, 101
375, 102
375, 103
376, 44
376, 45
376, 46
376, 47
376, 48
376, 49
376, 50
376, 51
376, 52
376, 53
376, 54
376, 55
376, 56
376, 57
376, 58
376, 59
376, 60
376, 61
376, 62
376, 63
376, 64
376, 65
376, 66
376, 77
376, 78
376, 79
376, 80
376, 81
376, 82
376, 83
376, 84
376, 85
376, 86
376, 87
376, 88
376, 89
376, 90
376, 91
376, 92
376, 93
376, 94
376, 95
376, 96
376, 97
376, 98
376, 99
376, 100
376, 101
376, 102
376, 103
377, 44
377, 45
377, 46
377, 47
377, 48
377, 49
377, 50
377, 51
377, 52
377, 53
377, 54
377, 55
377, 56
377, 57
377, 58
377, 59
377, 60
377, 61
377, 62
377, 63
377, 64
377, 65
377, 66
377, 77
377, 78
377, 79
377, 80
377, 81
377, 82
377, 83
377, 84
377, 85
377, 86
377, 87
377, 88
377, 89
377, 90
377, 91
377, 92
377, 93
377, 94
377, 95
377, 96
377, 97
377, 98
377, 99
377, 100
377, 101
377, 102
377, 103
378, 44
378, 45
378, 46
378, 47
378, 48
378, 49
378, 50
378, 51
378, 52
378, 53
378, 54
378, 55
378, 56
378, 57
378, 58
378, 59
378, 60
378, 61
378, 62
378, 63
378, 64
378, 65
378, 66
378, 77
378, 78
378, 79
378, 80
378, 81
378, 82
378, 83
378, 84
378, 85
378, 86
378, 87
378, 88
378, 89
378, 90
378, 91
378, 92
378, 93
378, 94
378, 95
378, 96
378, 97
378, 98
378, 99
378, 100
378, 101
378, 102
378, 103
379, 45
379, 46
379, 47
379, 48
379, 49
379, 50
379, 51
379, 52
379, 53
379, 54
379, 55
379, 56
379, 57
379, 58
379, 59
379, 60
379, 61
379, 62
379, 63
379, 64
379, 65
379, 66
379, 77
379, 78
379, 79
379, 80
379, 81
379, 82
379, 83
379, 84
379, 85
379, 86
379, 87
379, 88
379, 89
379, 90
379, 91
379, 92
379, 93
379, 94
379, 95
379, 96
379, 97
379, 98
379, 99
379, 100
379, 101
379, 102
379, 103
380, 45
380, 46
380, 47
380, 48
380, 49
380, 50
380, 51
380, 52
380, 53
380, 54
380, 55
380, 56
380, 57
380, 58
380, 59
380, 60
380, 61
380, 62
380, 63
380, 64
380, 65
380, 66
380, 77
380, 78
380, 79
380, 80
380, 81
380, 82
380, 83
380, 84
380, 85
380, 86
380, 87
380, 88
380, 89
380, 90
380, 91
380, 92
380, 93
380, 94
380, 95
380, 96
380, 97
380, 98
380, 99
380, 100
380, 101
380, 102
380, 103
381, 45
381, 46
381, 47
381, 48
381, 49
381, 50
381, 51
381, 52
381, 53
381, 54
381, 55
381, 56
381, 57
381, 58
381, 59
381, 60
381, 61
381, 62
381, 63
381, 64
381, 65
381, 66
381, 76
381, 77
381, 78
381, 79
381, 80
381, 81
381, 82
381, 83
381, 84
381, 85
381, 86
381, 87
381, 88
381, 89
381, 90
381, 91
381, 92
381, 93
381, 94
381, 95
381, 96
381, 97
381, 98
381, 99
381, 100
381, 101
381, 102
381, 103
382, 45
382, 46
382, 47
382, 48
382, 49
382, 50
382, 51
382, 52
382, 53
382, 54
382, 55
382, 56
382, 57
382, 58
382, 59
382, 60
382, 61
382, 62
382, 63
382, 64
382, 65
382, 66
382, 76
382, 77
382, 78
382, 79
382, 80
382, 81
382, 82
382, 83
382, 84
382, 85
382, 86
382, 87
382, 88
382, 89
382, 90
382, 91
382, 92
382, 93
382, 94
382, 95
382, 96
382, 97
382, 98
382, 99
382, 100
382, 101
382, 102
382, 103
383, 45
383, 46
383, 47
383, 48
383, 49
383, 50
383, 51
383, 52
383, 53
383, 54
383, 55
383, 56
383, 57
383, 58
383, 59
383, 60
383, 61
383, 62
383, 63
383, 64
383, 65
383, 66
383, 76
383, 77
383, 78
383, 79
383, 80
383, 81
383, 82
383, 83
383, 84
383, 85
383, 86
383, 87
383, 88
383, 89
383, 90
383, 91
383, 92
383, 93
383, 94
383, 95
383, 96
383, 97
383, 98
383, 99
383, 100
383, 101
383, 102
383, 103
384, 46
384, 47
384, 48
384, 49
384, 50
384, 51
384, 52
384, 53
384, 54
384, 55
384, 56
384, 57
384, 58
384, 59
384, 60
384, 61
384, 62
384, 63
384, 64
384, 65
384, 66
384, 76
384, 77
384, 78
384, 79
384, 80
384, 81
384, 82
384, 83
384, 84
384, 85
384, 86
384, 87
384, 88
384, 89
384, 90
384, 91
384, 92
384, 93
384, 94
384, 95
384, 96
384, 97
384, 98
384, 99
384, 100
384, 101
384, 102
384, 103
385, 46
385, 47
385, 48
385, 49
385, 50
385, 51
385, 52
385, 53
385, 54
385, 55
385, 56
385, 57
385, 58
385, 59
385, 60
385, 61
385, 62
385, 63
385, 64
385, 65
385, 66
385, 76
385, 77
385, 78
385, 79
385, 80
385, 81
385, 82
385, 83
385, 84
385, 85
385, 86
385, 87
385, 88
385, 89
385, 90
385, 91
385, 92
385, 93
385, 94
385, 95
385, 96
385, 97
385, 98
385, 99
385, 100
385, 101
385, 102
386, 46
386, 47
386, 48
386, 49
386, 50
386, 51
386, 52
386, 53
386, 54
386, 55
386, 56
386, 57
386, 58
386, 59
386, 60
386, 61
386, 62
386, 63
386, 64
386, 65
386, 66
386, 76
386, 77
386, 78
386, 79
386, 80
386, 81
386, 82
386, 83
386, 84
386, 85
386, 86
386, 87
386, 88
386, 89
386, 90
386, 91
386, 92
386, 93
386, 94
386, 95
386, 96
386, 97
386, 98
386, 99
386, 100
386, 101
386, 102
387, 46
387, 47
387, 48
387, 49
387, 50
387, 51
387, 52
387, 53
387, 54
387, 55
387, 56
387, 57
387, 58
387, 59
387, 60
387, 61
387, 62
387, 63
387, 64
387, 65
387, 66
387, 76
387, 77
387, 78
387, 79
387, 80
387, 81
387, 82
387, 83
387, 84
387, 85
387, 86
387, 87
387, 88
387, 89
387, 90
387, 91
387, 92
387, 93
387, 94
387, 95
387, 96
387, 97
387, 98
387, 99
387, 100
387, 101
387, 102
388, 46
388, 47
388, 48
388, 49
388, 50
388, 51
388, 52
388, 53
388, 54
388, 55
388, 56
388, 57
388, 58
388, 59
388, 60
388, 61
388, 62
388, 63
388, 64
388, 65
388, 66
388, 76
388, 77
388, 78
388, 79
388, 80
388, 81
388, 82
388, 83
388, 84
388, 85
388, 86
388, 87
388, 88
388, 89
388, 90
388, 91
388, 92
388, 93
388, 94
388, 95
388, 96
388, 97
388, 98
388, 99
388, 100
388, 101
388, 102
389, 46
389, 47
389, 48
389, 49
389, 50
389, 51
389, 52
389, 53
389, 54
389, 55
389, 56
389, 57
389, 58
389, 59
389, 60
389, 61
389, 62
389, 63
389, 64
389, 65
389, 66
389, 75
389, 76
389, 77
389, 78
389, 79
389, 80
389, 81
389, 82
389, 83
389, 84
389, 85
389, 86
389, 87
389, 88
389, 89
389, 90
389, 91
389, 92
389, 93
389, 94
389, 95
389, 96
389, 97
389, 98
389, 99
389, 100
389, 101
390, 46
390, 47
390, 48
390, 49
390, 50
390, 51
390, 52
390, 53
390, 54
390, 55
390, 56
390, 57
390, 58
390, 59
390, 60
390, 61
390, 62
390, 63
390, 64
390, 65
390, 66
390, 75
390, 76
390, 77
390, 78
390, 79
390, 80
390, 81
390, 82
390, 83
390, 84
390, 85
390, 86
390, 87
390, 88
390, 89
390, 90
390, 91
390, 92
390, 93
390, 94
390, 95
390, 96
390, 97
390, 98
390, 99
390, 100
390, 101
391, 46
391, 47
391, 48
391, 49
391, 50
391, 51
391, 52
391, 53
391, 54
391, 55
391, 56
391, 57
391, 58
391, 59
391, 60
391, 61
391, 62
391, 63
391, 64
391, 65
391, 66
391, 75
391, 76
391, 77
391, 78
391, 79
391, 80
391, 81
391, 82
391, 83
391, 84
391, 85
391, 86
391, 87
391, 88
391, 89
391, 90
391, 91
391, 92
391, 93
391, 94
391, 95
391, 96
391, 97
391, 98
391, 99
391, 100
392, 47
392, 48
392, 49
392, 50
392, 51
392, 52
392, 53
392, 54
392, 55
392, 56
392, 57
392, 58
392, 59
392, 60
392, 61
392, 62
392, 63
392, 64
392, 65
392, 76
392, 77
392, 78
392, 79
392, 80
392, 81
392, 82
392, 83
392, 84
392, 85
392, 86
392, 87
392, 88
392, 89
392, 90
392, 91
392, 92
392, 93
392, 94
392, 95
392, 96
392, 97
392, 98
392, 99
393, 49
393, 50
393, 51
393, 52
393, 53
393, 54
393, 55
393, 56
393, 57
393, 58
393, 59
393, 60
393, 61
393, 62
393, 63
393, 64
393, 78
393, 79
393, 80
393, 81
393, 82
393, 83
393, 84
393, 85
393, 86
393, 87
393, 88
393, 89
393, 90
393, 91
393, 92
393, 93
393, 94
393, 95
393, 96
393, 97
