102, 53
102, 54
103, 25
103, 26
103, 27
103, 28
103, 29
103, 30
103, 31
103, 32
103, 33
103, 34
103, 35
103, 36
103, 49
103, 50
103, 51
103, 52
103, 53
103, 54
103, 55
104, 25
104, 26
104, 27
104, 28
104, 29
104, 30
104, 31
104, 32
104, 33
104, 34
104, 35
104, 36
104, 37
104, 38
104, 39
104, 40
104, 41
104, 42
104, 43
104, 44
104, 45
104, 46
104, 47
104, 48
104, 49
104, 50
104, 51
104, 52
104, 53
104, 54
104, 55
105, 25
105, 26
105, 27
105, 28
105, 29
105, 30
105, 31
105, 32
105, 33
105, 34
105, 35
105, 36
105, 37
105, 38
105, 39
105, 40
105, 41
105, 42
105, 43
105, 44
105, 45
105, 46
105, 47
105, 48
105, 49
105, 50
105, 51
105, 52
105, 53
105, 54
105, 55
105, 56
106, 25
106, 26
106, 27
106, 28
106, 29
106, 30
106, 31
106, 32
106, 33
106, 34
106, 35
106, 36
106, 37
106, 38
106, 39
106, 40
106, 41
106, 42
106, 43
106, 44
106, 45
106, 46
106, 47
106, 48
106, 49
106, 50
106, 51
106, 52
106, 53
106, 54
106, 55
106, 56
106, 57
107, 25
107, 26
107, 27
107, 28
107, 29
107, 30
107, 31
107, 32
107, 33
107, 34
107, 35
107, 36
107, 37
107, 38
107, 39
107, 40
107, 41
107, 42
107, 43
107, 44
107, 45
107, 46
107, 47
107, 48
107, 49
107, 50
107, 51
107, 52
107, 53
107, 54
107, 55
107, 56
107, 57
108, 25
108, 26
108, 27
108, 28
108, 29
108, 30
108, 31
108, 32
108, 33
108, 34
108, 35
108, 36
108, 37
108, 38
108, 39
108, 40
108, 41
108, 42
108, 43
108, 44
108, 45
108, 46
108, 47
108, 48
108, 49
108, 50
108, 51
108, 52
108, 53
108, 54
108, 55
108, 56
108, 57
109, 24
109, 25
109, 26
109, 27
109, 28
109, 29
109, 30
109, 31
109, 32
109, 33
109, 34
109, 35
109, 36
109, 37
109, 38
109, 39
109, 40
109, 41
109, 42
109, 43
109, 44
109, 45
109, 46
109, 47
109, 48
109, 49
109, 50
109, 51
109, 52
109, 53
109, 54
109, 55
109, 56
109, 57
109, 58
110, 24
110, 25
110, 26
110, 27
110, 28
110, 29
110, 30
110, 31
110, 32
110, 33
110, 34
110, 35
110, 36
110, 37
110, 38
110, 39
110, 40
110, 41
110, 42
110, 43
110, 44
110, 45
110, 46
110, 47
110, 48
110, 49
110, 50
110, 51
110, 52
110, 53
110, 54
110, 55
110, 56
110, 57
110, 58
111, 9
111, 12
111, 13
111, 14
111, 15
111, 16
111, 17
111, 18
111, 19
111, 24
111, 25
111, 26
111, 27
111, 28
111, 29
111, 30
111, 31
111, 32
111, 33
111, 34
111, 35
111, 36
111, 37
111, 38
111, 39
111, 40
111, 41
111, 42
111, 43
111, 44
111, 45
111, 46
111, 47
111, 48
111, 49
111, 50
111, 51
111, 52
111, 53
111, 54
111, 55
111, 56
111, 57
111, 58
112, 11
112, 14
112, 15
112, 16
112, 17
112, 18
112, 19
112, 24
112, 25
112, 26
112, 27
112, 28
112, 29
112, 30
112, 31
112, 32
112, 33
112, 34
112, 35
112, 36
112, 37
112, 38
112, 39
112, 40
112, 41
112, 42
112, 43
112, 44
112, 45
112, 46
112, 47
112, 48
112, 49
112, 50
112, 51
112, 52
112, 53
112, 54
112, 55
112, 56
112, 57
112, 58
112, 59
113, 9
113, 10
113, 11
113, 12
113, 13
113, 14
113, 15
113, 16
113, 17
113, 18
113, 19
113, 23
113, 24
113, 25
113, 26
113, 27
113, 28
113, 29
113, 30
113, 31
113, 32
113, 33
113, 34
113, 35
113, 36
113, 37
113, 38
113, 39
113, 40
113, 41
113, 42
113, 43
113, 44
113, 45
113, 46
113, 47
113, 48
113, 49
113, 50
113, 51
113, 52
113, 53
113, 54
113, 55
113, 56
113, 57
113, 58
113, 59
114, 8
114, 9
114, 10
114, 11
114, 12
114, 13
114, 14
114, 15
114, 16
114, 17
114, 18
114, 19
114, 20
114, 21
114, 22
114, 23
114, 24
114, 25
114, 26
114, 27
114, 28
114, 29
114, 30
114, 31
114, 32
114, 33
114, 34
114, 35
114, 36
114, 37
114, 38
114, 39
114, 40
114, 41
114, 42
114, 43
114, 44
114, 45
114, 46
114, 47
114, 48
114, 49
114, 50
114, 51
114, 52
114, 53
114, 54
114, 55
114, 56
114, 57
114, 58
114, 59
115, 8
115, 9
115, 10
115, 11
115, 12
115, 13
115, 14
115, 15
115, 16
115, 17
115, 18
115, 19
115, 20
115, 21
115, 22
115, 23
115, 24
115, 25
115, 26
115, 27
115, 28
115, 29
115, 30
115, 31
115, 32
115, 33
115, 34
115, 35
115, 36
115, 37
115, 38
115, 39
115, 40
115, 41
115, 42
115, 43
115, 44
115, 45
115, 46
115, 47
115, 48
115, 49
115, 50
115, 51
115, 52
115, 53
115, 54
115, 55
115, 56
115, 57
115, 58
115, 59
116, 8
116, 9
116, 10
116, 11
116, 12
116, 13
116, 14
116, 15
116, 16
116, 17
116, 18
116, 19
116, 20
116, 21
116, 22
116, 23
116, 24
116, 25
116, 26
116, 27
116, 28
116, 29
116, 30
116, 31
116, 32
116, 33
116, 34
116, 35
116, 36
116, 37
116, 38
116, 39
116, 40
116, 41
116, 42
116, 43
116, 44
116, 45
116, 46
116, 47
116, 48
116, 49
116, 50
116, 51
116, 52
116, 53
116, 54
116, 55
116, 56
116, 57
116, 58
116, 59
117, 8
117, 9
117, 10
117, 11
117, 12
117, 13
117, 14
117, 15
117, 16
117, 17
117, 18
117, 19
117, 20
117, 21
117, 22
117, 23
117, 24
117, 25
117, 26
117, 27
117, 28
117, 29
117, 30
117, 31
117, 32
117, 33
117, 34
117, 35
117, 36
117, 37
117, 38
117, 39
117, 40
117, 41
117, 42
117, 43
117, 44
117, 45
117, 46
117, 47
117, 48
117, 49
117, 50
117, 51
117, 52
117, 53
117, 54
117, 55
117, 56
117, 57
117, 58
117, 59
118, 8
118, 9
118, 10
118, 11
118, 12
118, 13
118, 14
118, 15
118, 16
118, 17
118, 18
118, 19
118, 20
118, 21
118, 22
118, 23
118, 24
118, 25
118, 26
118, 27
118, 28
118, 29
118, 30
118, 31
118, 32
118, 33
118, 34
118, 35
118, 36
118, 37
118, 38
118, 39
118, 40
118, 41
118, 42
118, 43
118, 44
118, 45
118, 46
118, 47
118, 48
118, 49
118, 50
118, 51
118, 52
118, 53
118, 54
118, 55
118, 56
118, 57
118, 58
118, 59
119, 8
119, 9
119, 10
119, 11
119, 12
119, 13
119, 14
119, 15
119, 16
119, 17
119, 18
119, 19
119, 20
119, 21
119, 22
119, 23
119, 24
119, 25
119, 26
119, 27
119, 28
119, 29
119, 30
119, 31
119, 32
119, 33
119, 34
119, 35
119, 36
119, 37
119, 38
119, 39
119, 40
119, 41
119, 42
119, 43
119, 44
119, 45
119, 46
119, 47
119, 48
119, 49
119, 50
119, 51
119, 52
119, 53
119, 54
119, 55
119, 56
119, 57
119, 58
119, 59
119, 60
120, 8
120, 9
120, 10
120, 11
120, 12
120, 13
120, 14
120, 15
120, 16
120, 17
120, 18
120, 19
120, 20
120, 21
120, 22
120, 23
120, 24
120, 25
120, 26
120, 27
120, 28
120, 29
120, 30
120, 31
120, 32
120, 33
120, 34
120, 35
120, 36
120, 37
120, 38
120, 39
120, 40
120, 41
120, 42
120, 43
120, 44
120, 45
120, 46
120, 47
120, 48
120, 49
120, 50
120, 51
120, 52
120, 53
120, 54
120, 55
120, 56
120, 57
120, 58
120, 59
120, 60
121, 8
121, 9
121, 10
121, 11
121, 12
121, 13
121, 14
121, 15
121, 16
121, 17
121, 18
121, 19
121, 20
121, 21
121, 22
121, 23
121, 24
121, 25
121, 26
121, 27
121, 28
121, 29
121, 30
121, 31
121, 32
121, 33
121, 34
121, 35
121, 36
121, 37
121, 38
121, 39
121, 40
121, 41
121, 42
121, 43
121, 44
121, 45
121, 46
121, 47
121, 48
121, 49
121, 50
121, 51
121, 52
121, 53
121, 54
121, 55
121, 56
121, 57
121, 58
121, 59
121, 60
122, 8
122, 9
122, 10
122, 11
122, 12
122, 13
122, 14
122, 15
122, 16
122, 17
122, 18
122, 19
122, 20
122, 21
122, 22
122, 23
122, 24
122, 25
122, 26
122, 27
122, 28
122, 29
122, 30
122, 31
122, 32
122, 33
122, 34
122, 35
122, 36
122, 37
122, 38
122, 39
122, 40
122, 41
122, 42
122, 43
122, 44
122, 45
122, 46
122, 47
122, 48
122, 49
122, 50
122, 51
122, 52
122, 53
122, 54
122, 55
122, 56
122, 57
122, 58
122, 59
122, 60
122, 61
123, 8
123, 9
123, 10
123, 11
123, 12
123, 13
123, 14
123, 15
123, 16
123, 17
123, 18
123, 19
123, 20
123, 21
123, 22
123, 23
123, 24
123, 25
123, 26
123, 27
123, 28
123, 29
123, 30
123, 31
123, 32
123, 33
123, 34
123, 35
123, 36
123, 37
123, 38
123, 39
123, 40
123, 41
123, 42
123, 43
123, 44
123, 45
123, 46
123, 47
123, 48
123, 49
123, 50
123, 51
123, 52
123, 53
123, 54
123, 55
123, 56
123, 57
123, 58
123, 59
123, 60
123, 61
124, 8
124, 9
124, 10
124, 11
124, 12
124, 13
124, 14
124, 15
124, 16
124, 17
124, 18
124, 19
124, 20
124, 21
124, 22
124, 23
124, 24
124, 25
124, 26
124, 27
124, 28
124, 29
124, 30
124, 31
124, 32
124, 33
124, 34
124, 35
124, 36
124, 37
124, 38
124, 39
124, 40
124, 41
124, 42
124, 43
124, 44
124, 45
124, 46
124, 47
124, 48
124, 49
124, 50
124, 51
124, 52
124, 53
124, 54
124, 55
124, 56
124, 57
124, 58
124, 59
124, 60
124, 61
125, 8
125, 9
125, 10
125, 11
125, 12
125, 13
125, 14
125, 15
125, 16
125, 17
125, 18
125, 19
125, 20
125, 21
125, 22
125, 23
125, 24
125, 25
125, 26
125, 27
125, 28
125, 29
125, 30
125, 31
125, 32
125, 33
125, 34
125, 35
125, 36
125, 37
125, 38
125, 39
125, 40
125, 41
125, 42
125, 43
125, 44
125, 45
125, 46
125, 47
125, 48
125, 49
125, 50
125, 51
125, 52
125, 53
125, 54
125, 55
125, 56
125, 57
125, 58
125, 59
125, 60
125, 61
126, 8
126, 9
126, 10
126, 11
126, 12
126, 13
126, 14
126, 15
126, 16
126, 17
126, 18
126, 19
126, 20
126, 21
126, 22
126, 23
126, 24
126, 25
126, 26
126, 27
126, 28
126, 29
126, 30
126, 31
126, 32
126, 33
126, 34
126, 35
126, 36
126, 37
126, 38
126, 39
126, 40
126, 41
126, 42
126, 43
126, 44
126, 45
126, 46
126, 47
126, 48
126, 49
126, 50
126, 51
126, 52
126, 53
126, 54
126, 55
126, 56
126, 57
126, 58
126, 59
126, 60
126, 61
126, 62
127, 8
127, 9
127, 10
127, 11
127, 12
127, 13
127, 14
127, 15
127, 16
127, 17
127, 18
127, 19
127, 20
127, 21
127, 22
127, 23
127, 24
127, 25
127, 26
127, 27
127, 28
127, 29
127, 30
127, 31
127, 32
127, 33
127, 34
127, 35
127, 36
127, 37
127, 38
127, 39
127, 40
127, 41
127, 42
127, 43
127, 44
127, 45
127, 46
127, 47
127, 48
127, 49
127, 50
127, 51
127, 52
127, 53
127, 54
127, 55
127, 56
127, 57
127, 58
127, 59
127, 60
127, 61
127, 62
128, 8
128, 9
128, 10
128, 11
128, 12
128, 13
128, 14
128, 15
128, 16
128, 17
128, 18
128, 19
128, 20
128, 21
128, 22
128, 23
128, 24
128, 25
128, 26
128, 27
128, 28
128, 29
128, 30
128, 31
128, 32
128, 33
128, 34
128, 35
128, 36
128, 37
128, 38
128, 39
128, 40
128, 41
128, 42
128, 43
128, 44
128, 45
128, 46
128, 47
128, 48
128, 49
128, 50
128, 51
128, 52
128, 53
128, 54
128, 55
128, 56
128, 57
128, 58
128, 59
128, 60
128, 61
128, 62
129, 8
129, 9
129, 10
129, 11
129, 12
129, 13
129, 14
129, 15
129, 16
129, 17
129, 18
129, 19
129, 20
129, 21
129, 22
129, 23
129, 24
129, 25
129, 26
129, 27
129, 28
129, 29
129, 30
129, 31
129, 32
129, 33
129, 34
129, 35
129, 36
129, 37
129, 38
129, 39
129, 40
129, 41
129, 42
129, 43
129, 44
129, 45
129, 46
129, 47
129, 48
129, 49
129, 50
129, 51
129, 52
129, 53
129, 54
129, 55
129, 56
129, 57
129, 58
129, 59
129, 60
129, 61
129, 62
129, 63
130, 8
130, 9
130, 10
130, 11
130, 12
130, 13
130, 14
130, 15
130, 16
130, 17
130, 18
130, 19
130, 20
130, 21
130, 22
130, 23
130, 24
130, 25
130, 26
130, 27
130, 28
130, 29
130, 30
130, 31
130, 32
130, 33
130, 34
130, 35
130, 36
130, 37
130, 38
130, 39
130, 40
130, 41
130, 42
130, 43
130, 44
130, 45
130, 46
130, 47
130, 48
130, 49
130, 50
130, 51
130, 52
130, 53
130, 54
130, 55
130, 56
130, 57
130, 58
130, 59
130, 60
130, 61
130, 62
130, 63
131, 8
131, 9
131, 10
131, 11
131, 12
131, 13
131, 14
131, 15
131, 16
131, 17
131, 18
131, 19
131, 20
131, 21
131, 22
131, 23
131, 24
131, 25
131, 26
131, 27
131, 28
131, 29
131, 30
131, 31
131, 32
131, 33
131, 34
131, 35
131, 36
131, 37
131, 38
131, 39
131, 40
131, 41
131, 42
131, 43
131, 44
131, 45
131, 46
131, 47
131, 48
131, 49
131, 50
131, 51
131, 52
131, 53
131, 54
131, 55
131, 56
131, 57
131, 58
131, 59
131, 60
131, 61
131, 62
131, 63
132, 8
132, 9
132, 10
132, 11
132, 12
132, 13
132, 14
132, 15
132, 16
132, 17
132, 18
132, 19
132, 20
132, 21
132, 22
132, 23
132, 24
132, 25
132, 26
132, 27
132, 28
132, 29
132, 30
132, 31
132, 32
132, 33
132, 34
132, 35
132, 36
132, 37
132, 38
132, 39
132, 40
132, 41
132, 42
132, 43
132, 44
132, 45
132, 46
132, 47
132, 48
132, 49
132, 50
132, 51
132, 52
132, 53
132, 54
132, 55
132, 56
132, 57
132, 58
132, 59
132, 60
132, 61
132, 62
132, 63
133, 8
133, 9
133, 10
133, 11
133, 12
133, 14
133, 15
133, 16
133, 17
133, 18
133, 19
133, 20
133, 21
133, 22
133, 23
133, 24
133, 25
133, 26
133, 27
133, 28
133, 29
133, 30
133, 31
133, 32
133, 33
133, 34
133, 35
133, 36
133, 37
133, 38
133, 39
133, 40
133, 41
133, 42
133, 43
133, 44
133, 45
133, 46
133, 47
133, 48
133, 49
133, 50
133, 51
133, 52
133, 53
133, 54
133, 55
133, 56
133, 57
133, 58
133, 59
133, 60
133, 61
133, 62
133, 63
134, 9
134, 10
134, 11
134, 16
134, 17
134, 18
134, 19
134, 20
134, 21
134, 22
134, 23
134, 24
134, 25
134, 26
134, 27
134, 28
134, 29
134, 30
134, 31
134, 32
134, 33
134, 34
134, 35
134, 36
134, 37
134, 38
134, 39
134, 40
134, 41
134, 42
134, 43
134, 44
134, 45
134, 46
134, 47
134, 48
134, 49
134, 50
134, 51
134, 52
134, 53
134, 54
134, 55
134, 56
134, 57
134, 58
134, 59
134, 60
134, 61
134, 62
134, 63
135, 10
135, 11
135, 16
135, 17
135, 18
135, 19
135, 20
135, 21
135, 22
135, 23
135, 24
135, 25
135, 26
135, 27
135, 28
135, 29
135, 30
135, 31
135, 32
135, 33
135, 34
135, 35
135, 36
135, 37
135, 38
135, 39
135, 40
135, 41
135, 42
135, 43
135, 44
135, 45
135, 46
135, 47
135, 48
135, 49
135, 50
135, 51
135, 52
135, 53
135, 54
135, 55
135, 56
135, 57
135, 58
135, 59
135, 60
135, 61
135, 62
135, 63
136, 10
136, 11
136, 16
136, 17
136, 18
136, 19
136, 20
136, 21
136, 22
136, 23
136, 24
136, 25
136, 26
136, 27
136, 28
136, 29
136, 30
136, 31
136, 32
136, 33
136, 34
136, 35
136, 36
136, 37
136, 38
136, 39
136, 40
136, 41
136, 42
136, 43
136, 44
136, 45
136, 46
136, 47
136, 48
136, 49
136, 50
136, 51
136, 52
136, 53
136, 54
136, 55
136, 56
136, 57
136, 58
136, 59
136, 60
136, 61
136, 62
136, 63
137, 10
137, 11
137, 15
137, 16
137, 17
137, 18
137, 19
137, 20
137, 21
137, 22
137, 23
137, 24
137, 25
137, 26
137, 27
137, 28
137, 29
137, 30
137, 31
137, 32
137, 33
137, 34
137, 35
137, 36
137, 37
137, 38
137, 39
137, 40
137, 41
137, 42
137, 43
137, 44
137, 45
137, 46
137, 47
137, 48
137, 49
137, 50
137, 51
137, 52
137, 53
137, 54
137, 55
137, 56
137, 57
137, 58
137, 59
137, 60
137, 61
137, 62
137, 63
138, 15
138, 16
138, 17
138, 18
138, 19
138, 20
138, 21
138, 22
138, 23
138, 24
138, 25
138, 26
138, 27
138, 28
138, 29
138, 30
138, 31
138, 32
138, 33
138, 34
138, 35
138, 36
138, 37
138, 38
138, 39
138, 40
138, 41
138, 42
138, 43
138, 44
138, 45
138, 46
138, 47
138, 48
138, 49
138, 50
138, 51
138, 52
138, 53
138, 54
138, 55
138, 56
138, 57
138, 58
138, 59
138, 60
138, 61
138, 62
139, 14
139, 15
139, 16
139, 17
139, 18
139, 19
139, 20
139, 21
139, 22
139, 23
139, 24
139, 25
139, 26
139, 27
139, 28
139, 29
139, 30
139, 31
139, 32
139, 33
139, 34
139, 35
139, 36
139, 37
139, 38
139, 39
139, 40
139, 41
139, 42
139, 43
139, 44
139, 45
139, 46
139, 47
139, 48
139, 49
139, 50
139, 51
139, 52
139, 53
139, 54
139, 55
139, 56
139, 57
139, 58
139, 59
139, 60
139, 61
139, 62
140, 14
140, 15
140, 16
140, 17
140, 18
140, 19
140, 20
140, 21
140, 22
140, 23
140, 24
140, 25
140, 26
140, 27
140, 28
140, 29
140, 30
140, 31
140, 32
140, 33
140, 34
140, 35
140, 36
140, 37
140, 38
140, 39
140, 40
140, 41
140, 42
140, 43
140, 44
140, 45
140, 46
140, 47
140, 48
140, 49
140, 50
140, 51
140, 52
140, 53
140, 54
140, 55
140, 56
140, 57
140, 58
140, 59
140, 60
140, 61
140, 62
141, 14
141, 15
141, 16
141, 17
141, 18
141, 19
141, 20
141, 21
141, 22
141, 23
141, 24
141, 25
141, 26
141, 27
141, 28
141, 29
141, 30
141, 31
141, 32
141, 33
141, 34
141, 35
141, 36
141, 37
141, 38
141, 39
141, 40
141, 41
141, 42
141, 43
141, 44
141, 45
141, 46
141, 47
141, 48
141, 49
141, 50
141, 51
141, 52
141, 53
141, 54
141, 55
141, 56
141, 57
141, 58
141, 59
141, 60
141, 61
141, 62
142, 14
142, 15
142, 16
142, 17
142, 18
142, 19
142, 20
142, 21
142, 22
142, 23
142, 24
142, 25
142, 26
142, 27
142, 28
142, 29
142, 30
142, 31
142, 32
142, 33
142, 34
142, 35
142, 36
142, 37
142, 38
142, 39
142, 40
142, 41
142, 42
142, 43
142, 44
142, 45
142, 46
142, 47
142, 48
142, 49
142, 50
142, 51
142, 52
142, 53
142, 54
142, 55
142, 56
142, 57
142, 58
142, 59
142, 60
142, 61
142, 62
143, 14
143, 15
143, 16
143, 17
143, 18
143, 19
143, 20
143, 21
143, 22
143, 23
143, 24
143, 25
143, 26
143, 27
143, 28
143, 29
143, 30
143, 31
143, 32
143, 33
143, 34
143, 35
143, 36
143, 37
143, 38
143, 39
143, 40
143, 41
143, 42
143, 43
143, 44
143, 45
143, 46
143, 47
143, 48
143, 49
143, 50
143, 51
143, 52
143, 53
143, 54
143, 55
143, 56
143, 57
143, 58
143, 59
143, 60
143, 61
143, 62
144, 14
144, 15
144, 16
144, 17
144, 18
144, 19
144, 20
144, 21
144, 22
144, 23
144, 24
144, 25
144, 26
144, 27
144, 28
144, 29
144, 30
144, 31
144, 32
144, 33
144, 34
144, 35
144, 36
144, 37
144, 38
144, 39
144, 40
144, 41
144, 42
144, 43
144, 44
144, 45
144, 46
144, 47
144, 48
144, 49
144, 50
144, 51
144, 52
144, 53
144, 54
144, 55
144, 56
144, 57
144, 58
144, 59
144, 60
144, 61
144, 62
145, 14
145, 15
145, 16
145, 17
145, 18
145, 19
145, 20
145, 21
145, 22
145, 23
145, 24
145, 25
145, 26
145, 27
145, 28
145, 29
145, 30
145, 31
145, 32
145, 33
145, 34
145, 35
145, 36
145, 37
145, 38
145, 39
145, 40
145, 41
145, 42
145, 43
145, 44
145, 45
145, 46
145, 47
145, 48
145, 49
145, 50
145, 51
145, 52
145, 53
145, 54
145, 55
145, 56
145, 57
145, 58
145, 59
145, 60
145, 61
145, 62
146, 14
146, 15
146, 16
146, 17
146, 18
146, 19
146, 20
146, 21
146, 22
146, 23
146, 24
146, 25
146, 26
146, 27
146, 28
146, 29
146, 30
146, 31
146, 32
146, 33
146, 34
146, 35
146, 36
146, 37
146, 38
146, 39
146, 40
146, 41
146, 42
146, 43
146, 44
146, 45
146, 46
146, 47
146, 48
146, 49
146, 50
146, 51
146, 52
146, 53
146, 54
146, 55
146, 56
146, 57
146, 58
146, 59
146, 60
146, 61
146, 62
147, 14
147, 15
147, 16
147, 17
147, 18
147, 19
147, 20
147, 21
147, 22
147, 23
147, 24
147, 25
147, 26
147, 27
147, 28
147, 29
147, 30
147, 31
147, 32
147, 33
147, 34
147, 35
147, 36
147, 37
147, 38
147, 39
147, 40
147, 41
147, 42
147, 43
147, 44
147, 45
147, 46
147, 47
147, 48
147, 49
147, 50
147, 51
147, 52
147, 53
147, 54
147, 55
147, 56
147, 57
147, 58
147, 59
147, 60
147, 61
147, 62
148, 13
148, 14
148, 15
148, 16
148, 17
148, 18
148, 19
148, 20
148, 21
148, 22
148, 23
148, 24
148, 25
148, 26
148, 27
148, 28
148, 29
148, 30
148, 31
148, 32
148, 33
148, 34
148, 35
148, 36
148, 37
148, 38
148, 39
148, 40
148, 41
148, 42
148, 43
148, 44
148, 45
148, 46
148, 47
148, 48
148, 49
148, 50
148, 51
148, 52
148, 53
148, 54
148, 55
148, 56
148, 57
148, 58
148, 59
148, 60
148, 61
149, 13
149, 14
149, 15
149, 16
149, 17
149, 18
149, 19
149, 20
149, 21
149, 22
149, 23
149, 24
149, 25
149, 26
149, 27
149, 28
149, 29
149, 30
149, 31
149, 32
149, 33
149, 34
149, 35
149, 36
149, 37
149, 38
149, 39
149, 40
149, 41
149, 42
149, 43
149, 44
149, 45
149, 46
149, 47
149, 48
149, 49
149, 50
149, 51
149, 52
149, 53
149, 54
149, 55
149, 56
149, 57
149, 58
149, 59
149, 60
149, 61
150, 13
150, 14
150, 15
150, 16
150, 17
150, 18
150, 19
150, 20
150, 21
150, 22
150, 23
150, 24
150, 25
150, 26
150, 27
150, 28
150, 29
150, 30
150, 31
150, 32
150, 33
150, 34
150, 35
150, 36
150, 37
150, 38
150, 39
150, 40
150, 41
150, 42
150, 43
150, 44
150, 45
150, 46
150, 47
150, 48
150, 49
150, 50
150, 51
150, 52
150, 53
150, 54
150, 55
150, 56
150, 57
150, 58
150, 59
150, 60
150, 61
151, 14
151, 15
151, 16
151, 17
151, 18
151, 19
151, 20
151, 21
151, 22
151, 23
151, 24
151, 25
151, 26
151, 27
151, 28
151, 29
151, 30
151, 31
151, 32
151, 33
151, 34
151, 35
151, 36
151, 37
151, 38
151, 39
151, 40
151, 41
151, 42
151, 43
151, 44
151, 45
151, 46
151, 47
151, 48
151, 49
151, 50
151, 51
151, 52
151, 53
151, 54
151, 55
151, 56
151, 57
151, 58
151, 59
151, 60
151, 61
152, 15
152, 16
152, 17
152, 18
152, 19
152, 20
152, 21
152, 22
152, 23
152, 24
152, 25
152, 26
152, 27
152, 28
152, 29
152, 30
152, 31
152, 32
152, 33
152, 34
152, 35
152, 36
152, 37
152, 38
152, 39
152, 40
152, 41
152, 42
152, 43
152, 44
152, 45
152, 46
152, 47
152, 48
152, 49
152, 50
152, 51
152, 52
152, 53
152, 54
152, 55
152, 56
152, 57
152, 58
152, 59
152, 60
152, 61
153, 22
153, 23
153, 24
153, 25
153, 26
153, 27
153, 28
153, 29
153, 30
153, 31
153, 32
153, 33
153, 34
153, 35
153, 36
153, 37
153, 38
153, 39
153, 40
153, 41
153, 42
153, 43
153, 44
153, 45
153, 46
153, 47
153, 48
153, 49
153, 50
153, 51
153, 52
153, 53
153, 54
153, 55
153, 56
153, 57
153, 58
153, 59
154, 34
154, 35
154, 36
154, 37
154, 38
154, 39
154, 40
154, 41
154, 42
154, 43
154, 44
154, 45
154, 46
154, 47
154, 48
154, 49
154, 50
154, 51
154, 52
154, 53
155, 33
155, 34
155, 35
155, 36
155, 37
155, 38
155, 39
155, 40
155, 41
155, 42
155, 43
155, 44
155, 45
155, 46
155, 47
155, 48
155, 49
155, 50
155, 51
155, 52
155, 53
156, 33
156, 34
156, 35
156, 36
156, 37
156, 38
156, 39
156, 40
156, 41
156, 42
156, 43
156, 44
156, 45
156, 46
156, 47
156, 48
156, 49
156, 50
156, 51
156, 52
156, 53
157, 33
157, 34
157, 35
157, 36
157, 37
157, 38
157, 39
157, 40
157, 41
157, 42
157, 43
157, 44
157, 45
157, 46
157, 47
157, 48
157, 49
157, 50
157, 51
157, 52
157, 53
158, 33
158, 34
158, 35
158, 36
158, 37
158, 38
158, 39
158, 40
158, 41
158, 42
158, 43
158, 44
158, 45
158, 46
158, 47
158, 48
158, 49
158, 50
158, 51
158, 52
159, 33
159, 34
159, 35
159, 36
159, 37
159, 38
159, 39
159, 40
159, 41
159, 42
159, 43
159, 44
159, 45
159, 46
159, 47
159, 48
159, 49
159, 50
159, 51
159, 52
160, 33
160, 34
160, 35
160, 36
160, 37
160, 38
160, 39
160, 40
160, 41
160, 42
160, 43
160, 44
160, 45
160, 46
160, 47
160, 48
160, 49
160, 50
160, 51
160, 52
161, 33
161, 34
161, 35
161, 36
161, 37
161, 38
161, 39
161, 40
161, 41
161, 42
161, 43
161, 44
161, 45
161, 46
161, 47
161, 48
161, 49
161, 50
161, 51
161, 52
162, 33
162, 34
162, 35
162, 36
162, 37
162, 38
162, 39
162, 40
162, 41
162, 42
162, 43
162, 44
162, 45
162, 46
162, 47
162, 48
162, 49
162, 50
162, 51
162, 52
163, 33
163, 34
163, 35
163, 36
163, 37
163, 38
163, 39
163, 40
163, 41
163, 42
163, 43
163, 44
163, 45
163, 46
163, 47
163, 48
163, 49
163, 50
163, 51
163, 52
164, 33
164, 34
164, 35
164, 36
164, 37
164, 38
164, 39
164, 40
164, 41
164, 42
164, 43
164, 44
164, 45
164, 46
164, 47
164, 48
164, 49
164, 50
164, 51
165, 33
165, 34
165, 35
165, 36
165, 37
165, 38
165, 39
165, 40
165, 41
165, 42
165, 43
165, 44
165, 45
165, 46
165, 47
165, 48
165, 49
165, 50
165, 51
166, 33
166, 34
166, 35
166, 36
166, 37
166, 38
166, 39
166, 40
166, 41
166, 42
166, 43
166, 44
166, 45
166, 46
166, 47
166, 48
166, 49
166, 50
166, 51
167, 34
167, 35
167, 36
167, 37
167, 38
167, 39
167, 40
167, 41
167, 42
167, 43
167, 44
167, 45
167, 46
167, 47
167, 48
167, 49
167, 50
167, 51
168, 34
168, 35
168, 36
168, 37
168, 38
168, 39
168, 40
168, 41
168, 42
168, 43
168, 44
168, 45
168, 46
168, 47
168, 48
168, 49
168, 50
168, 51
169, 34
169, 35
169, 36
169, 37
169, 38
169, 39
169, 40
169, 41
169, 42
169, 43
169, 44
169, 45
169, 46
169, 47
169, 48
169, 49
169, 50
170, 34
170, 35
170, 36
170, 37
170, 38
170, 39
170, 40
170, 41
170, 42
170, 43
170, 44
170, 45
170, 46
170, 47
170, 48
170, 49
170, 50
171, 34
171, 35
171, 36
171, 37
171, 38
171, 39
171, 40
171, 41
171, 42
171, 43
171, 44
171, 45
171, 46
171, 47
171, 48
171, 49
171, 50
172, 34
172, 35
172, 36
172, 37
172, 38
172, 39
172, 40
172, 41
172, 42
172, 43
172, 44
172, 45
172, 46
172, 47
172, 48
172, 49
173, 34
173, 35
173, 36
173, 37
173, 38
173, 39
173, 40
173, 41
173, 42
173, 43
173, 44
173, 45
173, 46
173, 47
173, 48
173, 49
174, 34
174, 35
174, 36
174, 37
174, 38
174, 39
174, 40
174, 41
174, 42
174, 43
174, 44
174, 45
174, 46
174, 47
174, 48
174, 49
175, 34
175, 35
175, 36
175, 37
175, 38
175, 39
175, 40
175, 41
175, 42
175, 43
175, 44
175, 45
175, 46
175, 47
175, 48
175, 49
176, 34
176, 35
176, 36
176, 37
176, 38
176, 39
176, 40
176, 41
176, 42
176, 43
176, 44
176, 45
176, 46
176, 47
176, 48
177, 34
177, 35
177, 36
177, 37
177, 38
177, 39
177, 40
177, 41
177, 42
177, 43
177, 44
177, 45
177, 46
177, 47
177, 48
178, 34
178, 35
178, 36
178, 37
178, 38
178, 39
178, 40
178, 41
178, 42
178, 43
178, 44
178, 45
178, 46
178, 47
178, 48
179, 34
179, 35
179, 36
179, 37
179, 38
179, 39
179, 40
179, 41
179, 42
179, 43
179, 44
179, 45
179, 46
179, 47
179, 48
180, 34
180, 35
180, 36
180, 37
180, 38
180, 39
180, 40
180, 41
180, 42
180, 43
180, 44
180, 45
180, 46
180, 47
180, 48
181, 34
181, 35
181, 36
181, 37
181, 38
181, 39
181, 40
181, 41
181, 42
181, 43
181, 44
181, 45
181, 46
181, 47
182, 34
182, 35
182, 36
182, 37
182, 38
182, 39
182, 40
182, 41
182, 42
182, 43
182, 44
182, 45
182, 46
182, 47
183, 34
183, 35
183, 36
183, 37
183, 38
183, 39
183, 40
183, 41
183, 42
183, 43
183, 44
183, 45
183, 46
183, 47
184, 34
184, 35
184, 36
184, 37
184, 38
184, 39
184, 40
184, 41
184, 42
184, 43
184, 44
184, 45
184, 46
184, 47
185, 34
185, 35
185, 36
185, 37
185, 38
185, 39
185, 40
185, 41
185, 42
185, 43
185, 44
185, 45
185, 46
185, 47
186, 34
186, 35
186, 36
186, 37
186, 38
186, 39
186, 40
186, 41
186, 42
186, 43
186, 44
186, 45
186, 46
187, 34
187, 35
187, 36
187, 37
187, 38
187, 39
187, 40
187, 41
187, 42
187, 43
187, 44
187, 45
187, 46
188, 34
188, 35
188, 36
188, 37
188, 38
188, 39
188, 40
188, 41
188, 42
188, 43
188, 44
188, 45
188, 46
189, 33
189, 34
189, 35
189, 36
189, 37
189, 38
189, 39
189, 40
189, 41
189, 42
189, 43
189, 44
189, 45
189, 46
190, 33
190, 34
190, 35
190, 36
190, 37
190, 38
190, 39
190, 40
190, 41
190, 42
190, 43
190, 44
190, 45
190, 46
191, 33
191, 34
191, 35
191, 36
191, 37
191, 38
191, 39
191, 40
191, 41
191, 42
191, 43
191, 44
191, 45
192, 33
192, 34
192, 35
192, 36
192, 37
192, 38
192, 39
192, 40
192, 41
192, 42
192, 43
192, 44
192, 45
193, 33
193, 34
193, 35
193, 36
193, 37
193, 38
193, 39
193, 40
193, 41
193, 42
193, 43
193, 44
193, 45
194, 33
194, 34
194, 35
194, 36
194, 37
194, 38
194, 39
194, 40
194, 41
194, 42
194, 43
194, 44
194, 45
195, 34
195, 35
195, 36
195, 37
195, 38
195, 39
195, 40
195, 41
195, 42
195, 43
195, 44
195, 45
196, 39
196, 40
196, 41
196, 42
196, 43
196, 44
