159, 34
159, 35
159, 36
159, 37
160, 32
160, 33
160, 34
160, 35
160, 36
160, 37
160, 38
160, 39
160, 40
161, 30
161, 31
161, 32
161, 33
161, 34
161, 35
161, 36
161, 37
161, 38
161, 39
161, 40
162, 28
162, 29
162, 30
162, 31
162, 32
162, 33
162, 34
162, 35
162, 36
162, 37
162, 38
162, 39
162, 40
162, 41
163, 27
163, 28
163, 29
163, 30
163, 31
163, 32
163, 33
163, 34
163, 35
163, 36
163, 37
163, 38
163, 39
163, 40
163, 41
163, 42
164, 26
164, 27
164, 28
164, 29
164, 30
164, 31
164, 32
164, 33
164, 34
164, 35
164, 36
164, 37
164, 38
164, 39
164, 40
164, 41
164, 42
165, 24
165, 25
165, 26
165, 27
165, 28
165, 29
165, 30
165, 31
165, 32
165, 33
165, 34
165, 35
165, 36
165, 37
165, 38
165, 39
165, 40
165, 41
165, 42
165, 43
166, 23
166, 24
166, 25
166, 26
166, 27
166, 28
166, 29
166, 30
166, 31
166, 32
166, 33
166, 34
166, 35
166, 36
166, 37
166, 38
166, 39
166, 40
166, 41
166, 42
166, 43
167, 23
167, 24
167, 25
167, 26
167, 27
167, 28
167, 29
167, 30
167, 31
167, 32
167, 33
167, 34
167, 35
167, 36
167, 37
167, 38
167, 39
167, 40
167, 41
167, 42
167, 43
168, 23
168, 24
168, 25
168, 26
168, 27
168, 28
168, 29
168, 30
168, 31
168, 32
168, 33
168, 34
168, 35
168, 36
168, 37
168, 38
168, 39
168, 40
168, 41
168, 42
168, 43
168, 44
169, 22
169, 23
169, 24
169, 25
169, 26
169, 27
169, 28
169, 29
169, 30
169, 31
169, 32
169, 33
169, 34
169, 35
169, 36
169, 37
169, 38
169, 39
169, 40
169, 41
169, 42
169, 43
169, 44
170, 22
170, 23
170, 24
170, 25
170, 26
170, 27
170, 28
170, 29
170, 30
170, 31
170, 32
170, 33
170, 34
170, 35
170, 36
170, 37
170, 38
170, 39
170, 40
170, 41
170, 42
170, 43
170, 44
170, 45
171, 20
171, 21
171, 22
171, 23
171, 24
171, 25
171, 26
171, 27
171, 28
171, 29
171, 30
171, 31
171, 32
171, 33
171, 34
171, 35
171, 36
171, 37
171, 38
171, 39
171, 40
171, 41
171, 42
171, 43
171, 44
171, 45
172, 20
172, 21
172, 22
172, 23
172, 24
172, 25
172, 26
172, 27
172, 28
172, 29
172, 30
172, 31
172, 32
172, 33
172, 34
172, 35
172, 36
172, 37
172, 38
172, 39
172, 40
172, 41
172, 42
172, 43
172, 44
172, 45
172, 46
173, 20
173, 21
173, 22
173, 23
173, 24
173, 25
173, 26
173, 27
173, 28
173, 29
173, 30
173, 31
173, 32
173, 33
173, 34
173, 35
173, 36
173, 37
173, 38
173, 39
173, 40
173, 41
173, 42
173, 43
173, 44
173, 45
173, 46
173, 47
173, 51
174, 20
174, 21
174, 22
174, 23
174, 24
174, 25
174, 26
174, 27
174, 28
174, 29
174, 30
174, 31
174, 32
174, 33
174, 34
174, 35
174, 36
174, 37
174, 38
174, 39
174, 40
174, 41
174, 42
174, 43
174, 44
174, 45
174, 46
174, 47
174, 48
174, 51
175, 20
175, 21
175, 22
175, 23
175, 24
175, 25
175, 26
175, 27
175, 28
175, 29
175, 30
175, 31
175, 32
175, 33
175, 34
175, 35
175, 36
175, 37
175, 38
175, 39
175, 40
175, 41
175, 42
175, 43
175, 44
175, 45
175, 46
175, 47
175, 48
176, 21
176, 22
176, 23
176, 24
176, 25
176, 26
176, 27
176, 28
176, 29
176, 30
176, 31
176, 32
176, 33
176, 34
176, 35
176, 36
176, 37
176, 38
176, 39
176, 40
176, 41
176, 42
176, 43
176, 44
176, 45
176, 46
176, 47
176, 48
177, 21
177, 22
177, 23
177, 24
177, 25
177, 26
177, 27
177, 28
177, 29
177, 30
177, 31
177, 32
177, 33
177, 34
177, 35
177, 36
177, 37
177, 38
177, 39
177, 40
177, 41
177, 42
177, 43
177, 44
177, 45
177, 46
177, 47
177, 48
177, 49
178, 20
178, 21
178, 22
178, 23
178, 24
178, 25
178, 26
178, 27
178, 28
178, 29
178, 30
178, 31
178, 32
178, 33
178, 34
178, 35
178, 36
178, 37
178, 38
178, 39
178, 40
178, 41
178, 42
178, 43
178, 44
178, 45
178, 46
178, 47
178, 48
178, 49
178, 50
179, 21
179, 22
179, 23
179, 24
179, 25
179, 26
179, 27
179, 28
179, 29
179, 30
179, 31
179, 32
179, 33
179, 34
179, 35
179, 36
179, 37
179, 38
179, 39
179, 40
179, 41
179, 42
179, 43
179, 44
179, 45
179, 46
179, 47
179, 48
179, 49
179, 50
179, 51
180, 21
180, 22
180, 23
180, 24
180, 25
180, 26
180, 27
180, 28
180, 29
180, 30
180, 31
180, 32
180, 33
180, 34
180, 35
180, 36
180, 37
180, 38
180, 39
180, 40
180, 41
180, 42
180, 43
180, 44
180, 45
180, 46
180, 47
180, 48
180, 49
180, 50
180, 51
181, 21
181, 22
181, 23
181, 24
181, 25
181, 26
181, 27
181, 28
181, 29
181, 30
181, 31
181, 32
181, 33
181, 34
181, 35
181, 36
181, 37
181, 38
181, 39
181, 40
181, 41
181, 42
181, 43
181, 44
181, 45
181, 46
181, 47
181, 48
181, 49
181, 50
181, 51
182, 21
182, 22
182, 23
182, 24
182, 25
182, 26
182, 27
182, 28
182, 29
182, 30
182, 31
182, 32
182, 33
182, 34
182, 35
182, 36
182, 37
182, 38
182, 39
182, 40
182, 41
182, 42
182, 43
182, 44
182, 45
182, 46
182, 47
182, 48
182, 49
182, 50
182, 51
183, 21
183, 22
183, 23
183, 24
183, 25
183, 26
183, 27
183, 28
183, 29
183, 30
183, 31
183, 32
183, 33
183, 34
183, 35
183, 36
183, 37
183, 38
183, 39
183, 40
183, 41
183, 42
183, 43
183, 44
183, 45
183, 46
183, 47
183, 48
183, 49
183, 50
183, 51
183, 52
184, 20
184, 21
184, 22
184, 23
184, 24
184, 25
184, 26
184, 27
184, 28
184, 29
184, 30
184, 31
184, 32
184, 33
184, 34
184, 35
184, 36
184, 37
184, 38
184, 39
184, 40
184, 41
184, 42
184, 43
184, 44
184, 45
184, 46
184, 47
184, 48
184, 49
184, 50
184, 51
184, 52
185, 20
185, 21
185, 22
185, 23
185, 24
185, 25
185, 26
185, 27
185, 28
185, 29
185, 30
185, 31
185, 32
185, 33
185, 34
185, 35
185, 36
185, 37
185, 38
185, 39
185, 40
185, 41
185, 42
185, 43
185, 44
185, 45
185, 46
185, 47
185, 48
185, 49
185, 50
185, 51
185, 52
186, 20
186, 21
186, 22
186, 23
186, 24
186, 25
186, 26
186, 27
186, 28
186, 29
186, 30
186, 31
186, 32
186, 33
186, 34
186, 35
186, 36
186, 37
186, 38
186, 39
186, 40
186, 41
186, 42
186, 43
186, 44
186, 45
186, 46
186, 47
186, 48
186, 49
186, 50
186, 51
186, 52
186, 53
186, 54
187, 20
187, 21
187, 22
187, 23
187, 24
187, 25
187, 26
187, 27
187, 28
187, 29
187, 30
187, 31
187, 32
187, 33
187, 34
187, 35
187, 36
187, 37
187, 38
187, 39
187, 40
187, 41
187, 42
187, 43
187, 44
187, 45
187, 46
187, 47
187, 48
187, 49
187, 50
187, 51
187, 52
187, 53
187, 54
188, 19
188, 20
188, 21
188, 22
188, 23
188, 24
188, 25
188, 26
188, 27
188, 28
188, 29
188, 30
188, 31
188, 32
188, 33
188, 34
188, 35
188, 36
188, 37
188, 38
188, 39
188, 40
188, 41
188, 42
188, 43
188, 44
188, 45
188, 46
188, 47
188, 48
188, 49
188, 50
188, 51
188, 52
188, 53
188, 54
188, 55
189, 19
189, 20
189, 21
189, 22
189, 23
189, 24
189, 25
189, 26
189, 27
189, 28
189, 29
189, 30
189, 31
189, 32
189, 33
189, 34
189, 35
189, 36
189, 37
189, 38
189, 39
189, 40
189, 41
189, 42
189, 43
189, 44
189, 45
189, 46
189, 47
189, 48
189, 49
189, 50
189, 51
189, 52
189, 53
189, 54
189, 55
190, 18
190, 19
190, 20
190, 21
190, 22
190, 23
190, 24
190, 25
190, 26
190, 27
190, 28
190, 29
190, 30
190, 31
190, 32
190, 33
190, 34
190, 35
190, 36
190, 37
190, 38
190, 39
190, 40
190, 41
190, 42
190, 43
190, 44
190, 45
190, 46
190, 47
190, 48
190, 49
190, 50
190, 51
190, 52
190, 53
190, 54
190, 55
191, 18
191, 19
191, 20
191, 21
191, 22
191, 23
191, 24
191, 25
191, 26
191, 27
191, 28
191, 29
191, 30
191, 31
191, 32
191, 33
191, 34
191, 35
191, 36
191, 37
191, 38
191, 39
191, 40
191, 41
191, 42
191, 43
191, 44
191, 45
191, 46
191, 47
191, 48
191, 49
191, 50
191, 51
191, 52
191, 53
191, 54
191, 55
192, 18
192, 19
192, 20
192, 21
192, 22
192, 23
192, 24
192, 25
192, 26
192, 27
192, 28
192, 29
192, 30
192, 31
192, 32
192, 33
192, 34
192, 35
192, 36
192, 37
192, 38
192, 39
192, 40
192, 41
192, 42
192, 43
192, 44
192, 45
192, 46
192, 47
192, 48
192, 49
192, 50
192, 51
192, 52
192, 53
192, 54
192, 55
193, 18
193, 19
193, 20
193, 21
193, 22
193, 23
193, 24
193, 25
193, 26
193, 27
193, 28
193, 29
193, 30
193, 31
193, 32
193, 33
193, 34
193, 35
193, 36
193, 37
193, 38
193, 39
193, 40
193, 41
193, 42
193, 43
193, 44
193, 45
193, 46
193, 47
193, 48
193, 49
193, 50
193, 51
193, 52
193, 53
193, 54
193, 55
194, 18
194, 19
194, 20
194, 21
194, 22
194, 23
194, 24
194, 25
194, 26
194, 27
194, 28
194, 29
194, 30
194, 31
194, 32
194, 33
194, 34
194, 35
194, 36
194, 37
194, 38
194, 39
194, 40
194, 41
194, 42
194, 43
194, 44
194, 45
194, 46
194, 47
194, 48
194, 49
194, 50
194, 51
194, 52
194, 53
194, 54
194, 55
195, 18
195, 19
195, 20
195, 21
195, 22
195, 23
195, 24
195, 25
195, 26
195, 27
195, 28
195, 29
195, 30
195, 31
195, 32
195, 33
195, 34
195, 35
195, 36
195, 37
195, 38
195, 39
195, 40
195, 41
195, 42
195, 43
195, 44
195, 45
195, 46
195, 47
195, 48
195, 49
195, 50
195, 51
195, 52
195, 53
195, 54
195, 55
196, 18
196, 19
196, 20
196, 21
196, 22
196, 23
196, 24
196, 25
196, 26
196, 27
196, 28
196, 29
196, 30
196, 31
196, 32
196, 33
196, 34
196, 35
196, 36
196, 37
196, 38
196, 39
196, 40
196, 41
196, 42
196, 43
196, 44
196, 45
196, 46
196, 47
196, 48
196, 49
196, 50
196, 51
196, 52
196, 53
196, 54
196, 55
197, 18
197, 19
197, 20
197, 21
197, 22
197, 23
197, 24
197, 25
197, 26
197, 27
197, 28
197, 29
197, 30
197, 31
197, 32
197, 33
197, 34
197, 35
197, 36
197, 37
197, 38
197, 39
197, 40
197, 41
197, 42
197, 43
197, 44
197, 45
197, 46
197, 47
197, 48
197, 49
197, 50
197, 51
197, 52
197, 53
197, 54
197, 55
198, 18
198, 19
198, 20
198, 21
198, 22
198, 23
198, 24
198, 25
198, 26
198, 27
198, 28
198, 29
198, 30
198, 31
198, 32
198, 33
198, 34
198, 35
198, 36
198, 37
198, 38
198, 39
198, 40
198, 41
198, 42
198, 43
198, 44
198, 45
198, 46
198, 47
198, 48
198, 49
198, 50
198, 51
198, 52
198, 53
198, 54
198, 55
199, 18
199, 19
199, 20
199, 21
199, 22
199, 23
199, 24
199, 25
199, 26
199, 27
199, 28
199, 29
199, 30
199, 31
199, 32
199, 33
199, 34
199, 35
199, 36
199, 37
199, 38
199, 39
199, 40
199, 41
199, 42
199, 43
199, 44
199, 45
199, 46
199, 47
199, 48
199, 49
199, 50
199, 51
199, 52
199, 53
199, 54
199, 55
200, 18
200, 19
200, 20
200, 21
200, 22
200, 23
200, 24
200, 25
200, 26
200, 27
200, 28
200, 29
200, 30
200, 31
200, 32
200, 33
200, 34
200, 35
200, 36
200, 37
200, 38
200, 39
200, 40
200, 41
200, 42
200, 43
200, 44
200, 45
200, 46
200, 47
200, 48
200, 49
200, 50
200, 51
200, 52
200, 53
200, 54
200, 55
201, 18
201, 19
201, 20
201, 21
201, 22
201, 23
201, 24
201, 25
201, 26
201, 27
201, 28
201, 29
201, 30
201, 31
201, 32
201, 33
201, 34
201, 35
201, 36
201, 37
201, 38
201, 39
201, 40
201, 41
201, 42
201, 43
201, 44
201, 45
201, 46
201, 47
201, 48
201, 49
201, 50
201, 51
201, 52
201, 53
201, 54
201, 55
202, 18
202, 19
202, 20
202, 21
202, 22
202, 23
202, 24
202, 25
202, 26
202, 27
202, 28
202, 29
202, 30
202, 31
202, 32
202, 33
202, 34
202, 35
202, 36
202, 37
202, 38
202, 39
202, 40
202, 41
202, 42
202, 43
202, 44
202, 45
202, 46
202, 47
202, 48
202, 49
202, 50
202, 51
202, 52
202, 53
202, 54
202, 55
203, 18
203, 19
203, 20
203, 21
203, 22
203, 23
203, 24
203, 25
203, 26
203, 27
203, 28
203, 29
203, 30
203, 31
203, 32
203, 33
203, 34
203, 35
203, 36
203, 37
203, 38
203, 39
203, 40
203, 41
203, 42
203, 43
203, 44
203, 45
203, 46
203, 47
203, 48
203, 49
203, 50
203, 51
203, 52
203, 53
203, 54
204, 18
204, 19
204, 20
204, 21
204, 22
204, 23
204, 24
204, 25
204, 26
204, 27
204, 28
204, 29
204, 30
204, 31
204, 32
204, 33
204, 34
204, 35
204, 36
204, 37
204, 38
204, 39
204, 40
204, 41
204, 42
204, 43
204, 44
204, 45
204, 46
204, 47
204, 48
204, 49
204, 50
204, 51
204, 52
204, 53
204, 54
205, 18
205, 19
205, 20
205, 21
205, 22
205, 23
205, 24
205, 25
205, 26
205, 27
205, 28
205, 29
205, 30
205, 31
205, 32
205, 33
205, 34
205, 35
205, 36
205, 37
205, 38
205, 39
205, 40
205, 41
205, 42
205, 43
205, 44
205, 45
205, 46
205, 47
205, 48
205, 49
205, 50
205, 51
205, 52
205, 53
205, 54
206, 18
206, 19
206, 20
206, 21
206, 22
206, 23
206, 24
206, 25
206, 26
206, 27
206, 28
206, 29
206, 30
206, 31
206, 32
206, 33
206, 34
206, 35
206, 36
206, 37
206, 38
206, 39
206, 40
206, 41
206, 42
206, 43
206, 44
206, 45
206, 46
206, 47
206, 48
206, 49
206, 50
206, 51
206, 52
206, 53
207, 18
207, 19
207, 20
207, 21
207, 22
207, 23
207, 24
207, 25
207, 26
207, 27
207, 28
207, 29
207, 30
207, 31
207, 32
207, 33
207, 34
207, 35
207, 36
207, 37
207, 38
207, 39
207, 40
207, 41
207, 42
207, 43
207, 44
207, 45
207, 46
207, 47
207, 48
207, 49
207, 50
207, 51
207, 52
207, 53
208, 18
208, 19
208, 20
208, 21
208, 22
208, 23
208, 24
208, 25
208, 26
208, 27
208, 28
208, 29
208, 30
208, 31
208, 32
208, 33
208, 34
208, 35
208, 36
208, 37
208, 38
208, 39
208, 40
208, 41
208, 42
208, 43
208, 44
208, 45
208, 46
208, 47
208, 48
208, 49
208, 50
208, 51
208, 52
208, 53
209, 17
209, 18
209, 19
209, 20
209, 21
209, 22
209, 23
209, 24
209, 25
209, 26
209, 27
209, 28
209, 29
209, 30
209, 31
209, 32
209, 33
209, 34
209, 35
209, 36
209, 37
209, 38
209, 39
209, 40
209, 41
209, 42
209, 43
209, 44
209, 45
209, 46
209, 47
209, 48
209, 49
209, 50
209, 51
209, 52
210, 17
210, 18
210, 19
210, 20
210, 21
210, 22
210, 23
210, 24
210, 25
210, 26
210, 27
210, 28
210, 29
210, 30
210, 31
210, 32
210, 33
210, 34
210, 35
210, 36
210, 37
210, 38
210, 39
210, 40
210, 41
210, 42
210, 43
210, 44
210, 45
210, 46
210, 47
210, 48
210, 49
210, 50
210, 51
210, 52
211, 17
211, 18
211, 19
211, 20
211, 21
211, 22
211, 23
211, 24
211, 25
211, 26
211, 27
211, 28
211, 29
211, 30
211, 31
211, 32
211, 33
211, 34
211, 35
211, 36
211, 37
211, 38
211, 39
211, 40
211, 41
211, 42
211, 43
211, 44
211, 45
211, 46
211, 47
211, 48
211, 49
211, 50
211, 51
212, 17
212, 18
212, 19
212, 20
212, 21
212, 22
212, 23
212, 24
212, 25
212, 26
212, 27
212, 28
212, 29
212, 30
212, 31
212, 32
212, 33
212, 34
212, 35
212, 36
212, 37
212, 38
212, 39
212, 40
212, 41
212, 42
212, 43
212, 44
212, 45
212, 46
212, 47
212, 48
212, 49
212, 50
212, 51
213, 17
213, 18
213, 19
213, 20
213, 21
213, 22
213, 23
213, 24
213, 25
213, 26
213, 27
213, 28
213, 29
213, 30
213, 31
213, 32
213, 33
213, 34
213, 35
213, 36
213, 37
213, 38
213, 39
213, 40
213, 41
213, 42
213, 43
213, 44
213, 45
213, 46
213, 47
213, 48
213, 49
213, 50
214, 17
214, 18
214, 19
214, 20
214, 21
214, 22
214, 23
214, 24
214, 25
214, 26
214, 27
214, 28
214, 29
214, 30
214, 31
214, 32
214, 33
214, 34
214, 35
214, 36
214, 37
214, 38
214, 39
214, 40
214, 41
214, 42
214, 43
214, 44
214, 45
214, 46
214, 47
214, 48
214, 49
215, 17
215, 18
215, 19
215, 20
215, 21
215, 22
215, 23
215, 24
215, 25
215, 26
215, 27
215, 28
215, 29
215, 30
215, 31
215, 32
215, 33
215, 34
215, 35
215, 36
215, 37
215, 38
215, 39
215, 40
215, 41
215, 42
215, 43
215, 44
215, 45
215, 46
215, 47
215, 48
216, 18
216, 19
216, 20
216, 21
216, 22
216, 23
216, 24
216, 25
216, 26
216, 27
216, 28
216, 29
216, 30
216, 31
216, 32
216, 33
216, 34
216, 35
216, 36
216, 37
216, 38
216, 39
216, 40
216, 41
216, 42
216, 43
216, 44
