25, 8
25, 9
25, 10
25, 11
25, 12
25, 29
25, 30
25, 31
25, 32
26, 7
26, 8
26, 9
26, 10
26, 11
26, 12
26, 13
26, 14
26, 28
26, 29
26, 30
26, 31
26, 32
26, 33
27, 6
27, 7
27, 8
27, 9
27, 10
27, 11
27, 12
27, 13
27, 14
27, 28
27, 29
27, 30
27, 31
27, 32
27, 33
28, 5
28, 6
28, 7
28, 8
28, 9
28, 10
28, 11
28, 12
28, 13
28, 14
28, 28
28, 29
28, 30
28, 31
28, 32
28, 33
28, 34
29, 4
29, 5
29, 6
29, 7
29, 8
29, 9
29, 10
29, 11
29, 12
29, 13
29, 28
29, 29
29, 30
29, 31
29, 32
29, 33
29, 34
30, 4
30, 5
30, 6
30, 7
30, 8
30, 9
30, 10
30, 11
30, 12
30, 13
30, 27
30, 28
30, 29
30, 30
30, 31
30, 32
30, 33
30, 34
30, 35
31, 4
31, 5
31, 6
31, 7
31, 8
31, 9
31, 10
31, 11
31, 12
31, 13
31, 27
31, 28
31, 29
31, 30
31, 31
31, 32
31, 33
31, 34
31, 35
32, 3
32, 4
32, 5
32, 6
32, 7
32, 8
32, 9
32, 10
32, 11
32, 12
32, 13
32, 27
32, 28
32, 29
32, 30
32, 31
32, 32
32, 33
32, 34
32, 35
33, 3
33, 4
33, 5
33, 6
33, 7
33, 8
33, 9
33, 10
33, 11
33, 12
33, 13
33, 27
33, 28
33, 29
33, 30
33, 31
33, 32
33, 33
33, 34
33, 35
34, 3
34, 4
34, 5
34, 6
34, 7
34, 8
34, 9
34, 10
34, 11
34, 12
34, 13
34, 27
34, 28
34, 29
34, 30
34, 31
34, 32
34, 33
34, 34
34, 35
34, 36
35, 3
35, 4
35, 5
35, 6
35, 7
35, 8
35, 9
35, 10
35, 11
35, 12
35, 13
35, 27
35, 28
35, 29
35, 30
35, 31
35, 32
35, 33
35, 34
35, 35
35, 36
36, 3
36, 4
36, 5
36, 6
36, 7
36, 8
36, 9
36, 10
36, 11
36, 12
36, 13
36, 14
36, 27
36, 28
36, 29
36, 30
36, 31
36, 32
36, 33
36, 34
36, 35
36, 36
37, 3
37, 4
37, 5
37, 6
37, 7
37, 8
37, 9
37, 10
37, 11
37, 12
37, 13
37, 14
37, 27
37, 28
37, 29
37, 30
37, 31
37, 32
37, 33
37, 34
37, 35
37, 36
37, 37
38, 3
38, 4
38, 5
38, 6
38, 7
38, 8
38, 9
38, 10
38, 11
38, 12
38, 13
38, 14
38, 27
38, 28
38, 29
38, 30
38, 31
38, 32
38, 33
38, 34
38, 35
38, 36
38, 37
39, 3
39, 4
39, 5
39, 6
39, 7
39, 8
39, 9
39, 10
39, 11
39, 12
39, 13
39, 14
39, 26
39, 27
39, 28
39, 29
39, 30
39, 31
39, 32
39, 33
39, 34
39, 35
39, 36
39, 37
40, 3
40, 4
40, 5
40, 6
40, 7
40, 8
40, 9
40, 10
40, 11
40, 12
40, 13
40, 14
40, 26
40, 27
40, 28
40, 29
40, 30
40, 31
40, 32
40, 33
40, 34
40, 35
40, 36
40, 37
41, 3
41, 4
41, 5
41, 6
41, 7
41, 8
41, 9
41, 10
41, 11
41, 12
41, 13
41, 14
41, 25
41, 26
41, 27
41, 28
41, 29
41, 30
41, 31
41, 32
41, 33
41, 34
41, 35
41, 36
41, 37
41, 38
42, 3
42, 4
42, 5
42, 6
42, 7
42, 8
42, 9
42, 10
42, 11
42, 12
42, 13
42, 14
42, 25
42, 26
42, 27
42, 28
42, 29
42, 30
42, 31
42, 32
42, 33
42, 34
42, 35
42, 36
42, 37
42, 38
43, 3
43, 4
43, 5
43, 6
43, 7
43, 8
43, 9
43, 10
43, 11
43, 12
43, 13
43, 14
43, 25
43, 26
43, 27
43, 28
43, 29
43, 30
43, 31
43, 32
43, 33
43, 34
43, 35
43, 36
43, 37
43, 38
44, 3
44, 4
44, 5
44, 6
44, 7
44, 8
44, 9
44, 10
44, 11
44, 12
44, 13
44, 14
44, 15
44, 24
44, 25
44, 26
44, 27
44, 28
44, 29
44, 30
44, 31
44, 32
44, 33
44, 34
44, 35
44, 36
44, 37
44, 38
45, 3
45, 4
45, 5
45, 6
45, 7
45, 8
45, 9
45, 10
45, 11
45, 12
45, 13
45, 14
45, 15
45, 24
45, 25
45, 26
45, 27
45, 28
45, 29
45, 30
45, 31
45, 32
45, 33
45, 34
45, 35
45, 36
45, 37
45, 38
46, 3
46, 4
46, 5
46, 6
46, 7
46, 8
46, 9
46, 10
46, 11
46, 12
46, 13
46, 14
46, 15
46, 24
46, 25
46, 26
46, 27
46, 28
46, 29
46, 30
46, 31
46, 32
46, 33
46, 34
46, 35
46, 36
46, 37
46, 38
47, 3
47, 4
47, 5
47, 6
47, 7
47, 8
47, 9
47, 10
47, 11
47, 12
47, 13
47, 14
47, 15
47, 24
47, 25
47, 26
47, 27
47, 28
47, 29
47, 30
47, 31
47, 32
47, 33
47, 34
47, 35
47, 36
47, 37
47, 38
48, 3
48, 4
48, 5
48, 6
48, 7
48, 8
48, 9
48, 10
48, 11
48, 12
48, 13
48, 14
48, 15
48, 24
48, 25
48, 26
48, 27
48, 28
48, 29
48, 30
48, 31
48, 32
48, 33
48, 34
48, 35
48, 36
48, 37
48, 38
49, 3
49, 4
49, 5
49, 6
49, 7
49, 8
49, 9
49, 10
49, 11
49, 12
49, 13
49, 14
49, 15
49, 24
49, 25
49, 26
49, 27
49, 28
49, 29
49, 30
49, 31
49, 32
49, 33
49, 34
49, 35
49, 36
49, 37
49, 38
50, 3
50, 4
50, 5
50, 6
50, 7
50, 8
50, 9
50, 10
50, 11
50, 12
50, 13
50, 14
50, 15
50, 24
50, 25
50, 26
50, 27
50, 28
50, 29
50, 30
50, 31
50, 32
50, 33
50, 34
50, 35
50, 36
50, 37
50, 38
51, 3
51, 4
51, 5
51, 6
51, 7
51, 8
51, 9
51, 10
51, 11
51, 12
51, 13
51, 14
51, 15
51, 24
51, 25
51, 26
51, 27
51, 28
51, 29
51, 30
51, 31
51, 32
51, 33
51, 34
51, 35
51, 36
51, 37
51, 38
51, 39
52, 3
52, 4
52, 5
52, 6
52, 7
52, 8
52, 9
52, 10
52, 11
52, 12
52, 13
52, 14
52, 15
52, 24
52, 25
52, 26
52, 27
52, 28
52, 29
52, 30
52, 31
52, 32
52, 33
52, 34
52, 35
52, 36
52, 37
52, 38
52, 39
53, 3
53, 4
53, 5
53, 6
53, 7
53, 8
53, 9
53, 10
53, 11
53, 12
53, 13
53, 14
53, 15
53, 24
53, 25
53, 26
53, 27
53, 28
53, 29
53, 30
53, 31
53, 32
53, 33
53, 34
53, 35
53, 36
53, 37
53, 38
53, 39
54, 3
54, 4
54, 5
54, 6
54, 7
54, 8
54, 9
54, 10
54, 11
54, 12
54, 13
54, 14
54, 15
54, 25
54, 26
54, 27
54, 28
54, 29
54, 30
54, 31
54, 32
54, 33
54, 34
54, 35
54, 36
54, 37
54, 38
54, 39
55, 3
55, 4
55, 5
55, 6
55, 7
55, 8
55, 9
55, 10
55, 11
55, 12
55, 13
55, 14
55, 15
55, 26
55, 27
55, 28
55, 29
55, 30
55, 31
55, 32
55, 33
55, 34
55, 35
55, 36
55, 37
55, 38
55, 39
56, 3
56, 4
56, 5
56, 6
56, 7
56, 8
56, 9
56, 10
56, 11
56, 12
56, 13
56, 14
56, 15
56, 28
56, 29
56, 30
56, 31
56, 32
56, 33
56, 34
56, 35
56, 36
56, 37
56, 38
56, 39
57, 3
57, 4
57, 5
57, 6
57, 7
57, 8
57, 9
57, 10
57, 11
57, 12
57, 13
57, 14
57, 15
57, 29
57, 30
57, 31
57, 32
57, 33
57, 34
57, 35
57, 36
57, 37
57, 38
57, 39
58, 3
58, 4
58, 5
58, 6
58, 7
58, 8
58, 9
58, 10
58, 11
58, 12
58, 13
58, 14
58, 15
58, 29
58, 30
58, 31
58, 32
58, 33
58, 34
58, 35
58, 36
58, 37
58, 38
58, 39
59, 3
59, 4
59, 5
59, 6
59, 7
59, 8
59, 9
59, 10
59, 11
59, 12
59, 13
59, 14
59, 15
59, 30
59, 31
59, 32
59, 33
59, 34
59, 35
59, 36
59, 37
59, 38
59, 39
60, 2
60, 3
60, 4
60, 5
60, 6
60, 7
60, 8
60, 9
60, 10
60, 11
60, 12
60, 13
60, 14
60, 15
60, 30
60, 31
60, 32
60, 33
60, 34
60, 35
60, 36
60, 37
60, 38
60, 39
60, 40
61, 2
61, 3
61, 4
61, 5
61, 6
61, 7
61, 8
61, 9
61, 10
61, 11
61, 12
61, 13
61, 14
61, 15
61, 30
61, 31
61, 32
61, 33
61, 34
61, 35
61, 36
61, 37
61, 38
61, 39
61, 40
62, 2
62, 3
62, 4
62, 5
62, 6
62, 7
62, 8
62, 9
62, 10
62, 11
62, 12
62, 13
62, 14
62, 15
62, 30
62, 31
62, 32
62, 33
62, 34
62, 35
62, 36
62, 37
62, 38
62, 39
62, 40
63, 2
63, 3
63, 4
63, 5
63, 6
63, 7
63, 8
63, 9
63, 10
63, 11
63, 12
63, 13
63, 14
63, 15
63, 30
63, 31
63, 32
63, 33
63, 34
63, 35
63, 36
63, 37
63, 38
63, 39
63, 40
64, 2
64, 3
64, 4
64, 5
64, 6
64, 7
64, 8
64, 9
64, 10
64, 11
64, 12
64, 13
64, 14
64, 15
64, 16
64, 31
64, 32
64, 33
64, 34
64, 35
64, 36
64, 37
64, 38
64, 39
64, 40
65, 2
65, 3
65, 4
65, 5
65, 6
65, 7
65, 8
65, 9
65, 10
65, 11
65, 12
65, 13
65, 14
65, 15
65, 16
65, 31
65, 32
65, 33
65, 34
65, 35
65, 36
65, 37
65, 38
65, 39
65, 40
66, 2
66, 3
66, 4
66, 5
66, 6
66, 7
66, 8
66, 9
66, 10
66, 11
66, 12
66, 13
66, 14
66, 15
66, 16
66, 17
66, 31
66, 32
66, 33
66, 34
66, 35
66, 36
66, 37
66, 38
66, 39
66, 40
67, 2
67, 3
67, 4
67, 5
67, 6
67, 7
67, 8
67, 9
67, 10
67, 11
67, 12
67, 13
67, 14
67, 15
67, 16
67, 17
67, 31
67, 32
67, 33
67, 34
67, 35
67, 36
67, 37
67, 38
67, 39
67, 40
68, 2
68, 3
68, 4
68, 5
68, 6
68, 7
68, 8
68, 9
68, 10
68, 11
68, 12
68, 13
68, 14
68, 15
68, 16
68, 17
68, 31
68, 32
68, 33
68, 34
68, 35
68, 36
68, 37
68, 38
68, 39
68, 40
69, 2
69, 3
69, 4
69, 5
69, 6
69, 7
69, 8
69, 9
69, 10
69, 11
69, 12
69, 13
69, 14
69, 15
69, 16
69, 17
69, 31
69, 32
69, 33
69, 34
69, 35
69, 36
69, 37
69, 38
69, 39
69, 40
70, 2
70, 3
70, 4
70, 5
70, 6
70, 7
70, 8
70, 9
70, 10
70, 11
70, 12
70, 13
70, 14
70, 15
70, 16
70, 17
70, 31
70, 32
70, 33
70, 34
70, 35
70, 36
70, 37
70, 38
70, 39
70, 40
71, 2
71, 3
71, 4
71, 5
71, 6
71, 7
71, 8
71, 9
71, 10
71, 11
71, 12
71, 13
71, 14
71, 15
71, 16
71, 17
71, 18
71, 19
71, 20
71, 31
71, 32
71, 33
71, 34
71, 35
71, 36
71, 37
71, 38
71, 39
71, 40
72, 2
72, 3
72, 4
72, 5
72, 6
72, 7
72, 8
72, 9
72, 10
72, 11
72, 12
72, 13
72, 14
72, 15
72, 16
72, 17
72, 18
72, 19
72, 20
72, 21
72, 31
72, 32
72, 33
72, 34
72, 35
72, 36
72, 37
72, 38
72, 39
72, 40
73, 2
73, 3
73, 4
73, 5
73, 6
73, 7
73, 8
73, 9
73, 10
73, 11
73, 12
73, 13
73, 14
73, 15
73, 16
73, 17
73, 18
73, 19
73, 20
73, 21
73, 22
73, 31
73, 32
73, 33
73, 34
73, 35
73, 36
73, 37
73, 38
73, 39
74, 2
74, 3
74, 4
74, 5
74, 6
74, 7
74, 8
74, 9
74, 10
74, 11
74, 12
74, 13
74, 14
74, 15
74, 16
74, 17
74, 18
74, 19
74, 20
74, 21
74, 22
74, 23
74, 31
74, 32
74, 33
74, 34
74, 35
74, 36
74, 37
74, 38
74, 39
75, 2
75, 3
75, 4
75, 5
75, 6
75, 7
75, 8
75, 9
75, 10
75, 11
75, 12
75, 13
75, 14
75, 15
75, 16
75, 17
75, 18
75, 19
75, 20
75, 21
75, 22
75, 23
75, 24
75, 32
75, 33
75, 34
75, 35
75, 36
75, 37
75, 38
75, 39
76, 2
76, 3
76, 4
76, 5
76, 6
76, 7
76, 8
76, 9
76, 10
76, 11
76, 12
76, 13
76, 14
76, 15
76, 16
76, 17
76, 18
76, 19
76, 20
76, 21
76, 22
76, 23
76, 24
76, 32
76, 33
76, 34
76, 35
76, 36
76, 37
76, 38
76, 39
77, 2
77, 3
77, 4
77, 5
77, 6
77, 7
77, 8
77, 9
77, 10
77, 11
77, 12
77, 13
77, 14
77, 15
77, 16
77, 17
77, 18
77, 19
77, 20
77, 21
77, 22
77, 23
77, 32
77, 33
77, 34
77, 35
77, 36
77, 37
77, 38
78, 2
78, 3
78, 4
78, 5
78, 6
78, 7
78, 8
78, 9
78, 10
78, 11
78, 12
78, 13
78, 14
78, 15
78, 16
78, 17
78, 18
78, 19
78, 20
78, 21
78, 22
78, 23
78, 32
78, 33
78, 34
78, 35
78, 36
78, 37
78, 38
79, 2
79, 3
79, 4
79, 5
79, 6
79, 7
79, 8
79, 9
79, 10
79, 11
79, 12
79, 13
79, 14
79, 15
79, 16
79, 17
79, 18
79, 19
79, 20
79, 21
79, 22
79, 23
79, 32
79, 33
79, 34
79, 35
79, 36
79, 37
79, 38
80, 2
80, 3
80, 4
80, 5
80, 6
80, 7
80, 8
80, 9
80, 10
80, 11
80, 12
80, 13
80, 14
80, 15
80, 16
80, 17
80, 18
80, 19
80, 20
80, 21
80, 22
80, 23
80, 32
80, 33
80, 34
80, 35
80, 36
80, 37
81, 2
81, 3
81, 4
81, 5
81, 6
81, 7
81, 8
81, 9
81, 10
81, 11
81, 12
81, 13
81, 14
81, 15
81, 16
81, 17
81, 18
81, 19
81, 20
81, 21
81, 22
81, 23
81, 32
81, 33
81, 34
81, 35
81, 36
81, 37
82, 2
82, 3
82, 4
82, 5
82, 6
82, 7
82, 8
82, 9
82, 10
82, 11
82, 12
82, 13
82, 14
82, 15
82, 16
82, 17
82, 18
82, 19
82, 20
82, 21
82, 23
82, 24
82, 32
82, 33
82, 34
82, 35
82, 36
82, 37
83, 2
83, 3
83, 4
83, 5
83, 6
83, 7
83, 8
83, 9
83, 10
83, 11
83, 12
83, 13
83, 14
83, 15
83, 16
83, 17
83, 18
83, 19
83, 20
83, 21
83, 23
83, 24
83, 32
83, 33
83, 34
83, 35
83, 36
83, 37
84, 2
84, 3
84, 4
84, 5
84, 6
84, 7
84, 8
84, 9
84, 10
84, 11
84, 12
84, 13
84, 14
84, 15
84, 16
84, 17
84, 18
84, 19
84, 20
84, 21
84, 23
84, 24
84, 32
84, 33
84, 34
84, 35
84, 36
84, 37
85, 2
85, 3
85, 4
85, 5
85, 6
85, 7
85, 8
85, 9
85, 10
85, 11
85, 12
85, 13
85, 14
85, 15
85, 16
85, 17
85, 18
85, 19
85, 20
85, 21
85, 23
85, 24
85, 32
85, 33
85, 34
85, 35
85, 36
85, 37
85, 38
86, 2
86, 3
86, 4
86, 5
86, 6
86, 7
86, 8
86, 9
86, 10
86, 11
86, 12
86, 13
86, 14
86, 15
86, 16
86, 17
86, 18
86, 19
86, 20
86, 21
86, 22
86, 23
86, 24
86, 29
86, 30
86, 32
86, 33
86, 34
86, 35
86, 36
86, 37
86, 38
87, 2
87, 3
87, 4
87, 5
87, 6
87, 7
87, 8
87, 9
87, 10
87, 11
87, 12
87, 13
87, 14
87, 15
87, 16
87, 17
87, 18
87, 19
87, 20
87, 21
87, 22
87, 23
87, 24
87, 25
87, 26
87, 27
87, 29
87, 30
87, 31
87, 32
87, 33
87, 34
87, 35
87, 36
87, 37
87, 38
88, 2
88, 3
88, 4
88, 5
88, 6
88, 7
88, 8
88, 9
88, 10
88, 11
88, 12
88, 13
88, 14
88, 15
88, 16
88, 17
88, 18
88, 19
88, 20
88, 21
88, 22
88, 23
88, 24
88, 25
88, 26
88, 27
88, 28
88, 29
88, 30
88, 31
88, 32
88, 33
88, 34
88, 35
88, 36
88, 37
88, 38
89, 2
89, 3
89, 4
89, 5
89, 6
89, 7
89, 8
89, 9
89, 10
89, 11
89, 12
89, 13
89, 14
89, 15
89, 16
89, 17
89, 18
89, 19
89, 20
89, 21
89, 22
89, 23
89, 24
89, 25
89, 26
89, 27
89, 28
89, 29
89, 30
89, 31
89, 32
89, 33
89, 34
89, 35
89, 36
89, 37
89, 38
90, 2
90, 3
90, 4
90, 5
90, 6
90, 7
90, 8
90, 9
90, 10
90, 11
90, 12
90, 13
90, 14
90, 15
90, 16
90, 17
90, 18
90, 19
90, 20
90, 21
90, 22
90, 23
90, 24
90, 25
90, 26
90, 27
90, 28
90, 29
90, 30
90, 31
90, 32
90, 33
90, 34
90, 35
90, 36
90, 37
90, 38
90, 39
91, 2
91, 3
91, 4
91, 5
91, 6
91, 7
91, 8
91, 9
91, 10
91, 11
91, 12
91, 13
91, 14
91, 15
91, 16
91, 17
91, 18
91, 19
91, 20
91, 21
91, 22
91, 23
91, 24
91, 25
91, 26
91, 27
91, 28
91, 29
91, 30
91, 31
91, 32
91, 33
91, 34
91, 35
91, 36
91, 37
91, 38
91, 39
92, 2
92, 3
92, 4
92, 5
92, 6
92, 7
92, 8
92, 9
92, 10
92, 11
92, 12
92, 13
92, 14
92, 15
92, 16
92, 17
92, 18
92, 19
92, 20
92, 21
92, 22
92, 23
92, 24
92, 25
92, 26
92, 27
92, 28
92, 29
92, 30
92, 31
92, 32
92, 33
92, 34
92, 35
92, 36
92, 37
92, 38
92, 39
93, 2
93, 3
93, 4
93, 5
93, 6
93, 7
93, 8
93, 9
93, 10
93, 11
93, 12
93, 13
93, 14
93, 15
93, 16
93, 17
93, 18
93, 19
93, 20
93, 21
93, 22
93, 23
93, 24
93, 25
93, 26
93, 27
93, 28
93, 29
93, 30
93, 31
93, 32
93, 33
93, 34
93, 35
93, 36
93, 37
93, 38
93, 39
94, 2
94, 3
94, 4
94, 5
94, 6
94, 7
94, 8
94, 9
94, 10
94, 11
94, 12
94, 13
94, 14
94, 15
94, 16
94, 17
94, 18
94, 19
94, 20
94, 21
94, 22
94, 23
94, 24
94, 25
94, 26
94, 27
94, 28
94, 29
94, 30
94, 31
94, 32
94, 33
94, 34
94, 35
94, 36
94, 37
94, 38
94, 39
95, 2
95, 3
95, 4
95, 5
95, 6
95, 7
95, 8
95, 9
95, 10
95, 11
95, 12
95, 13
95, 14
95, 15
95, 16
95, 17
95, 18
95, 19
95, 20
95, 21
95, 22
95, 23
95, 24
95, 25
95, 26
95, 27
95, 28
95, 29
95, 30
95, 31
95, 32
95, 33
95, 34
95, 35
95, 36
95, 37
95, 38
95, 39
96, 2
96, 3
96, 4
96, 5
96, 6
96, 7
96, 8
96, 9
96, 10
96, 11
96, 12
96, 13
96, 14
96, 15
96, 16
96, 17
96, 18
96, 19
96, 20
96, 21
96, 22
96, 23
96, 24
96, 25
96, 26
96, 27
96, 28
96, 29
96, 30
96, 31
96, 32
96, 33
96, 34
96, 35
96, 36
96, 37
96, 38
96, 39
97, 2
97, 3
97, 4
97, 5
97, 6
97, 7
97, 8
97, 9
97, 10
97, 11
97, 12
97, 13
97, 14
97, 15
97, 16
97, 17
97, 18
97, 19
97, 20
97, 21
97, 22
97, 23
97, 24
97, 25
97, 26
97, 27
97, 28
97, 29
97, 30
97, 31
97, 32
97, 33
97, 34
97, 35
97, 36
97, 37
97, 38
97, 39
97, 40
98, 2
98, 3
98, 4
98, 5
98, 6
98, 7
98, 8
98, 9
98, 10
98, 11
98, 12
98, 13
98, 14
98, 15
98, 16
98, 17
98, 18
98, 19
98, 20
98, 21
98, 22
98, 23
98, 24
98, 25
98, 26
98, 27
98, 28
98, 29
98, 30
98, 31
98, 32
98, 33
98, 34
98, 35
98, 36
98, 37
98, 38
98, 39
98, 40
99, 2
99, 3
99, 4
99, 5
99, 6
99, 7
99, 8
99, 9
99, 10
99, 11
99, 12
99, 13
99, 14
99, 15
99, 16
99, 17
99, 18
99, 19
99, 20
99, 21
99, 22
99, 23
99, 24
99, 25
99, 26
99, 27
99, 28
99, 29
99, 30
99, 31
99, 32
99, 33
99, 34
99, 35
99, 36
99, 37
99, 38
99, 39
99, 40
100, 2
100, 3
100, 4
100, 5
100, 6
100, 7
100, 8
100, 9
100, 10
100, 11
100, 12
100, 13
100, 14
100, 15
100, 16
100, 17
100, 18
100, 19
100, 20
100, 21
100, 22
100, 23
100, 24
100, 25
100, 26
100, 27
100, 28
100, 29
100, 30
100, 31
100, 32
100, 33
100, 34
100, 35
100, 36
100, 37
100, 38
100, 39
100, 40
101, 2
101, 3
101, 4
101, 5
101, 6
101, 7
101, 8
101, 9
101, 10
101, 11
101, 12
101, 13
101, 14
101, 15
101, 16
101, 17
101, 18
101, 19
101, 20
101, 21
101, 22
101, 23
101, 24
101, 25
101, 26
101, 27
101, 28
101, 29
101, 30
101, 31
101, 32
101, 33
101, 34
101, 35
101, 36
101, 37
101, 38
101, 39
101, 40
102, 2
102, 3
102, 4
102, 5
102, 6
102, 7
102, 8
102, 9
102, 10
102, 11
102, 12
102, 13
102, 14
102, 15
102, 16
102, 17
102, 18
102, 19
102, 20
102, 21
102, 22
102, 23
102, 24
102, 25
102, 26
102, 27
102, 28
102, 29
102, 30
102, 31
102, 32
102, 33
102, 34
102, 35
102, 36
102, 37
102, 38
102, 39
102, 40
103, 2
103, 3
103, 4
103, 5
103, 6
103, 7
103, 8
103, 9
103, 10
103, 11
103, 12
103, 13
103, 14
103, 15
103, 16
103, 17
103, 18
103, 19
103, 20
103, 21
103, 22
103, 23
103, 24
103, 25
103, 26
103, 27
103, 28
103, 29
103, 30
103, 31
103, 32
103, 33
103, 34
103, 35
103, 36
103, 37
103, 38
103, 39
103, 40
104, 2
104, 3
104, 4
104, 5
104, 6
104, 7
104, 8
104, 9
104, 10
104, 11
104, 12
104, 13
104, 14
104, 15
104, 16
104, 17
104, 18
104, 19
104, 20
104, 21
104, 22
104, 23
104, 24
104, 25
104, 26
104, 27
104, 28
104, 29
104, 30
104, 31
104, 32
104, 33
104, 34
104, 35
104, 36
104, 37
104, 38
104, 39
104, 40
105, 2
105, 3
105, 4
105, 5
105, 6
105, 7
105, 8
105, 9
105, 10
105, 11
105, 12
105, 13
105, 14
105, 15
105, 16
105, 17
105, 18
105, 19
105, 20
105, 21
105, 22
105, 23
105, 24
105, 25
105, 26
105, 27
105, 28
105, 29
105, 30
105, 31
105, 32
105, 33
105, 34
105, 35
105, 36
105, 37
105, 38
105, 39
105, 40
106, 3
106, 4
106, 5
106, 6
106, 7
106, 8
106, 9
106, 10
106, 11
106, 12
106, 13
106, 14
106, 15
106, 16
106, 17
106, 18
106, 19
106, 20
106, 21
106, 22
106, 23
106, 24
106, 25
106, 26
106, 27
106, 28
106, 29
106, 30
106, 31
106, 32
106, 33
106, 34
106, 35
106, 36
106, 37
106, 38
106, 39
106, 40
107, 3
107, 4
107, 5
107, 6
107, 7
107, 8
107, 9
107, 10
107, 11
107, 12
107, 13
107, 14
107, 15
107, 16
107, 17
107, 18
107, 19
107, 20
107, 21
107, 22
107, 23
107, 24
107, 25
107, 26
107, 27
107, 28
107, 29
107, 30
107, 31
107, 32
107, 33
107, 34
107, 35
107, 36
107, 37
107, 38
107, 39
107, 40
108, 3
108, 4
108, 5
108, 6
108, 7
108, 8
108, 9
108, 10
108, 11
108, 12
108, 13
108, 14
108, 15
108, 16
108, 17
108, 18
108, 19
108, 20
108, 21
108, 22
108, 23
108, 24
108, 25
108, 26
108, 27
108, 28
108, 29
108, 30
108, 31
108, 32
108, 33
108, 34
108, 35
108, 36
108, 37
108, 38
108, 39
108, 40
109, 5
109, 6
109, 7
109, 8
109, 9
109, 10
109, 11
109, 12
109, 13
109, 14
109, 15
109, 16
109, 17
109, 18
109, 22
109, 23
109, 24
109, 25
109, 26
109, 27
109, 28
109, 29
109, 30
109, 31
109, 32
109, 33
109, 34
109, 35
109, 36
109, 37
109, 38
109, 39
109, 40
110, 40
