44, 16
44, 17
44, 18
44, 19
44, 20
44, 21
44, 22
44, 23
44, 24
44, 25
44, 51
44, 52
44, 53
45, 15
45, 16
45, 17
45, 18
45, 19
45, 20
45, 21
45, 22
45, 23
45, 24
45, 25
45, 26
45, 27
45, 49
45, 50
45, 51
45, 52
45, 53
45, 54
45, 55
45, 56
46, 14
46, 15
46, 16
46, 17
46, 18
46, 19
46, 20
46, 21
46, 22
46, 23
46, 24
46, 25
46, 26
46, 27
46, 28
46, 48
46, 49
46, 50
46, 51
46, 52
46, 53
46, 54
46, 55
46, 56
46, 57
47, 13
47, 14
47, 15
47, 16
47, 17
47, 18
47, 19
47, 20
47, 21
47, 22
47, 23
47, 24
47, 25
47, 26
47, 27
47, 28
47, 48
47, 49
47, 50
47, 51
47, 52
47, 53
47, 54
47, 55
47, 56
47, 57
47, 58
48, 12
48, 13
48, 14
48, 15
48, 16
48, 17
48, 18
48, 19
48, 20
48, 21
48, 22
48, 23
48, 24
48, 25
48, 26
48, 27
48, 28
48, 48
48, 49
48, 50
48, 51
48, 52
48, 53
48, 54
48, 55
48, 56
48, 57
48, 58
48, 59
48, 60
49, 12
49, 13
49, 14
49, 15
49, 16
49, 17
49, 18
49, 19
49, 20
49, 21
49, 22
49, 23
49, 24
49, 25
49, 26
49, 27
49, 28
49, 47
49, 48
49, 49
49, 50
49, 51
49, 52
49, 53
49, 54
49, 55
49, 56
49, 57
49, 58
49, 59
49, 60
49, 61
50, 11
50, 12
50, 13
50, 14
50, 15
50, 16
50, 17
50, 18
50, 19
50, 20
50, 21
50, 22
50, 23
50, 24
50, 25
50, 26
50, 27
50, 28
50, 48
50, 49
50, 50
50, 51
50, 52
50, 53
50, 54
50, 55
50, 56
50, 57
50, 58
50, 59
50, 60
50, 61
50, 62
51, 11
51, 12
51, 13
51, 14
51, 15
51, 16
51, 17
51, 18
51, 19
51, 20
51, 21
51, 22
51, 23
51, 24
51, 25
51, 26
51, 27
51, 28
51, 48
51, 49
51, 50
51, 51
51, 52
51, 53
51, 54
51, 55
51, 56
51, 57
51, 58
51, 59
51, 60
51, 61
51, 62
52, 10
52, 11
52, 12
52, 13
52, 14
52, 15
52, 16
52, 17
52, 18
52, 19
52, 20
52, 21
52, 22
52, 23
52, 24
52, 25
52, 26
52, 27
52, 28
52, 48
52, 49
52, 50
52, 51
52, 52
52, 53
52, 54
52, 55
52, 56
52, 57
52, 58
52, 59
52, 60
52, 61
52, 62
52, 63
53, 10
53, 11
53, 12
53, 13
53, 14
53, 15
53, 16
53, 17
53, 18
53, 19
53, 20
53, 21
53, 22
53, 23
53, 24
53, 25
53, 26
53, 27
53, 28
53, 48
53, 49
53, 50
53, 51
53, 52
53, 53
53, 54
53, 55
53, 56
53, 57
53, 58
53, 59
53, 60
53, 61
53, 62
53, 63
53, 64
54, 9
54, 10
54, 11
54, 12
54, 13
54, 14
54, 15
54, 16
54, 17
54, 18
54, 19
54, 20
54, 21
54, 22
54, 23
54, 24
54, 25
54, 26
54, 27
54, 28
54, 48
54, 49
54, 50
54, 51
54, 52
54, 53
54, 54
54, 55
54, 56
54, 57
54, 58
54, 59
54, 60
54, 61
54, 62
54, 63
54, 64
55, 9
55, 10
55, 11
55, 12
55, 13
55, 14
55, 15
55, 16
55, 17
55, 18
55, 19
55, 20
55, 21
55, 22
55, 23
55, 24
55, 25
55, 26
55, 27
55, 28
55, 48
55, 49
55, 50
55, 51
55, 52
55, 53
55, 54
55, 55
55, 56
55, 57
55, 58
55, 59
55, 60
55, 61
55, 62
55, 63
55, 64
55, 65
56, 8
56, 9
56, 10
56, 11
56, 12
56, 13
56, 14
56, 15
56, 16
56, 17
56, 18
56, 19
56, 20
56, 21
56, 22
56, 23
56, 24
56, 25
56, 26
56, 27
56, 28
56, 48
56, 49
56, 50
56, 51
56, 52
56, 53
56, 54
56, 55
56, 56
56, 57
56, 58
56, 59
56, 60
56, 61
56, 62
56, 63
56, 64
56, 65
57, 8
57, 9
57, 10
57, 11
57, 12
57, 13
57, 14
57, 15
57, 16
57, 17
57, 18
57, 19
57, 20
57, 21
57, 22
57, 23
57, 24
57, 25
57, 26
57, 27
57, 28
57, 48
57, 49
57, 50
57, 51
57, 52
57, 53
57, 54
57, 55
57, 56
57, 57
57, 58
57, 59
57, 60
57, 61
57, 62
57, 63
57, 64
57, 65
58, 8
58, 9
58, 10
58, 11
58, 12
58, 13
58, 14
58, 15
58, 16
58, 17
58, 18
58, 19
58, 20
58, 21
58, 22
58, 23
58, 24
58, 25
58, 26
58, 27
58, 28
58, 48
58, 49
58, 50
58, 51
58, 52
58, 53
58, 54
58, 55
58, 56
58, 57
58, 58
58, 59
58, 60
58, 61
58, 62
58, 63
58, 64
58, 65
58, 66
59, 8
59, 9
59, 10
59, 11
59, 12
59, 13
59, 14
59, 15
59, 16
59, 17
59, 18
59, 19
59, 20
59, 21
59, 22
59, 23
59, 24
59, 25
59, 26
59, 27
59, 28
59, 47
59, 48
59, 49
59, 50
59, 51
59, 52
59, 53
59, 54
59, 55
59, 56
59, 57
59, 58
59, 59
59, 60
59, 61
59, 62
59, 63
59, 64
59, 65
59, 66
60, 8
60, 9
60, 10
60, 11
60, 12
60, 13
60, 14
60, 15
60, 16
60, 17
60, 18
60, 19
60, 20
60, 21
60, 22
60, 23
60, 24
60, 25
60, 26
60, 27
60, 28
60, 47
60, 48
60, 49
60, 50
60, 51
60, 52
60, 53
60, 54
60, 55
60, 56
60, 57
60, 58
60, 59
60, 60
60, 61
60, 62
60, 63
60, 64
60, 65
60, 66
61, 7
61, 8
61, 9
61, 10
61, 11
61, 12
61, 13
61, 14
61, 15
61, 16
61, 17
61, 18
61, 19
61, 20
61, 21
61, 22
61, 23
61, 24
61, 25
61, 26
61, 27
61, 28
61, 47
61, 48
61, 49
61, 50
61, 51
61, 52
61, 53
61, 54
61, 55
61, 56
61, 57
61, 58
61, 59
61, 60
61, 61
61, 62
61, 63
61, 64
61, 65
61, 66
62, 7
62, 8
62, 9
62, 10
62, 11
62, 12
62, 13
62, 14
62, 15
62, 16
62, 17
62, 18
62, 19
62, 20
62, 21
62, 22
62, 23
62, 24
62, 25
62, 26
62, 27
62, 28
62, 47
62, 48
62, 49
62, 50
62, 51
62, 52
62, 53
62, 54
62, 55
62, 56
62, 57
62, 58
62, 59
62, 60
62, 61
62, 62
62, 63
62, 64
62, 65
62, 66
63, 6
63, 7
63, 8
63, 9
63, 10
63, 11
63, 12
63, 13
63, 14
63, 15
63, 16
63, 17
63, 18
63, 19
63, 20
63, 21
63, 22
63, 23
63, 24
63, 25
63, 26
63, 27
63, 28
63, 47
63, 48
63, 49
63, 50
63, 51
63, 52
63, 53
63, 54
63, 55
63, 56
63, 57
63, 58
63, 59
63, 60
63, 61
63, 62
63, 63
63, 64
63, 65
63, 66
64, 6
64, 7
64, 8
64, 9
64, 10
64, 11
64, 12
64, 13
64, 14
64, 15
64, 16
64, 17
64, 18
64, 19
64, 20
64, 21
64, 22
64, 23
64, 24
64, 25
64, 26
64, 27
64, 28
64, 46
64, 47
64, 48
64, 49
64, 50
64, 51
64, 52
64, 53
64, 54
64, 55
64, 56
64, 57
64, 58
64, 59
64, 60
64, 61
64, 62
64, 63
64, 64
64, 65
64, 66
64, 67
65, 6
65, 7
65, 8
65, 9
65, 10
65, 11
65, 12
65, 13
65, 14
65, 15
65, 16
65, 17
65, 18
65, 19
65, 20
65, 21
65, 22
65, 23
65, 24
65, 25
65, 26
65, 27
65, 28
65, 46
65, 47
65, 48
65, 49
65, 50
65, 51
65, 52
65, 53
65, 54
65, 55
65, 56
65, 57
65, 58
65, 59
65, 60
65, 61
65, 62
65, 63
65, 64
65, 65
65, 66
65, 67
66, 6
66, 7
66, 8
66, 9
66, 10
66, 11
66, 12
66, 13
66, 14
66, 15
66, 16
66, 17
66, 18
66, 19
66, 20
66, 21
66, 22
66, 23
66, 24
66, 25
66, 26
66, 27
66, 46
66, 47
66, 48
66, 49
66, 50
66, 51
66, 52
66, 53
66, 54
66, 55
66, 56
66, 57
66, 58
66, 59
66, 60
66, 61
66, 62
66, 63
66, 64
66, 65
66, 66
66, 67
67, 6
67, 7
67, 8
67, 9
67, 10
67, 11
67, 12
67, 13
67, 14
67, 15
67, 16
67, 17
67, 18
67, 19
67, 20
67, 21
67, 22
67, 23
67, 24
67, 25
67, 26
67, 27
67, 46
67, 47
67, 48
67, 49
67, 50
67, 51
67, 52
67, 53
67, 54
67, 55
67, 56
67, 57
67, 58
67, 59
67, 60
67, 61
67, 62
67, 63
67, 64
67, 65
67, 66
67, 67
68, 5
68, 6
68, 7
68, 8
68, 9
68, 10
68, 11
68, 12
68, 13
68, 14
68, 15
68, 16
68, 17
68, 18
68, 19
68, 20
68, 21
68, 22
68, 23
68, 24
68, 25
68, 26
68, 27
68, 46
68, 47
68, 48
68, 49
68, 50
68, 51
68, 52
68, 53
68, 54
68, 55
68, 56
68, 57
68, 58
68, 59
68, 60
68, 61
68, 62
68, 63
68, 64
68, 65
68, 66
68, 67
69, 5
69, 6
69, 7
69, 8
69, 9
69, 10
69, 11
69, 12
69, 13
69, 14
69, 15
69, 16
69, 17
69, 18
69, 19
69, 20
69, 21
69, 22
69, 23
69, 24
69, 25
69, 26
69, 27
69, 46
69, 47
69, 48
69, 49
69, 50
69, 51
69, 52
69, 53
69, 54
69, 55
69, 56
69, 57
69, 58
69, 59
69, 60
69, 61
69, 62
69, 63
69, 64
69, 65
69, 66
69, 67
70, 5
70, 6
70, 7
70, 8
70, 9
70, 10
70, 11
70, 12
70, 13
70, 14
70, 15
70, 16
70, 17
70, 18
70, 19
70, 20
70, 21
70, 22
70, 23
70, 24
70, 25
70, 26
70, 27
70, 46
70, 47
70, 48
70, 49
70, 50
70, 51
70, 52
70, 53
70, 54
70, 55
70, 56
70, 57
70, 58
70, 59
70, 60
70, 61
70, 62
70, 63
70, 64
70, 65
70, 66
70, 67
71, 5
71, 6
71, 7
71, 8
71, 9
71, 10
71, 11
71, 12
71, 13
71, 14
71, 15
71, 16
71, 17
71, 18
71, 19
71, 20
71, 21
71, 22
71, 23
71, 24
71, 25
71, 26
71, 27
71, 46
71, 47
71, 48
71, 49
71, 50
71, 51
71, 52
71, 53
71, 54
71, 55
71, 56
71, 57
71, 58
71, 59
71, 60
71, 61
71, 62
71, 63
71, 64
71, 65
71, 66
71, 67
72, 5
72, 6
72, 7
72, 8
72, 9
72, 10
72, 11
72, 12
72, 13
72, 14
72, 15
72, 16
72, 17
72, 18
72, 19
72, 20
72, 21
72, 22
72, 23
72, 24
72, 25
72, 26
72, 27
72, 45
72, 46
72, 47
72, 48
72, 49
72, 50
72, 51
72, 52
72, 53
72, 54
72, 55
72, 56
72, 57
72, 58
72, 59
72, 60
72, 61
72, 62
72, 63
72, 64
72, 65
72, 66
72, 67
73, 5
73, 6
73, 7
73, 8
73, 9
73, 10
73, 11
73, 12
73, 13
73, 14
73, 15
73, 16
73, 17
73, 18
73, 19
73, 20
73, 21
73, 22
73, 23
73, 24
73, 25
73, 26
73, 27
73, 45
73, 46
73, 47
73, 48
73, 49
73, 50
73, 51
73, 52
73, 53
73, 54
73, 55
73, 56
73, 57
73, 58
73, 59
73, 60
73, 61
73, 62
73, 63
73, 64
73, 65
73, 66
73, 67
74, 4
74, 5
74, 6
74, 7
74, 8
74, 9
74, 10
74, 11
74, 12
74, 13
74, 14
74, 15
74, 16
74, 17
74, 18
74, 19
74, 20
74, 21
74, 22
74, 23
74, 24
74, 25
74, 26
74, 27
74, 45
74, 46
74, 47
74, 48
74, 49
74, 50
74, 51
74, 52
74, 53
74, 54
74, 55
74, 56
74, 57
74, 58
74, 59
74, 60
74, 61
74, 62
74, 63
74, 64
74, 65
74, 66
74, 67
75, 4
75, 5
75, 6
75, 7
75, 8
75, 9
75, 10
75, 11
75, 12
75, 13
75, 14
75, 15
75, 16
75, 17
75, 18
75, 19
75, 20
75, 21
75, 22
75, 23
75, 24
75, 25
75, 26
75, 27
75, 45
75, 46
75, 47
75, 48
75, 49
75, 50
75, 51
75, 52
75, 53
75, 54
75, 55
75, 56
75, 57
75, 58
75, 59
75, 60
75, 61
75, 62
75, 63
75, 64
75, 65
75, 66
75, 67
76, 4
76, 5
76, 6
76, 7
76, 8
76, 9
76, 10
76, 11
76, 12
76, 13
76, 14
76, 15
76, 16
76, 17
76, 18
76, 19
76, 20
76, 21
76, 22
76, 23
76, 24
76, 25
76, 26
76, 27
76, 45
76, 46
76, 47
76, 48
76, 49
76, 50
76, 51
76, 52
76, 53
76, 54
76, 55
76, 56
76, 57
76, 58
76, 59
76, 60
76, 61
76, 62
76, 63
76, 64
76, 65
76, 66
76, 67
77, 4
77, 5
77, 6
77, 7
77, 8
77, 9
77, 10
77, 11
77, 12
77, 13
77, 14
77, 15
77, 16
77, 17
77, 18
77, 19
77, 20
77, 21
77, 22
77, 23
77, 24
77, 25
77, 26
77, 27
77, 45
77, 46
77, 47
77, 48
77, 49
77, 50
77, 51
77, 52
77, 53
77, 54
77, 55
77, 56
77, 57
77, 58
77, 59
77, 60
77, 61
77, 62
77, 63
77, 64
77, 65
77, 66
78, 4
78, 5
78, 6
78, 7
78, 8
78, 9
78, 10
78, 11
78, 12
78, 13
78, 14
78, 15
78, 16
78, 17
78, 18
78, 19
78, 20
78, 21
78, 22
78, 23
78, 24
78, 25
78, 26
78, 27
78, 45
78, 46
78, 47
78, 48
78, 49
78, 50
78, 51
78, 52
78, 53
78, 54
78, 55
78, 56
78, 57
78, 58
78, 59
78, 60
78, 61
78, 62
78, 63
78, 64
78, 65
78, 66
79, 4
79, 5
79, 6
79, 7
79, 8
79, 9
79, 10
79, 11
79, 12
79, 13
79, 14
79, 15
79, 16
79, 17
79, 18
79, 19
79, 20
79, 21
79, 22
79, 23
79, 24
79, 25
79, 26
79, 27
79, 45
79, 46
79, 47
79, 48
79, 49
79, 50
79, 51
79, 52
79, 53
79, 54
79, 55
79, 56
79, 57
79, 58
79, 59
79, 60
79, 61
79, 62
79, 63
79, 64
79, 65
79, 66
80, 4
80, 5
80, 6
80, 7
80, 8
80, 9
80, 10
80, 11
80, 12
80, 13
80, 14
80, 15
80, 16
80, 17
80, 18
80, 19
80, 20
80, 21
80, 22
80, 23
80, 24
80, 25
80, 26
80, 27
80, 45
80, 46
80, 47
80, 48
80, 49
80, 50
80, 51
80, 52
80, 53
80, 54
80, 55
80, 56
80, 57
80, 58
80, 59
80, 60
80, 61
80, 62
80, 63
80, 64
80, 65
80, 66
81, 4
81, 5
81, 6
81, 7
81, 8
81, 9
81, 10
81, 11
81, 12
81, 13
81, 14
81, 15
81, 16
81, 17
81, 18
81, 19
81, 20
81, 21
81, 22
81, 23
81, 24
81, 25
81, 26
81, 27
81, 45
81, 46
81, 47
81, 48
81, 49
81, 50
81, 51
81, 52
81, 53
81, 54
81, 55
81, 56
81, 57
81, 58
81, 59
81, 60
81, 61
81, 62
81, 63
81, 64
81, 65
81, 66
82, 4
82, 5
82, 6
82, 7
82, 8
82, 9
82, 10
82, 11
82, 12
82, 13
82, 14
82, 15
82, 16
82, 17
82, 18
82, 19
82, 20
82, 21
82, 22
82, 23
82, 24
82, 25
82, 26
82, 27
82, 44
82, 45
82, 46
82, 47
82, 48
82, 49
82, 50
82, 51
82, 52
82, 53
82, 54
82, 55
82, 56
82, 57
82, 58
82, 59
82, 60
82, 61
82, 62
82, 63
82, 64
82, 65
82, 66
83, 4
83, 5
83, 6
83, 7
83, 8
83, 9
83, 10
83, 11
83, 12
83, 13
83, 14
83, 15
83, 16
83, 17
83, 18
83, 19
83, 20
83, 21
83, 22
83, 23
83, 24
83, 25
83, 26
83, 27
83, 44
83, 45
83, 46
83, 47
83, 48
83, 49
83, 50
83, 51
83, 52
83, 53
83, 54
83, 55
83, 56
83, 57
83, 58
83, 59
83, 60
83, 61
83, 62
83, 63
83, 64
83, 65
83, 66
84, 4
84, 5
84, 6
84, 7
84, 8
84, 9
84, 10
84, 11
84, 12
84, 13
84, 14
84, 15
84, 16
84, 17
84, 18
84, 19
84, 20
84, 21
84, 22
84, 23
84, 24
84, 25
84, 26
84, 27
84, 44
84, 45
84, 46
84, 47
84, 48
84, 49
84, 50
84, 51
84, 52
84, 53
84, 54
84, 55
84, 56
84, 57
84, 58
84, 59
84, 60
84, 61
84, 62
84, 63
84, 64
84, 65
84, 66
85, 4
85, 5
85, 6
85, 7
85, 8
85, 9
85, 10
85, 11
85, 12
85, 13
85, 14
85, 15
85, 16
85, 17
85, 18
85, 19
85, 20
85, 21
85, 22
85, 23
85, 24
85, 25
85, 26
85, 27
85, 44
85, 45
85, 46
85, 47
85, 48
85, 49
85, 50
85, 51
85, 52
85, 53
85, 54
85, 55
85, 56
85, 57
85, 58
85, 59
85, 60
85, 61
85, 62
85, 63
85, 64
85, 65
85, 66
86, 4
86, 5
86, 6
86, 7
86, 8
86, 9
86, 10
86, 11
86, 12
86, 13
86, 14
86, 15
86, 16
86, 17
86, 18
86, 19
86, 20
86, 21
86, 22
86, 23
86, 24
86, 25
86, 26
86, 27
86, 44
86, 45
86, 46
86, 47
86, 48
86, 49
86, 50
86, 51
86, 52
86, 53
86, 54
86, 55
86, 56
86, 57
86, 58
86, 59
86, 60
86, 61
86, 62
86, 63
86, 64
86, 65
86, 66
87, 4
87, 5
87, 6
87, 7
87, 8
87, 9
87, 10
87, 11
87, 12
87, 13
87, 14
87, 15
87, 16
87, 17
87, 18
87, 19
87, 20
87, 21
87, 22
87, 23
87, 24
87, 25
87, 26
87, 27
87, 44
87, 45
87, 46
87, 47
87, 48
87, 49
87, 50
87, 51
87, 52
87, 53
87, 54
87, 55
87, 56
87, 57
87, 58
87, 59
87, 60
87, 61
87, 62
87, 63
87, 64
87, 65
87, 66
88, 4
88, 5
88, 6
88, 7
88, 8
88, 9
88, 10
88, 11
88, 12
88, 13
88, 14
88, 15
88, 16
88, 17
88, 18
88, 19
88, 20
88, 21
88, 22
88, 23
88, 24
88, 25
88, 26
88, 27
88, 44
88, 45
88, 46
88, 47
88, 48
88, 49
88, 50
88, 51
88, 52
88, 53
88, 54
88, 55
88, 56
88, 57
88, 58
88, 59
88, 60
88, 61
88, 62
88, 63
88, 64
88, 65
88, 66
89, 4
89, 5
89, 6
89, 7
89, 8
89, 9
89, 10
89, 11
89, 12
89, 13
89, 14
89, 15
89, 16
89, 17
89, 18
89, 19
89, 20
89, 21
89, 22
89, 23
89, 24
89, 25
89, 26
89, 27
89, 44
89, 45
89, 46
89, 47
89, 48
89, 49
89, 50
89, 51
89, 52
89, 53
89, 54
89, 55
89, 56
89, 57
89, 58
89, 59
89, 60
89, 61
89, 62
89, 63
89, 64
89, 65
89, 66
90, 4
90, 5
90, 6
90, 7
90, 8
90, 9
90, 10
90, 11
90, 12
90, 13
90, 14
90, 15
90, 16
90, 17
90, 18
90, 19
90, 20
90, 21
90, 22
90, 23
90, 24
90, 25
90, 26
90, 44
90, 45
90, 46
90, 47
90, 48
90, 49
90, 50
90, 51
90, 52
90, 53
90, 54
90, 55
90, 56
90, 57
90, 58
90, 59
90, 60
90, 61
90, 62
90, 63
90, 64
90, 65
91, 4
91, 5
91, 6
91, 7
91, 8
91, 9
91, 10
91, 11
91, 12
91, 13
91, 14
91, 15
91, 16
91, 17
91, 18
91, 19
91, 20
91, 21
91, 22
91, 23
91, 24
91, 25
91, 26
91, 44
91, 45
91, 46
91, 47
91, 48
91, 49
91, 50
91, 51
91, 52
91, 53
91, 54
91, 55
91, 56
91, 57
91, 58
91, 59
91, 60
91, 61
91, 62
91, 63
91, 64
91, 65
92, 4
92, 5
92, 6
92, 7
92, 8
92, 9
92, 10
92, 11
92, 12
92, 13
92, 14
92, 15
92, 16
92, 17
92, 18
92, 19
92, 20
92, 21
92, 22
92, 23
92, 24
92, 25
92, 26
92, 44
92, 45
92, 46
92, 47
92, 48
92, 49
92, 50
92, 51
92, 52
92, 53
92, 54
92, 55
92, 56
92, 57
92, 58
92, 59
92, 60
92, 61
92, 62
92, 63
92, 64
92, 65
93, 3
93, 4
93, 5
93, 6
93, 7
93, 8
93, 9
93, 10
93, 11
93, 12
93, 13
93, 14
93, 15
93, 16
93, 17
93, 18
93, 19
93, 20
93, 21
93, 22
93, 23
93, 24
93, 25
93, 26
93, 44
93, 45
93, 46
93, 47
93, 48
93, 49
93, 50
93, 51
93, 52
93, 53
93, 54
93, 55
93, 56
93, 57
93, 58
93, 59
93, 60
93, 61
93, 62
93, 63
93, 64
93, 65
94, 3
94, 4
94, 5
94, 6
94, 7
94, 8
94, 9
94, 10
94, 11
94, 12
94, 13
94, 14
94, 15
94, 16
94, 17
94, 18
94, 19
94, 20
94, 21
94, 22
94, 23
94, 24
94, 25
94, 26
94, 44
94, 45
94, 46
94, 47
94, 48
94, 49
94, 50
94, 51
94, 52
94, 53
94, 54
94, 55
94, 56
94, 57
94, 58
94, 59
94, 60
94, 61
94, 62
94, 63
94, 64
94, 65
95, 3
95, 4
95, 5
95, 6
95, 7
95, 8
95, 9
95, 10
95, 11
95, 12
95, 13
95, 14
95, 15
95, 16
95, 17
95, 18
95, 19
95, 20
95, 21
95, 22
95, 23
95, 24
95, 25
95, 26
95, 44
95, 45
95, 46
95, 47
95, 48
95, 49
95, 50
95, 51
95, 52
95, 53
95, 54
95, 55
95, 56
95, 57
95, 58
95, 59
95, 60
95, 61
95, 62
95, 63
95, 64
95, 65
96, 3
96, 4
96, 5
96, 6
96, 7
96, 8
96, 9
96, 10
96, 11
96, 12
96, 13
96, 14
96, 15
96, 16
96, 17
96, 18
96, 19
96, 20
96, 21
96, 22
96, 23
96, 24
96, 25
96, 26
96, 44
96, 45
96, 46
96, 47
96, 48
96, 49
96, 50
96, 51
96, 52
96, 53
96, 54
96, 55
96, 56
96, 57
96, 58
96, 59
96, 60
96, 61
96, 62
96, 63
96, 64
96, 65
97, 3
97, 4
97, 5
97, 6
97, 7
97, 8
97, 9
97, 10
97, 11
97, 12
97, 13
97, 14
97, 15
97, 16
97, 17
97, 18
97, 19
97, 20
97, 21
97, 22
97, 23
97, 24
97, 25
97, 44
97, 45
97, 46
97, 47
97, 48
97, 49
97, 50
97, 51
97, 52
97, 53
97, 54
97, 55
97, 56
97, 57
97, 58
97, 59
97, 60
97, 61
97, 62
97, 63
97, 64
97, 65
98, 3
98, 4
98, 5
98, 6
98, 7
98, 8
98, 9
98, 10
98, 11
98, 12
98, 13
98, 14
98, 15
98, 16
98, 17
98, 18
98, 19
98, 20
98, 21
98, 22
98, 23
98, 24
98, 44
98, 45
98, 46
98, 47
98, 48
98, 49
98, 50
98, 51
98, 52
98, 53
98, 54
98, 55
98, 56
98, 57
98, 58
98, 59
98, 60
98, 61
98, 62
98, 63
98, 64
98, 65
99, 3
99, 4
99, 5
99, 6
99, 7
99, 8
99, 9
99, 10
99, 11
99, 12
99, 13
99, 14
99, 15
99, 16
99, 17
99, 18
99, 19
99, 20
99, 21
99, 22
99, 23
99, 24
99, 44
99, 45
99, 46
99, 47
99, 48
99, 49
99, 50
99, 51
99, 52
99, 53
99, 54
99, 55
99, 56
99, 57
99, 58
99, 59
99, 60
99, 61
99, 62
99, 63
99, 64
99, 65
100, 3
100, 4
100, 5
100, 6
100, 7
100, 8
100, 9
100, 10
100, 11
100, 12
100, 13
100, 14
100, 15
100, 16
100, 17
100, 18
100, 19
100, 20
100, 21
100, 22
100, 23
100, 24
100, 44
100, 45
100, 46
100, 47
100, 48
100, 49
100, 50
100, 51
100, 52
100, 53
100, 54
100, 55
100, 56
100, 57
100, 58
100, 59
100, 60
100, 61
100, 62
100, 63
100, 64
100, 65
101, 3
101, 4
101, 5
101, 6
101, 7
101, 8
101, 9
101, 10
101, 11
101, 12
101, 13
101, 14
101, 15
101, 16
101, 17
101, 18
101, 19
101, 20
101, 21
101, 22
101, 23
101, 24
101, 44
101, 45
101, 46
101, 47
101, 48
101, 49
101, 50
101, 51
101, 52
101, 53
101, 54
101, 55
101, 56
101, 57
101, 58
101, 59
101, 60
101, 61
101, 62
101, 63
101, 64
101, 65
102, 3
102, 4
102, 5
102, 6
102, 7
102, 8
102, 9
102, 10
102, 11
102, 12
102, 13
102, 14
102, 15
102, 16
102, 17
102, 18
102, 19
102, 20
102, 21
102, 22
102, 23
102, 44
102, 45
102, 46
102, 47
102, 48
102, 49
102, 50
102, 51
102, 52
102, 53
102, 54
102, 55
102, 56
102, 57
102, 58
102, 59
102, 60
102, 61
102, 62
102, 63
102, 64
102, 65
103, 3
103, 4
103, 5
103, 6
103, 7
103, 8
103, 9
103, 10
103, 11
103, 12
103, 13
103, 14
103, 15
103, 16
103, 17
103, 18
103, 19
103, 20
103, 21
103, 22
103, 44
103, 45
103, 46
103, 47
103, 48
103, 49
103, 50
103, 51
103, 52
103, 53
103, 54
103, 55
103, 56
103, 57
103, 58
103, 59
103, 60
103, 61
103, 62
103, 63
103, 64
103, 65
104, 4
104, 5
104, 6
104, 7
104, 8
104, 9
104, 10
104, 11
104, 12
104, 13
104, 14
104, 15
104, 16
104, 17
104, 18
104, 19
104, 20
104, 21
104, 22
104, 44
104, 45
104, 46
104, 47
104, 48
104, 49
104, 50
104, 51
104, 52
104, 53
104, 54
104, 55
104, 56
104, 57
104, 58
104, 59
104, 60
104, 61
104, 62
104, 63
104, 64
104, 65
105, 4
105, 5
105, 6
105, 7
105, 8
105, 9
105, 10
105, 11
105, 12
105, 13
105, 14
105, 15
105, 16
105, 17
105, 18
105, 19
105, 20
105, 21
105, 44
105, 45
105, 46
105, 47
105, 48
105, 49
105, 50
105, 51
105, 52
105, 53
105, 54
105, 55
105, 56
105, 57
105, 58
105, 59
105, 60
105, 61
105, 62
105, 63
105, 64
105, 65
106, 4
106, 5
106, 6
106, 7
106, 8
106, 9
106, 10
106, 11
106, 12
106, 13
106, 14
106, 15
106, 16
106, 17
106, 18
106, 19
106, 20
106, 21
106, 43
106, 44
106, 45
106, 46
106, 47
106, 48
106, 49
106, 50
106, 51
106, 52
106, 53
106, 54
106, 55
106, 56
106, 57
106, 58
106, 59
106, 60
106, 61
106, 62
106, 63
106, 64
106, 65
107, 4
107, 5
107, 6
107, 7
107, 8
107, 9
107, 10
107, 11
107, 12
107, 13
107, 14
107, 15
107, 16
107, 17
107, 18
107, 19
107, 20
107, 21
107, 43
107, 44
107, 45
107, 46
107, 47
107, 48
107, 49
107, 50
107, 51
107, 52
107, 53
107, 54
107, 55
107, 56
107, 57
107, 58
107, 59
107, 60
107, 61
107, 62
107, 63
107, 64
108, 4
108, 5
108, 6
108, 7
108, 8
108, 9
108, 10
108, 11
108, 12
108, 13
108, 14
108, 15
108, 16
108, 17
108, 18
108, 19
108, 20
108, 21
108, 43
108, 44
108, 45
108, 46
108, 47
108, 48
108, 49
108, 50
108, 51
108, 52
108, 53
108, 54
108, 55
108, 56
108, 57
108, 58
108, 59
108, 60
108, 61
108, 62
108, 63
108, 64
109, 4
109, 5
109, 6
109, 7
109, 8
109, 9
109, 10
109, 11
109, 12
109, 13
109, 14
109, 15
109, 16
109, 17
109, 18
109, 19
109, 20
109, 21
109, 43
109, 44
109, 45
109, 46
109, 47
109, 48
109, 49
109, 50
109, 51
109, 52
109, 53
109, 54
109, 55
109, 56
109, 57
109, 58
109, 59
109, 60
109, 61
109, 62
109, 63
109, 64
110, 4
110, 5
110, 6
110, 7
110, 8
110, 9
110, 10
110, 11
110, 12
110, 13
110, 14
110, 15
110, 16
110, 17
110, 18
110, 19
110, 20
110, 43
110, 44
110, 45
110, 46
110, 47
110, 48
110, 49
110, 50
110, 51
110, 52
110, 53
110, 54
110, 55
110, 56
110, 57
110, 58
110, 59
110, 60
110, 61
110, 62
110, 63
110, 64
111, 4
111, 5
111, 6
111, 7
111, 8
111, 9
111, 10
111, 11
111, 12
111, 13
111, 14
111, 15
111, 16
111, 17
111, 18
111, 19
111, 43
111, 44
111, 45
111, 46
111, 47
111, 48
111, 49
111, 50
111, 51
111, 52
111, 53
111, 54
111, 55
111, 56
111, 57
111, 58
111, 59
111, 60
111, 61
111, 62
111, 63
111, 64
112, 4
112, 5
112, 6
112, 7
112, 8
112, 9
112, 10
112, 11
112, 12
112, 13
112, 14
112, 15
112, 16
112, 17
112, 18
112, 43
112, 44
112, 45
112, 46
112, 47
112, 48
112, 49
112, 50
112, 51
112, 52
112, 53
112, 54
112, 55
112, 56
112, 57
112, 58
112, 59
112, 60
112, 61
112, 62
112, 63
112, 64
113, 4
113, 5
113, 6
113, 7
113, 8
113, 9
113, 10
113, 11
113, 12
113, 13
113, 14
113, 15
113, 16
113, 17
113, 43
113, 44
113, 45
113, 46
113, 47
113, 48
113, 49
113, 50
113, 51
113, 52
113, 53
113, 54
113, 55
113, 56
113, 57
113, 58
113, 59
113, 60
113, 61
113, 62
113, 63
113, 64
114, 5
114, 6
114, 7
114, 8
114, 9
114, 10
114, 11
114, 12
114, 13
114, 14
114, 15
114, 16
114, 17
114, 43
114, 44
114, 45
114, 46
114, 47
114, 48
114, 49
114, 50
114, 51
114, 52
114, 53
114, 54
114, 55
114, 56
114, 57
114, 58
114, 59
114, 60
114, 61
114, 62
114, 63
115, 5
115, 6
115, 7
115, 8
115, 9
115, 10
115, 11
115, 12
115, 13
115, 14
115, 15
115, 16
115, 17
115, 42
115, 43
115, 44
115, 45
115, 46
115, 47
115, 48
115, 49
115, 50
115, 51
115, 52
115, 53
115, 54
115, 55
115, 56
115, 57
115, 58
115, 59
115, 60
115, 61
115, 62
115, 63
116, 5
116, 6
116, 7
116, 8
116, 9
116, 10
116, 11
116, 12
116, 13
116, 14
116, 15
116, 16
116, 17
116, 42
116, 43
116, 44
116, 45
116, 46
116, 47
116, 48
116, 49
116, 50
116, 51
116, 52
116, 53
116, 54
116, 55
116, 56
116, 57
116, 58
116, 59
116, 60
116, 61
116, 62
116, 63
117, 5
117, 6
117, 7
117, 8
117, 9
117, 10
117, 11
117, 12
117, 13
117, 14
117, 15
117, 16
117, 42
117, 43
117, 44
117, 45
117, 46
117, 47
117, 48
117, 49
117, 50
117, 51
117, 52
117, 53
117, 54
117, 55
117, 56
117, 57
117, 58
117, 59
117, 60
117, 61
117, 62
118, 5
118, 6
118, 7
118, 8
118, 9
118, 10
118, 11
118, 12
118, 13
118, 14
118, 15
118, 16
118, 42
118, 43
118, 44
118, 45
118, 46
118, 47
118, 48
118, 49
118, 50
118, 51
118, 52
118, 53
118, 54
118, 55
118, 56
118, 57
118, 58
118, 59
118, 60
118, 61
119, 5
119, 6
119, 7
119, 8
119, 9
119, 10
119, 11
119, 12
119, 13
119, 14
119, 15
119, 42
119, 43
119, 44
119, 45
119, 46
119, 47
119, 48
119, 49
119, 50
119, 51
119, 52
119, 53
119, 54
119, 55
119, 56
119, 57
119, 58
119, 59
119, 60
120, 5
120, 6
120, 7
120, 8
120, 9
120, 10
120, 11
120, 12
120, 13
120, 14
120, 15
120, 41
120, 42
120, 43
120, 44
120, 45
120, 46
120, 47
120, 48
120, 49
120, 50
120, 51
120, 52
120, 53
120, 54
120, 55
120, 56
120, 57
120, 58
121, 5
121, 6
121, 7
121, 8
121, 9
121, 10
121, 11
121, 12
121, 13
121, 14
121, 15
121, 41
121, 42
121, 43
121, 44
121, 45
121, 46
121, 47
121, 48
121, 49
121, 50
121, 51
121, 52
121, 53
121, 54
121, 55
121, 56
121, 57
122, 5
122, 6
122, 7
122, 8
122, 9
122, 10
122, 11
122, 12
122, 13
122, 14
122, 15
122, 42
122, 43
122, 44
122, 45
122, 46
122, 47
122, 48
122, 49
122, 50
122, 51
122, 52
122, 53
122, 54
122, 55
122, 56
123, 5
123, 6
123, 7
123, 8
123, 9
123, 10
123, 11
123, 12
123, 13
123, 14
123, 42
123, 43
123, 44
123, 45
123, 46
123, 47
123, 48
123, 49
123, 50
123, 51
123, 52
123, 53
123, 54
123, 55
124, 5
124, 6
124, 7
124, 8
124, 9
124, 10
124, 11
124, 12
124, 13
124, 14
124, 42
124, 43
124, 44
124, 45
124, 46
124, 47
124, 48
124, 49
124, 50
124, 51
124, 52
124, 53
124, 54
125, 6
125, 7
125, 8
125, 9
125, 10
125, 11
125, 12
125, 13
125, 14
125, 43
125, 44
125, 45
125, 46
125, 47
125, 48
125, 49
125, 50
125, 51
125, 52
125, 53
126, 6
126, 7
126, 8
126, 9
126, 10
126, 11
126, 12
126, 13
126, 14
126, 43
126, 44
126, 45
126, 46
126, 47
126, 48
126, 49
126, 50
126, 51
126, 52
127, 6
127, 7
127, 8
127, 9
127, 10
127, 11
127, 12
127, 13
127, 14
127, 44
127, 45
127, 46
127, 47
127, 48
127, 49
127, 50
127, 51
128, 6
128, 7
128, 8
128, 9
128, 10
128, 11
128, 12
128, 13
128, 14
128, 45
128, 46
128, 47
128, 48
128, 49
128, 50
129, 6
129, 7
129, 8
129, 9
129, 10
129, 11
129, 12
129, 13
129, 14
129, 46
129, 47
129, 48
129, 49
129, 50
130, 7
130, 8
130, 9
130, 10
130, 11
130, 12
130, 13
130, 47
130, 48
131, 7
131, 8
131, 9
131, 10
131, 11
131, 12
132, 7
132, 8
132, 9
132, 10
132, 11
132, 12
