42, 43
42, 44
42, 45
43, 43
43, 44
43, 45
43, 46
44, 43
44, 44
44, 45
44, 46
45, 43
45, 44
45, 45
45, 46
45, 47
46, 43
46, 44
46, 45
46, 46
46, 47
46, 48
46, 49
46, 50
47, 43
47, 44
47, 45
47, 46
47, 47
47, 48
47, 49
47, 50
47, 51
47, 52
48, 43
48, 44
48, 45
48, 46
48, 47
48, 48
48, 49
48, 50
48, 51
48, 52
48, 53
48, 54
49, 43
49, 44
49, 45
49, 46
49, 47
49, 48
49, 49
49, 50
49, 51
49, 52
49, 53
49, 54
49, 55
50, 43
50, 44
50, 45
50, 46
50, 47
50, 48
50, 49
50, 50
50, 51
50, 52
50, 53
50, 54
50, 55
51, 43
51, 44
51, 45
51, 46
51, 47
51, 48
51, 49
51, 50
51, 51
51, 52
51, 53
51, 54
51, 55
52, 17
52, 43
52, 44
52, 45
52, 46
52, 47
52, 48
52, 49
52, 50
52, 51
52, 52
52, 53
52, 54
52, 55
52, 56
53, 13
53, 14
53, 15
53, 16
53, 17
53, 18
53, 19
53, 20
53, 43
53, 44
53, 45
53, 46
53, 47
53, 48
53, 49
53, 50
53, 51
53, 52
53, 53
53, 54
53, 55
53, 56
54, 12
54, 13
54, 14
54, 15
54, 16
54, 17
54, 18
54, 19
54, 20
54, 21
54, 22
54, 43
54, 44
54, 45
54, 46
54, 47
54, 48
54, 49
54, 50
54, 51
54, 52
54, 53
54, 54
54, 55
54, 56
55, 11
55, 12
55, 13
55, 14
55, 15
55, 16
55, 17
55, 18
55, 19
55, 20
55, 21
55, 22
55, 43
55, 44
55, 45
55, 46
55, 47
55, 48
55, 49
55, 50
55, 51
55, 52
55, 53
55, 54
55, 55
55, 56
55, 57
56, 11
56, 12
56, 13
56, 14
56, 15
56, 16
56, 17
56, 18
56, 19
56, 20
56, 21
56, 22
56, 43
56, 44
56, 45
56, 46
56, 47
56, 48
56, 49
56, 50
56, 51
56, 52
56, 53
56, 54
56, 55
56, 56
56, 57
57, 10
57, 11
57, 12
57, 13
57, 14
57, 15
57, 16
57, 17
57, 18
57, 19
57, 20
57, 21
57, 22
57, 44
57, 45
57, 46
57, 47
57, 48
57, 49
57, 50
57, 51
57, 52
57, 53
57, 54
57, 55
57, 56
57, 57
58, 10
58, 11
58, 12
58, 13
58, 14
58, 15
58, 16
58, 17
58, 18
58, 19
58, 20
58, 21
58, 22
58, 44
58, 45
58, 46
58, 47
58, 48
58, 49
58, 50
58, 51
58, 52
58, 53
58, 54
58, 55
58, 56
58, 57
59, 9
59, 10
59, 11
59, 12
59, 13
59, 14
59, 15
59, 16
59, 17
59, 18
59, 19
59, 20
59, 21
59, 22
59, 44
59, 45
59, 46
59, 47
59, 48
59, 49
59, 50
59, 51
59, 52
59, 53
59, 54
59, 55
59, 56
59, 57
59, 58
59, 59
59, 60
59, 61
60, 8
60, 9
60, 10
60, 11
60, 12
60, 13
60, 14
60, 15
60, 16
60, 17
60, 18
60, 19
60, 20
60, 21
60, 22
60, 45
60, 46
60, 47
60, 48
60, 49
60, 50
60, 51
60, 52
60, 53
60, 54
60, 55
60, 56
60, 57
60, 58
60, 59
60, 60
60, 61
60, 62
61, 7
61, 8
61, 9
61, 10
61, 11
61, 12
61, 13
61, 14
61, 15
61, 16
61, 17
61, 18
61, 19
61, 20
61, 21
61, 22
61, 45
61, 46
61, 47
61, 48
61, 49
61, 50
61, 51
61, 52
61, 53
61, 54
61, 55
61, 56
61, 57
61, 58
61, 59
61, 60
61, 61
61, 62
61, 63
61, 64
61, 65
61, 66
62, 7
62, 8
62, 9
62, 10
62, 11
62, 12
62, 13
62, 14
62, 15
62, 16
62, 17
62, 18
62, 19
62, 20
62, 21
62, 22
62, 45
62, 46
62, 47
62, 48
62, 49
62, 50
62, 51
62, 52
62, 53
62, 54
62, 55
62, 56
62, 57
62, 58
62, 59
62, 60
62, 61
62, 62
62, 63
62, 64
62, 65
62, 66
63, 7
63, 8
63, 9
63, 10
63, 11
63, 12
63, 13
63, 14
63, 15
63, 16
63, 17
63, 18
63, 19
63, 20
63, 21
63, 22
63, 45
63, 46
63, 47
63, 48
63, 49
63, 50
63, 51
63, 52
63, 53
63, 54
63, 55
63, 56
63, 57
63, 58
63, 59
63, 60
63, 61
63, 62
63, 63
63, 64
63, 65
63, 66
64, 7
64, 8
64, 9
64, 10
64, 11
64, 12
64, 13
64, 14
64, 15
64, 16
64, 17
64, 18
64, 19
64, 20
64, 21
64, 45
64, 46
64, 47
64, 48
64, 49
64, 50
64, 51
64, 52
64, 53
64, 54
64, 55
64, 56
64, 57
64, 58
64, 59
64, 60
64, 61
64, 62
64, 63
64, 64
64, 65
64, 66
65, 7
65, 8
65, 9
65, 10
65, 11
65, 12
65, 13
65, 14
65, 15
65, 16
65, 17
65, 18
65, 19
65, 20
65, 21
65, 46
65, 47
65, 48
65, 49
65, 50
65, 51
65, 52
65, 53
65, 54
65, 55
65, 56
65, 57
65, 58
65, 59
65, 60
65, 61
65, 62
65, 63
65, 64
65, 65
65, 66
66, 7
66, 8
66, 9
66, 10
66, 11
66, 12
66, 13
66, 14
66, 15
66, 16
66, 17
66, 18
66, 19
66, 20
66, 21
66, 46
66, 47
66, 48
66, 49
66, 50
66, 51
66, 52
66, 53
66, 54
66, 55
66, 56
66, 57
66, 58
66, 59
66, 60
66, 61
66, 62
66, 63
66, 64
66, 65
66, 66
67, 7
67, 8
67, 9
67, 10
67, 11
67, 12
67, 13
67, 14
67, 15
67, 16
67, 17
67, 18
67, 19
67, 20
67, 21
67, 46
67, 47
67, 48
67, 49
67, 50
67, 51
67, 52
67, 53
67, 54
67, 55
67, 56
67, 57
67, 58
67, 59
67, 60
67, 61
67, 62
67, 63
67, 64
67, 65
67, 66
68, 6
68, 7
68, 8
68, 9
68, 10
68, 11
68, 12
68, 13
68, 14
68, 15
68, 16
68, 17
68, 18
68, 19
68, 20
68, 21
68, 46
68, 47
68, 48
68, 49
68, 50
68, 51
68, 52
68, 53
68, 54
68, 55
68, 56
68, 57
68, 59
68, 60
68, 61
68, 62
68, 63
68, 64
68, 65
68, 66
69, 6
69, 7
69, 8
69, 9
69, 10
69, 11
69, 12
69, 13
69, 14
69, 15
69, 16
69, 17
69, 18
69, 19
69, 20
69, 21
69, 46
69, 47
69, 48
69, 49
69, 50
69, 51
69, 52
69, 53
69, 54
69, 55
69, 56
69, 57
69, 59
69, 60
69, 61
69, 62
69, 63
69, 64
69, 65
69, 66
70, 6
70, 7
70, 8
70, 9
70, 10
70, 11
70, 12
70, 13
70, 14
70, 15
70, 16
70, 17
70, 18
70, 19
70, 20
70, 21
70, 46
70, 47
70, 48
70, 49
70, 50
70, 51
70, 52
70, 53
70, 54
70, 55
70, 56
70, 57
70, 59
70, 60
70, 61
70, 62
70, 63
70, 64
70, 65
70, 66
70, 67
71, 6
71, 7
71, 8
71, 9
71, 10
71, 11
71, 12
71, 13
71, 14
71, 15
71, 16
71, 17
71, 18
71, 19
71, 20
71, 21
71, 46
71, 47
71, 48
71, 49
71, 50
71, 51
71, 52
71, 53
71, 54
71, 55
71, 56
71, 57
71, 59
71, 60
71, 61
71, 62
71, 63
71, 64
71, 65
71, 66
71, 67
72, 6
72, 7
72, 8
72, 9
72, 10
72, 11
72, 12
72, 13
72, 14
72, 15
72, 16
72, 17
72, 18
72, 19
72, 20
72, 21
72, 45
72, 46
72, 47
72, 48
72, 49
72, 50
72, 51
72, 52
72, 53
72, 54
72, 55
72, 56
72, 59
72, 60
72, 61
72, 62
72, 63
72, 64
72, 65
72, 66
72, 67
73, 6
73, 7
73, 8
73, 9
73, 10
73, 11
73, 12
73, 13
73, 14
73, 15
73, 16
73, 17
73, 18
73, 19
73, 20
73, 21
73, 45
73, 46
73, 47
73, 48
73, 49
73, 50
73, 51
73, 52
73, 53
73, 54
73, 55
73, 56
73, 59
73, 60
73, 61
73, 62
73, 63
73, 64
73, 65
73, 66
73, 67
74, 6
74, 7
74, 8
74, 9
74, 10
74, 11
74, 12
74, 13
74, 14
74, 15
74, 16
74, 17
74, 18
74, 19
74, 20
74, 21
74, 45
74, 46
74, 47
74, 48
74, 49
74, 50
74, 51
74, 52
74, 53
74, 54
74, 55
74, 56
74, 60
74, 61
74, 62
74, 63
74, 64
74, 65
74, 66
74, 67
75, 6
75, 7
75, 8
75, 9
75, 10
75, 11
75, 12
75, 13
75, 14
75, 15
75, 16
75, 17
75, 18
75, 19
75, 20
75, 21
75, 45
75, 46
75, 47
75, 48
75, 49
75, 50
75, 51
75, 52
75, 53
75, 54
75, 55
75, 60
75, 61
75, 62
75, 63
75, 64
75, 65
75, 66
75, 67
76, 6
76, 7
76, 8
76, 9
76, 10
76, 11
76, 12
76, 13
76, 14
76, 15
76, 16
76, 17
76, 18
76, 19
76, 20
76, 21
76, 45
76, 46
76, 47
76, 48
76, 49
76, 50
76, 51
76, 52
76, 53
76, 54
76, 60
76, 61
76, 62
76, 63
76, 64
76, 65
76, 66
76, 67
77, 6
77, 7
77, 8
77, 9
77, 10
77, 11
77, 12
77, 13
77, 14
77, 15
77, 16
77, 17
77, 18
77, 19
77, 20
77, 21
77, 22
77, 45
77, 46
77, 47
77, 48
77, 49
77, 50
77, 51
77, 52
77, 53
77, 60
77, 61
77, 62
77, 63
77, 64
77, 65
77, 66
77, 67
78, 6
78, 7
78, 8
78, 9
78, 10
78, 11
78, 12
78, 13
78, 14
78, 15
78, 16
78, 17
78, 18
78, 19
78, 20
78, 21
78, 22
78, 45
78, 46
78, 47
78, 48
78, 49
78, 50
78, 51
78, 52
78, 60
78, 61
78, 62
78, 63
78, 64
78, 65
78, 66
78, 67
79, 6
79, 7
79, 8
79, 9
79, 10
79, 11
79, 12
79, 13
79, 14
79, 15
79, 16
79, 17
79, 18
79, 19
79, 20
79, 21
79, 22
79, 45
79, 46
79, 47
79, 48
79, 49
79, 50
79, 51
79, 52
79, 60
79, 61
79, 62
79, 63
79, 64
79, 65
79, 66
79, 67
80, 6
80, 7
80, 8
80, 9
80, 10
80, 11
80, 12
80, 13
80, 14
80, 15
80, 16
80, 17
80, 18
80, 19
80, 20
80, 21
80, 22
80, 45
80, 46
80, 47
80, 48
80, 49
80, 50
80, 51
80, 52
80, 60
80, 61
80, 62
80, 63
80, 64
80, 65
80, 66
80, 67
81, 6
81, 7
81, 8
81, 9
81, 10
81, 11
81, 12
81, 13
81, 14
81, 15
81, 16
81, 17
81, 18
81, 19
81, 20
81, 21
81, 22
81, 45
81, 46
81, 47
81, 48
81, 49
81, 50
81, 51
81, 52
81, 61
81, 62
81, 63
81, 64
81, 65
81, 66
81, 67
82, 6
82, 7
82, 8
82, 9
82, 10
82, 11
82, 12
82, 13
82, 14
82, 15
82, 16
82, 17
82, 18
82, 19
82, 20
82, 21
82, 22
82, 45
82, 46
82, 47
82, 48
82, 49
82, 50
82, 51
82, 52
82, 61
82, 62
82, 63
82, 64
82, 65
82, 66
83, 6
83, 7
83, 8
83, 9
83, 10
83, 11
83, 12
83, 13
83, 14
83, 15
83, 16
83, 17
83, 18
83, 19
83, 20
83, 21
83, 22
83, 23
83, 44
83, 45
83, 46
83, 47
83, 48
83, 49
83, 50
83, 51
83, 61
83, 64
83, 65
83, 66
84, 6
84, 7
84, 8
84, 9
84, 10
84, 11
84, 12
84, 13
84, 14
84, 15
84, 16
84, 17
84, 18
84, 19
84, 20
84, 21
84, 22
84, 44
84, 45
84, 46
84, 47
84, 48
84, 49
84, 50
84, 51
84, 66
85, 6
85, 7
85, 8
85, 9
85, 10
85, 11
85, 12
85, 13
85, 14
85, 15
85, 16
85, 17
85, 18
85, 19
85, 20
85, 21
85, 22
85, 44
85, 45
85, 46
85, 47
85, 48
85, 49
85, 50
85, 51
86, 6
86, 7
86, 8
86, 9
86, 10
86, 11
86, 12
86, 13
86, 14
86, 15
86, 16
86, 17
86, 18
86, 19
86, 20
86, 21
86, 44
86, 45
86, 46
86, 47
86, 48
86, 49
86, 50
86, 51
87, 6
87, 7
87, 8
87, 9
87, 10
87, 11
87, 12
87, 13
87, 14
87, 15
87, 16
87, 17
87, 18
87, 19
87, 20
87, 21
87, 44
87, 45
87, 46
87, 47
87, 48
87, 49
87, 50
87, 51
88, 7
88, 8
88, 9
88, 10
88, 11
88, 12
88, 13
88, 14
88, 15
88, 16
88, 17
88, 18
88, 19
88, 20
88, 21
88, 43
88, 44
88, 45
88, 46
88, 47
88, 48
88, 49
88, 50
89, 7
89, 8
89, 9
89, 10
89, 11
89, 12
89, 13
89, 14
89, 15
89, 16
89, 17
89, 18
89, 19
89, 20
89, 21
89, 43
89, 44
89, 45
89, 46
89, 47
89, 48
89, 49
89, 50
90, 7
90, 8
90, 9
90, 10
90, 11
90, 12
90, 13
90, 14
90, 15
90, 16
90, 17
90, 18
90, 19
90, 20
90, 43
90, 44
90, 45
90, 46
90, 47
90, 48
90, 49
90, 50
91, 7
91, 8
91, 9
91, 10
91, 11
91, 12
91, 13
91, 14
91, 15
91, 16
91, 17
91, 18
91, 19
91, 20
91, 43
91, 44
91, 45
91, 46
91, 47
91, 48
91, 49
91, 50
92, 6
92, 7
92, 8
92, 9
92, 10
92, 11
92, 12
92, 13
92, 14
92, 15
92, 16
92, 17
92, 18
92, 19
92, 20
92, 43
92, 44
92, 45
92, 46
92, 47
92, 48
92, 49
92, 50
93, 6
93, 7
93, 8
93, 9
93, 10
93, 11
93, 12
93, 13
93, 14
93, 15
93, 16
93, 17
93, 18
93, 19
93, 20
93, 43
93, 44
93, 45
93, 46
93, 47
93, 48
93, 49
94, 6
94, 7
94, 8
94, 9
94, 10
94, 11
94, 12
94, 13
94, 14
94, 15
94, 16
94, 17
94, 18
94, 19
94, 20
94, 43
94, 44
94, 45
94, 46
94, 47
94, 48
94, 49
95, 6
95, 7
95, 8
95, 9
95, 10
95, 11
95, 12
95, 13
95, 14
95, 15
95, 16
95, 17
95, 18
95, 19
95, 20
95, 43
95, 44
95, 45
95, 46
95, 47
95, 48
95, 49
96, 6
96, 7
96, 8
96, 9
96, 10
96, 11
96, 12
96, 13
96, 14
96, 15
96, 16
96, 17
96, 18
96, 19
96, 20
96, 43
96, 44
96, 45
96, 46
96, 47
96, 48
96, 49
97, 6
97, 7
97, 8
97, 9
97, 10
97, 11
97, 12
97, 13
97, 14
97, 15
97, 16
97, 17
97, 18
97, 19
97, 20
97, 43
97, 44
97, 45
97, 46
97, 47
97, 48
97, 49
98, 6
98, 7
98, 8
98, 9
98, 10
98, 11
98, 12
98, 13
98, 14
98, 15
98, 16
98, 17
98, 18
98, 19
98, 20
98, 43
98, 44
98, 45
98, 46
98, 47
98, 48
98, 49
99, 6
99, 7
99, 8
99, 9
99, 10
99, 11
99, 12
99, 13
99, 14
99, 15
99, 16
99, 17
99, 18
99, 19
99, 20
99, 43
99, 44
99, 45
99, 46
99, 47
99, 48
99, 49
100, 6
100, 7
100, 8
100, 9
100, 10
100, 11
100, 12
100, 13
100, 14
100, 15
100, 16
100, 17
100, 18
100, 19
100, 20
100, 43
100, 44
100, 45
100, 46
100, 47
100, 48
100, 49
101, 6
101, 7
101, 8
101, 9
101, 10
101, 11
101, 12
101, 13
101, 14
101, 15
101, 16
101, 17
101, 18
101, 19
101, 20
101, 43
101, 44
101, 45
101, 46
101, 47
101, 48
101, 49
102, 6
102, 7
102, 8
102, 9
102, 10
102, 11
102, 12
102, 13
102, 14
102, 15
102, 16
102, 17
102, 18
102, 19
102, 20
102, 42
102, 43
102, 44
102, 45
102, 46
102, 47
102, 48
102, 49
103, 6
103, 7
103, 8
103, 9
103, 10
103, 11
103, 12
103, 13
103, 14
103, 15
103, 16
103, 17
103, 18
103, 19
103, 20
103, 42
103, 43
103, 44
103, 45
103, 46
103, 47
103, 48
103, 49
104, 6
104, 7
104, 8
104, 9
104, 10
104, 11
104, 12
104, 13
104, 14
104, 15
104, 16
104, 17
104, 18
104, 19
104, 20
104, 42
104, 43
104, 44
104, 45
104, 46
104, 47
104, 48
104, 49
105, 6
105, 7
105, 8
105, 9
105, 10
105, 11
105, 12
105, 13
105, 14
105, 15
105, 16
105, 17
105, 18
105, 19
105, 20
105, 42
105, 43
105, 44
105, 45
105, 46
105, 47
105, 48
106, 6
106, 7
106, 8
106, 9
106, 10
106, 11
106, 12
106, 13
106, 14
106, 15
106, 16
106, 17
106, 18
106, 19
106, 20
106, 42
106, 43
106, 44
106, 45
106, 46
106, 47
106, 48
107, 6
107, 7
107, 8
107, 9
107, 10
107, 11
107, 12
107, 13
107, 14
107, 15
107, 16
107, 17
107, 18
107, 19
107, 20
107, 42
107, 43
107, 44
107, 45
107, 46
107, 47
107, 48
108, 6
108, 7
108, 8
108, 9
108, 10
108, 11
108, 12
108, 13
108, 14
108, 15
108, 16
108, 17
108, 18
108, 19
108, 20
108, 42
108, 43
108, 44
108, 45
108, 46
108, 47
108, 48
109, 6
109, 7
109, 8
109, 9
109, 10
109, 11
109, 12
109, 13
109, 14
109, 15
109, 16
109, 17
109, 18
109, 19
109, 20
109, 42
109, 43
109, 44
109, 45
109, 46
109, 47
109, 48
110, 6
110, 7
110, 8
110, 9
110, 10
110, 11
110, 12
110, 13
110, 14
110, 15
110, 16
110, 17
110, 18
110, 19
110, 20
110, 21
110, 42
110, 43
110, 44
110, 45
110, 46
110, 47
110, 48
111, 6
111, 7
111, 8
111, 9
111, 10
111, 11
111, 12
111, 13
111, 14
111, 15
111, 16
111, 17
111, 18
111, 19
111, 20
111, 21
111, 42
111, 43
111, 44
111, 45
111, 46
111, 47
111, 48
112, 6
112, 7
112, 8
112, 9
112, 10
112, 11
112, 12
112, 13
112, 14
112, 15
112, 16
112, 17
112, 18
112, 19
112, 20
112, 42
112, 43
112, 44
112, 45
112, 46
112, 47
112, 48
113, 6
113, 7
113, 8
113, 9
113, 10
113, 11
113, 12
113, 13
113, 14
113, 15
113, 16
113, 17
113, 18
113, 19
113, 20
113, 42
113, 43
113, 44
113, 45
113, 46
113, 47
113, 48
114, 6
114, 7
114, 8
114, 9
114, 10
114, 11
114, 12
114, 13
114, 14
114, 15
114, 16
114, 17
114, 18
114, 19
114, 20
114, 42
114, 43
114, 44
114, 45
114, 46
114, 47
115, 6
115, 7
115, 8
115, 9
115, 10
115, 11
115, 12
115, 13
115, 14
115, 15
115, 16
115, 17
115, 18
115, 19
115, 20
115, 42
115, 43
115, 44
115, 45
115, 46
115, 47
116, 6
116, 7
116, 8
116, 9
116, 10
116, 11
116, 12
116, 13
116, 14
116, 15
116, 16
116, 17
116, 18
116, 19
116, 20
116, 42
116, 43
116, 44
116, 45
116, 46
116, 47
117, 7
117, 8
117, 9
117, 10
117, 11
117, 12
117, 13
117, 14
117, 15
117, 16
117, 17
117, 18
117, 19
117, 20
117, 42
117, 43
117, 44
117, 45
117, 46
117, 47
118, 7
118, 8
118, 9
118, 10
118, 11
118, 12
118, 13
118, 14
118, 15
118, 16
118, 17
118, 18
118, 19
118, 20
118, 42
118, 43
118, 44
118, 45
118, 46
118, 47
119, 7
119, 8
119, 9
119, 10
119, 11
119, 12
119, 13
119, 14
119, 15
119, 16
119, 17
119, 18
119, 19
119, 20
119, 42
119, 43
119, 44
119, 45
119, 46
120, 7
120, 8
120, 9
120, 10
120, 11
120, 12
120, 13
120, 14
120, 15
120, 16
120, 17
120, 18
120, 19
120, 42
120, 43
120, 44
120, 45
120, 46
121, 7
121, 8
121, 9
121, 10
121, 11
121, 12
121, 13
121, 14
121, 15
121, 16
121, 17
121, 18
121, 42
121, 43
121, 44
121, 45
121, 46
122, 7
122, 8
122, 9
122, 10
122, 11
122, 12
122, 13
122, 14
122, 15
122, 16
122, 42
122, 43
122, 44
122, 45
122, 46
123, 7
123, 8
123, 9
123, 10
123, 11
123, 12
123, 13
123, 42
123, 43
123, 44
123, 45
123, 46
124, 7
124, 8
124, 43
124, 44
124, 45
124, 46
125, 7
125, 42
125, 43
125, 44
125, 45
126, 42
126, 43
126, 44
126, 45
127, 42
127, 43
127, 44
127, 45
128, 42
128, 43
128, 44
128, 45
129, 42
129, 43
129, 44
130, 42
130, 43
130, 44
131, 42
131, 43
131, 44
132, 42
132, 43
133, 43
134, 43
157, 14
157, 15
158, 12
158, 13
158, 14
158, 15
158, 16
159, 12
159, 13
159, 14
159, 15
159, 16
159, 17
160, 12
160, 13
160, 14
160, 15
160, 16
160, 17
161, 12
161, 13
161, 14
161, 15
161, 16
161, 17
162, 12
162, 13
162, 14
162, 15
162, 16
162, 17
163, 12
163, 13
163, 14
163, 15
163, 16
163, 17
164, 12
164, 13
164, 14
164, 15
164, 16
164, 17
165, 13
165, 14
165, 15
165, 16
165, 17
166, 13
166, 14
166, 15
166, 16
166, 17
167, 14
167, 15
167, 16
168, 15
168, 38
169, 38
170, 38
171, 37
171, 38
171, 39
172, 37
172, 38
172, 39
173, 37
173, 38
173, 39
174, 37
174, 38
175, 38
176, 38
177, 38
180, 37
180, 38
181, 33
181, 36
181, 37
181, 38
182, 30
182, 31
182, 32
182, 33
182, 34
182, 35
182, 36
182, 37
182, 38
182, 39
183, 26
183, 27
183, 28
183, 29
183, 30
183, 31
183, 32
183, 33
183, 34
183, 35
183, 36
183, 37
183, 38
183, 39
184, 24
184, 25
184, 26
184, 27
184, 28
184, 29
184, 30
184, 31
184, 32
184, 33
184, 34
184, 35
184, 36
184, 37
184, 38
184, 39
184, 40
185, 24
185, 25
185, 26
185, 27
185, 28
185, 29
185, 30
185, 31
185, 32
185, 33
185, 34
185, 35
185, 36
185, 37
185, 38
185, 39
185, 40
186, 23
186, 24
186, 25
186, 26
186, 27
186, 28
186, 29
186, 30
186, 31
186, 32
186, 33
186, 34
186, 35
186, 36
186, 37
186, 38
186, 39
186, 40
187, 23
187, 24
187, 25
187, 26
187, 27
187, 28
187, 29
187, 30
187, 31
187, 32
187, 33
187, 34
187, 35
187, 36
187, 37
187, 38
187, 39
187, 40
188, 23
188, 24
188, 25
188, 26
188, 27
188, 28
188, 29
188, 30
188, 31
188, 32
188, 33
188, 34
188, 35
188, 36
188, 37
188, 38
188, 39
188, 40
189, 23
189, 24
189, 25
189, 26
189, 27
189, 28
189, 29
189, 30
189, 31
189, 32
189, 33
189, 34
189, 35
189, 36
189, 37
189, 38
189, 39
189, 40
190, 23
190, 24
190, 25
190, 26
190, 27
190, 28
190, 29
190, 30
190, 31
190, 32
190, 33
190, 34
190, 35
190, 36
190, 37
190, 38
190, 39
191, 23
191, 24
191, 25
191, 26
191, 27
191, 28
191, 29
191, 30
191, 31
191, 32
191, 33
191, 34
191, 35
191, 36
191, 37
191, 38
191, 39
192, 23
192, 24
192, 25
192, 26
192, 27
192, 28
192, 29
192, 30
192, 31
192, 32
192, 33
192, 34
192, 35
192, 36
192, 37
192, 38
192, 39
193, 23
193, 24
193, 25
193, 26
193, 27
193, 28
193, 29
193, 30
193, 31
193, 32
193, 33
193, 34
193, 35
193, 36
193, 37
193, 38
193, 39
194, 22
194, 23
194, 24
194, 25
194, 26
194, 27
194, 28
194, 29
194, 30
194, 31
194, 32
194, 33
194, 34
194, 35
194, 36
194, 37
194, 38
194, 39
195, 21
195, 22
195, 23
195, 24
195, 25
195, 26
195, 27
195, 28
195, 29
195, 30
195, 31
195, 32
195, 33
195, 34
195, 35
195, 36
195, 37
195, 38
195, 39
195, 40
196, 21
196, 22
196, 23
196, 24
196, 25
196, 26
196, 27
196, 28
196, 29
196, 30
196, 31
196, 32
196, 33
196, 34
196, 35
196, 36
196, 37
196, 38
196, 39
196, 40
197, 20
197, 21
197, 22
197, 23
197, 24
197, 25
197, 26
197, 27
197, 28
197, 29
197, 30
197, 31
197, 32
197, 33
197, 34
197, 35
197, 36
197, 37
197, 38
197, 39
197, 40
198, 20
198, 21
198, 22
198, 23
198, 24
198, 25
198, 26
198, 27
198, 28
198, 29
198, 30
198, 31
198, 32
198, 33
198, 34
198, 35
198, 36
198, 37
198, 38
198, 39
198, 40
198, 41
199, 20
199, 21
199, 22
199, 23
199, 24
199, 25
199, 26
199, 27
199, 28
199, 29
199, 30
199, 31
199, 32
199, 33
199, 34
199, 35
199, 36
199, 37
199, 38
199, 39
199, 40
199, 41
200, 20
200, 21
200, 22
200, 23
200, 24
200, 25
200, 26
200, 27
200, 28
200, 29
200, 30
200, 31
200, 32
200, 33
200, 34
200, 35
200, 36
200, 37
200, 38
200, 39
200, 40
200, 41
201, 20
201, 21
201, 22
201, 23
201, 24
201, 25
201, 26
201, 27
201, 28
201, 29
201, 30
201, 31
201, 32
201, 33
201, 34
201, 35
201, 36
201, 37
201, 38
201, 39
201, 40
201, 41
202, 20
202, 21
202, 22
202, 23
202, 24
202, 25
202, 26
202, 27
202, 28
202, 29
202, 30
202, 31
202, 32
202, 33
202, 34
202, 35
202, 36
202, 37
202, 38
202, 39
202, 40
202, 41
203, 20
203, 21
203, 22
203, 23
203, 24
203, 25
203, 26
203, 27
203, 28
203, 29
203, 30
203, 31
203, 32
203, 33
203, 34
203, 35
203, 36
203, 37
203, 38
203, 39
203, 40
203, 41
204, 21
204, 22
204, 23
204, 24
204, 25
204, 26
204, 27
204, 28
204, 29
204, 30
204, 31
204, 32
204, 33
204, 34
204, 35
204, 36
204, 37
204, 38
204, 39
204, 40
205, 21
205, 22
205, 23
205, 24
205, 25
205, 26
205, 27
205, 28
205, 29
205, 30
205, 31
205, 32
205, 33
205, 34
205, 35
205, 36
205, 37
205, 38
205, 39
205, 40
206, 21
206, 22
206, 23
206, 24
206, 25
206, 26
206, 27
206, 28
206, 29
206, 30
206, 31
206, 32
206, 33
206, 34
206, 35
206, 36
206, 37
206, 38
206, 39
206, 40
207, 22
207, 23
207, 24
207, 25
207, 26
207, 27
207, 28
207, 29
207, 30
207, 31
207, 32
207, 33
207, 34
207, 35
207, 36
207, 37
207, 38
207, 39
207, 40
208, 23
208, 24
208, 25
208, 26
208, 27
208, 28
208, 29
208, 30
208, 31
208, 32
208, 33
208, 34
208, 35
208, 36
208, 37
208, 38
208, 39
209, 25
209, 26
209, 27
209, 28
209, 29
209, 30
209, 31
209, 32
209, 33
209, 34
209, 35
209, 36
209, 37
209, 38
209, 39
210, 31
210, 32
210, 33
210, 34
210, 35
210, 36
210, 37
210, 38
211, 33
211, 34
211, 35
211, 36
211, 37
211, 38
212, 36
212, 37
212, 38
