82, 38
82, 39
82, 40
82, 41
83, 35
83, 36
83, 37
83, 38
83, 39
83, 40
83, 41
83, 42
83, 43
83, 44
83, 45
84, 32
84, 33
84, 34
84, 35
84, 36
84, 37
84, 38
84, 39
84, 40
84, 41
84, 42
84, 43
84, 44
84, 45
84, 46
84, 47
84, 48
85, 31
85, 32
85, 33
85, 34
85, 35
85, 36
85, 37
85, 38
85, 39
85, 40
85, 41
85, 42
85, 43
85, 44
85, 45
85, 46
85, 47
85, 48
85, 49
86, 31
86, 32
86, 33
86, 34
86, 35
86, 36
86, 37
86, 38
86, 39
86, 40
86, 41
86, 42
86, 43
86, 44
86, 45
86, 46
86, 47
86, 48
86, 49
86, 50
86, 51
87, 30
87, 31
87, 32
87, 33
87, 34
87, 35
87, 36
87, 37
87, 38
87, 39
87, 40
87, 41
87, 42
87, 43
87, 44
87, 45
87, 46
87, 47
87, 48
87, 49
87, 50
87, 51
87, 52
87, 89
87, 90
87, 91
87, 92
87, 93
88, 30
88, 31
88, 32
88, 33
88, 34
88, 35
88, 36
88, 37
88, 38
88, 39
88, 40
88, 41
88, 42
88, 43
88, 44
88, 45
88, 46
88, 47
88, 48
88, 49
88, 50
88, 51
88, 52
88, 88
88, 89
88, 90
88, 91
88, 92
88, 93
88, 94
88, 95
89, 30
89, 31
89, 32
89, 33
89, 34
89, 35
89, 36
89, 37
89, 38
89, 39
89, 40
89, 41
89, 42
89, 43
89, 44
89, 45
89, 46
89, 47
89, 48
89, 49
89, 50
89, 51
89, 52
89, 53
89, 86
89, 87
89, 88
89, 89
89, 90
89, 91
89, 92
89, 93
89, 94
89, 95
89, 96
90, 30
90, 31
90, 32
90, 33
90, 34
90, 35
90, 36
90, 37
90, 38
90, 39
90, 40
90, 41
90, 42
90, 43
90, 44
90, 45
90, 46
90, 47
90, 48
90, 49
90, 50
90, 51
90, 52
90, 53
90, 85
90, 86
90, 87
90, 88
90, 89
90, 90
90, 91
90, 92
90, 93
90, 94
90, 95
90, 96
90, 97
90, 98
90, 99
91, 29
91, 30
91, 31
91, 32
91, 33
91, 34
91, 35
91, 36
91, 37
91, 38
91, 39
91, 40
91, 41
91, 42
91, 43
91, 44
91, 45
91, 46
91, 47
91, 48
91, 49
91, 50
91, 51
91, 52
91, 53
91, 54
91, 84
91, 85
91, 86
91, 87
91, 88
91, 89
91, 90
91, 91
91, 92
91, 93
91, 94
91, 95
91, 96
91, 97
91, 98
91, 99
91, 100
92, 29
92, 30
92, 31
92, 32
92, 33
92, 34
92, 35
92, 36
92, 37
92, 38
92, 39
92, 40
92, 41
92, 42
92, 43
92, 44
92, 45
92, 46
92, 47
92, 48
92, 49
92, 50
92, 51
92, 52
92, 53
92, 54
92, 84
92, 85
92, 86
92, 87
92, 88
92, 89
92, 90
92, 91
92, 92
92, 93
92, 94
92, 95
92, 96
92, 97
92, 98
92, 99
92, 100
92, 101
93, 29
93, 30
93, 31
93, 32
93, 33
93, 34
93, 35
93, 36
93, 37
93, 38
93, 39
93, 40
93, 41
93, 42
93, 43
93, 44
93, 45
93, 46
93, 47
93, 48
93, 49
93, 50
93, 51
93, 52
93, 53
93, 54
93, 55
93, 83
93, 84
93, 85
93, 86
93, 87
93, 88
93, 89
93, 90
93, 91
93, 92
93, 93
93, 94
93, 95
93, 96
93, 97
93, 98
93, 99
93, 100
93, 101
94, 29
94, 30
94, 31
94, 32
94, 33
94, 34
94, 35
94, 36
94, 37
94, 38
94, 39
94, 40
94, 41
94, 42
94, 43
94, 44
94, 45
94, 46
94, 47
94, 48
94, 49
94, 50
94, 51
94, 52
94, 53
94, 54
94, 55
94, 56
94, 83
94, 84
94, 85
94, 86
94, 87
94, 88
94, 89
94, 90
94, 91
94, 92
94, 93
94, 94
94, 95
94, 96
94, 97
94, 98
94, 99
94, 100
94, 101
94, 102
95, 28
95, 29
95, 30
95, 31
95, 32
95, 33
95, 34
95, 35
95, 36
95, 37
95, 38
95, 39
95, 40
95, 41
95, 42
95, 43
95, 44
95, 45
95, 46
95, 47
95, 48
95, 49
95, 50
95, 51
95, 52
95, 53
95, 54
95, 55
95, 56
95, 57
95, 82
95, 83
95, 84
95, 85
95, 86
95, 87
95, 88
95, 89
95, 90
95, 91
95, 92
95, 93
95, 94
95, 95
95, 96
95, 97
95, 98
95, 99
95, 100
95, 101
95, 102
96, 28
96, 29
96, 30
96, 31
96, 32
96, 33
96, 34
96, 35
96, 36
96, 37
96, 38
96, 39
96, 40
96, 41
96, 42
96, 43
96, 44
96, 45
96, 46
96, 47
96, 48
96, 49
96, 50
96, 51
96, 52
96, 53
96, 54
96, 55
96, 56
96, 57
96, 82
96, 83
96, 84
96, 85
96, 86
96, 87
96, 88
96, 89
96, 90
96, 91
96, 92
96, 93
96, 94
96, 95
96, 96
96, 97
96, 98
96, 99
96, 100
96, 101
96, 102
97, 28
97, 29
97, 30
97, 31
97, 32
97, 33
97, 34
97, 35
97, 36
97, 37
97, 38
97, 39
97, 40
97, 41
97, 42
97, 43
97, 44
97, 45
97, 46
97, 47
97, 48
97, 49
97, 50
97, 51
97, 52
97, 53
97, 54
97, 55
97, 56
97, 57
97, 83
97, 84
97, 85
97, 86
97, 87
97, 88
97, 89
97, 90
97, 91
97, 92
97, 93
97, 94
97, 95
97, 96
97, 97
97, 98
97, 99
97, 100
97, 101
97, 102
97, 103
98, 27
98, 28
98, 29
98, 30
98, 31
98, 32
98, 33
98, 34
98, 35
98, 36
98, 37
98, 38
98, 39
98, 40
98, 41
98, 42
98, 43
98, 44
98, 45
98, 46
98, 47
98, 48
98, 49
98, 50
98, 51
98, 52
98, 53
98, 54
98, 55
98, 56
98, 57
98, 83
98, 84
98, 85
98, 86
98, 87
98, 88
98, 89
98, 90
98, 91
98, 92
98, 93
98, 94
98, 95
98, 96
98, 97
98, 98
98, 99
98, 100
98, 101
98, 102
98, 103
99, 27
99, 28
99, 29
99, 30
99, 31
99, 32
99, 33
99, 34
99, 35
99, 36
99, 37
99, 38
99, 39
99, 40
99, 41
99, 42
99, 43
99, 44
99, 45
99, 46
99, 47
99, 48
99, 49
99, 50
99, 51
99, 52
99, 53
99, 54
99, 55
99, 56
99, 57
99, 58
99, 84
99, 85
99, 86
99, 87
99, 88
99, 89
99, 90
99, 91
99, 92
99, 93
99, 94
99, 95
99, 96
99, 97
99, 98
99, 99
99, 100
99, 101
99, 102
99, 103
100, 27
100, 28
100, 29
100, 30
100, 31
100, 32
100, 33
100, 34
100, 35
100, 36
100, 37
100, 38
100, 39
100, 40
100, 41
100, 42
100, 43
100, 44
100, 45
100, 46
100, 47
100, 48
100, 49
100, 50
100, 51
100, 52
100, 53
100, 54
100, 55
100, 56
100, 57
100, 58
100, 85
100, 86
100, 87
100, 88
100, 89
100, 90
100, 91
100, 92
100, 93
100, 94
100, 95
100, 96
100, 97
100, 98
100, 99
100, 100
100, 101
100, 102
100, 103
101, 27
101, 28
101, 29
101, 30
101, 31
101, 32
101, 33
101, 34
101, 35
101, 36
101, 37
101, 38
101, 39
101, 40
101, 41
101, 42
101, 43
101, 44
101, 45
101, 46
101, 47
101, 48
101, 49
101, 50
101, 51
101, 52
101, 53
101, 54
101, 55
101, 56
101, 57
101, 58
101, 86
101, 87
101, 88
101, 89
101, 90
101, 91
101, 92
101, 93
101, 94
101, 95
101, 96
101, 97
101, 98
101, 99
101, 100
101, 101
101, 102
101, 103
102, 27
102, 28
102, 29
102, 30
102, 31
102, 32
102, 33
102, 34
102, 35
102, 36
102, 37
102, 38
102, 39
102, 40
102, 41
102, 42
102, 43
102, 44
102, 45
102, 46
102, 47
102, 48
102, 49
102, 50
102, 51
102, 52
102, 53
102, 54
102, 55
102, 56
102, 57
102, 58
102, 86
102, 87
102, 88
102, 89
102, 90
102, 91
102, 92
102, 93
102, 94
102, 95
102, 96
102, 97
102, 98
102, 99
102, 100
102, 101
102, 102
102, 103
103, 26
103, 27
103, 28
103, 29
103, 30
103, 31
103, 32
103, 33
103, 34
103, 35
103, 36
103, 37
103, 38
103, 39
103, 40
103, 41
103, 42
103, 43
103, 44
103, 45
103, 46
103, 47
103, 48
103, 49
103, 50
103, 51
103, 52
103, 53
103, 54
103, 55
103, 56
103, 57
103, 58
103, 87
103, 88
103, 89
103, 90
103, 91
103, 92
103, 93
103, 94
103, 95
103, 96
103, 97
103, 98
103, 99
103, 100
103, 101
103, 102
103, 103
103, 104
104, 26
104, 27
104, 28
104, 29
104, 30
104, 31
104, 32
104, 33
104, 34
104, 35
104, 36
104, 37
104, 38
104, 39
104, 40
104, 41
104, 42
104, 43
104, 44
104, 45
104, 46
104, 47
104, 48
104, 49
104, 50
104, 51
104, 52
104, 53
104, 54
104, 55
104, 56
104, 57
104, 58
104, 88
104, 89
104, 90
104, 91
104, 92
104, 93
104, 94
104, 95
104, 96
104, 97
104, 98
104, 99
104, 100
104, 101
104, 102
104, 103
104, 104
105, 26
105, 27
105, 28
105, 29
105, 30
105, 31
105, 32
105, 33
105, 34
105, 35
105, 36
105, 37
105, 38
105, 39
105, 40
105, 41
105, 42
105, 43
105, 44
105, 45
105, 46
105, 47
105, 48
105, 49
105, 50
105, 51
105, 52
105, 53
105, 54
105, 55
105, 56
105, 57
105, 58
105, 88
105, 89
105, 90
105, 91
105, 92
105, 93
105, 94
105, 95
105, 96
105, 97
105, 98
105, 99
105, 100
105, 101
105, 102
105, 103
105, 104
106, 26
106, 27
106, 28
106, 29
106, 30
106, 31
106, 32
106, 33
106, 34
106, 35
106, 36
106, 37
106, 38
106, 39
106, 40
106, 41
106, 42
106, 43
106, 44
106, 45
106, 46
106, 47
106, 48
106, 49
106, 50
106, 51
106, 52
106, 53
106, 54
106, 55
106, 56
106, 57
106, 58
106, 88
106, 89
106, 90
106, 91
106, 92
106, 93
106, 94
106, 95
106, 96
106, 97
106, 98
106, 99
106, 100
106, 101
106, 102
106, 103
106, 104
106, 105
107, 26
107, 27
107, 28
107, 29
107, 30
107, 31
107, 32
107, 33
107, 34
107, 35
107, 36
107, 37
107, 38
107, 39
107, 40
107, 41
107, 42
107, 43
107, 44
107, 45
107, 46
107, 47
107, 48
107, 49
107, 50
107, 51
107, 52
107, 53
107, 54
107, 55
107, 56
107, 57
107, 58
107, 88
107, 89
107, 90
107, 91
107, 92
107, 93
107, 94
107, 95
107, 96
107, 97
107, 98
107, 99
107, 100
107, 101
107, 102
107, 103
107, 104
107, 105
108, 25
108, 26
108, 27
108, 28
108, 29
108, 30
108, 31
108, 32
108, 33
108, 34
108, 35
108, 36
108, 37
108, 38
108, 39
108, 40
108, 41
108, 42
108, 43
108, 44
108, 45
108, 46
108, 47
108, 48
108, 49
108, 50
108, 51
108, 52
108, 53
108, 54
108, 55
108, 56
108, 57
108, 58
108, 89
108, 90
108, 91
108, 92
108, 93
108, 94
108, 95
108, 96
108, 97
108, 98
108, 99
108, 100
108, 101
108, 102
108, 103
108, 104
108, 105
108, 106
109, 25
109, 26
109, 27
109, 28
109, 29
109, 30
109, 31
109, 32
109, 33
109, 34
109, 35
109, 36
109, 37
109, 38
109, 39
109, 40
109, 41
109, 42
109, 43
109, 44
109, 45
109, 46
109, 47
109, 48
109, 49
109, 50
109, 51
109, 52
109, 53
109, 54
109, 55
109, 56
109, 57
109, 58
109, 89
109, 90
109, 91
109, 92
109, 93
109, 94
109, 95
109, 96
109, 97
109, 98
109, 99
109, 100
109, 101
109, 102
109, 103
109, 104
109, 105
109, 106
109, 107
110, 25
110, 26
110, 27
110, 28
110, 29
110, 30
110, 31
110, 32
110, 33
110, 34
110, 35
110, 36
110, 37
110, 38
110, 39
110, 40
110, 41
110, 42
110, 43
110, 44
110, 45
110, 46
110, 47
110, 48
110, 49
110, 50
110, 51
110, 52
110, 53
110, 54
110, 55
110, 56
110, 57
110, 58
110, 89
110, 90
110, 91
110, 92
110, 93
110, 94
110, 95
110, 96
110, 97
110, 98
110, 99
110, 100
110, 101
110, 102
110, 103
110, 104
110, 105
110, 106
110, 107
110, 108
111, 25
111, 26
111, 27
111, 28
111, 29
111, 30
111, 31
111, 32
111, 33
111, 34
111, 35
111, 36
111, 37
111, 38
111, 39
111, 40
111, 41
111, 42
111, 43
111, 44
111, 45
111, 46
111, 47
111, 48
111, 49
111, 50
111, 51
111, 52
111, 53
111, 54
111, 55
111, 56
111, 57
111, 58
111, 90
111, 91
111, 92
111, 93
111, 94
111, 95
111, 96
111, 97
111, 98
111, 99
111, 100
111, 101
111, 102
111, 103
111, 104
111, 105
111, 106
111, 107
111, 108
111, 109
112, 24
112, 25
112, 26
112, 27
112, 28
112, 29
112, 30
112, 31
112, 32
112, 33
112, 34
112, 35
112, 36
112, 37
112, 38
112, 39
112, 40
112, 41
112, 42
112, 43
112, 44
112, 45
112, 46
112, 47
112, 48
112, 49
112, 50
112, 51
112, 52
112, 53
112, 54
112, 55
112, 56
112, 57
112, 58
112, 90
112, 91
112, 92
112, 93
112, 94
112, 95
112, 96
112, 97
112, 98
112, 99
112, 100
112, 101
112, 102
112, 103
112, 104
112, 105
112, 106
112, 107
112, 108
112, 109
113, 24
113, 25
113, 26
113, 27
113, 28
113, 29
113, 30
113, 31
113, 32
113, 33
113, 34
113, 35
113, 36
113, 37
113, 38
113, 39
113, 40
113, 41
113, 42
113, 43
113, 44
113, 45
113, 46
113, 47
113, 48
113, 49
113, 50
113, 51
113, 52
113, 53
113, 54
113, 55
113, 56
113, 57
113, 58
113, 90
113, 91
113, 92
113, 93
113, 94
113, 95
113, 96
113, 97
113, 98
113, 99
113, 100
113, 101
113, 102
113, 103
113, 104
113, 105
113, 106
113, 107
113, 108
113, 109
114, 24
114, 25
114, 26
114, 27
114, 28
114, 29
114, 30
114, 31
114, 32
114, 33
114, 34
114, 35
114, 36
114, 37
114, 38
114, 39
114, 40
114, 41
114, 42
114, 43
114, 44
114, 45
114, 46
114, 47
114, 48
114, 49
114, 50
114, 51
114, 52
114, 53
114, 54
114, 55
114, 56
114, 57
114, 58
114, 89
114, 90
114, 91
114, 92
114, 93
114, 94
114, 95
114, 96
114, 97
114, 98
114, 99
114, 100
114, 101
114, 102
114, 103
114, 104
114, 105
114, 106
114, 107
114, 108
114, 109
114, 110
115, 23
115, 24
115, 25
115, 26
115, 27
115, 28
115, 29
115, 30
115, 31
115, 32
115, 33
115, 34
115, 35
115, 36
115, 37
115, 38
115, 39
115, 40
115, 41
115, 42
115, 43
115, 44
115, 45
115, 46
115, 47
115, 48
115, 49
115, 50
115, 51
115, 52
115, 53
115, 54
115, 55
115, 56
115, 57
115, 58
115, 89
115, 90
115, 91
115, 92
115, 93
115, 94
115, 95
115, 96
115, 97
115, 98
115, 99
115, 100
115, 101
115, 102
115, 103
115, 104
115, 105
115, 106
115, 107
115, 108
115, 109
115, 110
115, 111
116, 23
116, 24
116, 25
116, 26
116, 27
116, 28
116, 29
116, 30
116, 31
116, 32
116, 33
116, 34
116, 35
116, 36
116, 37
116, 38
116, 39
116, 40
116, 41
116, 42
116, 43
116, 44
116, 45
116, 46
116, 47
116, 48
116, 49
116, 50
116, 51
116, 52
116, 53
116, 54
116, 55
116, 56
116, 57
116, 58
116, 89
116, 90
116, 91
116, 92
116, 93
116, 94
116, 95
116, 96
116, 97
116, 98
116, 99
116, 100
116, 101
116, 102
116, 103
116, 104
116, 105
116, 106
116, 107
116, 108
116, 109
116, 110
116, 111
117, 23
117, 24
117, 25
117, 26
117, 27
117, 28
117, 29
117, 30
117, 31
117, 32
117, 33
117, 34
117, 35
117, 36
117, 37
117, 38
117, 39
117, 40
117, 41
117, 42
117, 43
117, 44
117, 45
117, 46
117, 47
117, 48
117, 49
117, 50
117, 51
117, 52
117, 53
117, 54
117, 55
117, 56
117, 57
117, 58
117, 88
117, 89
117, 90
117, 91
117, 92
117, 93
117, 94
117, 95
117, 96
117, 97
117, 98
117, 99
117, 100
117, 101
117, 102
117, 103
117, 104
117, 105
117, 106
117, 107
117, 108
117, 109
117, 110
117, 111
117, 112
118, 23
118, 24
118, 25
118, 26
118, 27
118, 28
118, 29
118, 30
118, 31
118, 32
118, 33
118, 34
118, 35
118, 36
118, 37
118, 38
118, 39
118, 40
118, 41
118, 42
118, 43
118, 44
118, 45
118, 46
118, 47
118, 48
118, 49
118, 50
118, 51
118, 52
118, 53
118, 54
118, 55
118, 56
118, 57
118, 58
118, 88
118, 89
118, 90
118, 91
118, 92
118, 93
118, 94
118, 95
118, 96
118, 97
118, 98
118, 99
118, 100
118, 101
118, 102
118, 103
118, 104
118, 105
118, 106
118, 107
118, 108
118, 109
118, 110
118, 111
118, 112
119, 22
119, 23
119, 24
119, 25
119, 26
119, 27
119, 28
119, 29
119, 30
119, 31
119, 32
119, 33
119, 34
119, 35
119, 36
119, 37
119, 38
119, 39
119, 40
119, 41
119, 42
119, 43
119, 44
119, 45
119, 46
119, 47
119, 48
119, 49
119, 50
119, 51
119, 52
119, 53
119, 54
119, 55
119, 56
119, 57
119, 58
119, 88
119, 89
119, 90
119, 91
119, 92
119, 93
119, 94
119, 95
119, 96
119, 97
119, 98
119, 99
119, 100
119, 101
119, 102
119, 103
119, 104
119, 105
119, 106
119, 107
119, 108
119, 109
119, 110
119, 111
119, 112
119, 113
120, 22
120, 23
120, 24
120, 25
120, 26
120, 27
120, 28
120, 29
120, 30
120, 31
120, 32
120, 33
120, 34
120, 35
120, 36
120, 37
120, 38
120, 39
120, 40
120, 41
120, 42
120, 43
120, 44
120, 45
120, 46
120, 47
120, 48
120, 49
120, 50
120, 51
120, 52
120, 53
120, 54
120, 55
120, 56
120, 57
120, 58
120, 88
120, 89
120, 90
120, 91
120, 92
120, 93
120, 94
120, 95
120, 96
120, 97
120, 98
120, 99
120, 100
120, 101
120, 102
120, 103
120, 104
120, 105
120, 106
120, 107
120, 108
120, 109
120, 110
120, 111
120, 112
120, 113
121, 22
121, 23
121, 24
121, 25
121, 26
121, 27
121, 28
121, 29
121, 30
121, 31
121, 32
121, 33
121, 34
121, 35
121, 36
121, 37
121, 38
121, 39
121, 40
121, 41
121, 42
121, 43
121, 44
121, 45
121, 46
121, 47
121, 48
121, 49
121, 50
121, 51
121, 52
121, 53
121, 54
121, 55
121, 56
121, 57
121, 58
121, 88
121, 89
121, 90
121, 91
121, 92
121, 93
121, 94
121, 95
121, 96
121, 97
121, 98
121, 99
121, 100
121, 101
121, 102
121, 103
121, 104
121, 105
121, 106
121, 107
121, 108
121, 109
121, 110
121, 111
121, 112
121, 113
122, 22
122, 23
122, 24
122, 25
122, 26
122, 27
122, 28
122, 29
122, 30
122, 31
122, 32
122, 33
122, 34
122, 35
122, 36
122, 37
122, 38
122, 39
122, 40
122, 41
122, 42
122, 43
122, 44
122, 45
122, 46
122, 47
122, 48
122, 49
122, 50
122, 51
122, 52
122, 53
122, 54
122, 55
122, 56
122, 57
122, 58
122, 88
122, 89
122, 90
122, 91
122, 92
122, 93
122, 94
122, 95
122, 96
122, 97
122, 98
122, 99
122, 100
122, 101
122, 102
122, 103
122, 104
122, 105
122, 106
122, 107
122, 108
122, 109
122, 110
122, 111
122, 112
122, 113
123, 22
123, 23
123, 24
123, 25
123, 26
123, 27
123, 28
123, 29
123, 30
123, 31
123, 32
123, 33
123, 34
123, 35
123, 36
123, 37
123, 38
123, 39
123, 40
123, 41
123, 42
123, 43
123, 44
123, 45
123, 46
123, 47
123, 48
123, 49
123, 50
123, 51
123, 52
123, 53
123, 54
123, 55
123, 56
123, 57
123, 58
123, 59
123, 88
123, 89
123, 90
123, 91
123, 92
123, 93
123, 94
123, 95
123, 96
123, 97
123, 98
123, 99
123, 100
123, 101
123, 102
123, 103
123, 104
123, 105
123, 106
123, 107
123, 108
123, 109
123, 110
123, 111
123, 112
123, 113
124, 22
124, 23
124, 24
124, 25
124, 26
124, 27
124, 28
124, 29
124, 30
124, 31
124, 32
124, 33
124, 34
124, 35
124, 36
124, 37
124, 38
124, 39
124, 40
124, 41
124, 42
124, 43
124, 44
124, 45
124, 46
124, 47
124, 48
124, 49
124, 50
124, 51
124, 52
124, 53
124, 54
124, 55
124, 56
124, 57
124, 58
124, 59
124, 88
124, 89
124, 90
124, 91
124, 92
124, 93
124, 94
124, 95
124, 96
124, 97
124, 98
124, 99
124, 100
124, 101
124, 102
124, 103
124, 104
124, 105
124, 106
124, 107
124, 108
124, 109
124, 110
124, 111
124, 112
124, 113
125, 22
125, 23
125, 24
125, 25
125, 26
125, 27
125, 28
125, 29
125, 30
125, 31
125, 32
125, 33
125, 34
125, 35
125, 36
125, 37
125, 38
125, 39
125, 40
125, 41
125, 42
125, 43
125, 44
125, 45
125, 46
125, 47
125, 48
125, 49
125, 50
125, 51
125, 52
125, 53
125, 54
125, 55
125, 56
125, 57
125, 58
125, 59
125, 88
125, 89
125, 90
125, 91
125, 92
125, 93
125, 94
125, 95
125, 96
125, 97
125, 98
125, 99
125, 100
125, 101
125, 102
125, 103
125, 104
125, 105
125, 106
125, 107
125, 108
125, 109
125, 110
125, 111
125, 112
125, 113
125, 114
126, 22
126, 23
126, 24
126, 25
126, 26
126, 27
126, 28
126, 29
126, 30
126, 31
126, 32
126, 33
126, 34
126, 35
126, 36
126, 37
126, 38
126, 39
126, 40
126, 41
126, 42
126, 43
126, 44
126, 45
126, 46
126, 47
126, 48
126, 49
126, 50
126, 51
126, 52
126, 53
126, 54
126, 55
126, 56
126, 57
126, 58
126, 59
126, 88
126, 89
126, 90
126, 91
126, 92
126, 93
126, 94
126, 95
126, 96
126, 97
126, 98
126, 99
126, 100
126, 101
126, 102
126, 103
126, 104
126, 105
126, 106
126, 107
126, 108
126, 109
126, 110
126, 111
126, 112
126, 113
126, 114
127, 22
127, 23
127, 24
127, 25
127, 26
127, 27
127, 28
127, 29
127, 30
127, 31
127, 32
127, 33
127, 34
127, 35
127, 36
127, 37
127, 38
127, 39
127, 40
127, 41
127, 42
127, 43
127, 44
127, 45
127, 46
127, 47
127, 48
127, 49
127, 50
127, 51
127, 52
127, 53
127, 54
127, 55
127, 56
127, 57
127, 58
127, 59
127, 88
127, 89
127, 90
127, 91
127, 92
127, 93
127, 94
127, 95
127, 96
127, 97
127, 98
127, 99
127, 100
127, 101
127, 102
127, 103
127, 104
127, 105
127, 106
127, 107
127, 108
127, 109
127, 110
127, 111
127, 112
127, 113
127, 114
128, 22
128, 23
128, 24
128, 25
128, 26
128, 27
128, 28
128, 29
128, 30
128, 31
128, 32
128, 33
128, 34
128, 35
128, 36
128, 37
128, 38
128, 39
128, 40
128, 41
128, 42
128, 43
128, 44
128, 45
128, 46
128, 47
128, 48
128, 49
128, 50
128, 51
128, 52
128, 53
128, 54
128, 55
128, 56
128, 57
128, 58
128, 59
128, 88
128, 89
128, 90
128, 91
128, 92
128, 93
128, 94
128, 95
128, 96
128, 97
128, 98
128, 99
128, 100
128, 101
128, 102
128, 103
128, 104
128, 105
128, 106
128, 107
128, 108
128, 109
128, 110
128, 111
128, 112
128, 113
128, 114
129, 21
129, 22
129, 23
129, 24
129, 25
129, 26
129, 27
129, 28
129, 29
129, 30
129, 31
129, 32
129, 33
129, 34
129, 35
129, 36
129, 37
129, 38
129, 39
129, 40
129, 41
129, 42
129, 43
129, 44
129, 45
129, 46
129, 47
129, 48
129, 49
129, 50
129, 51
129, 52
129, 53
129, 54
129, 55
129, 56
129, 57
129, 58
129, 59
129, 88
129, 89
129, 90
129, 91
129, 92
129, 93
129, 94
129, 95
129, 96
129, 97
129, 98
129, 99
129, 100
129, 101
129, 102
129, 103
129, 104
129, 105
129, 106
129, 107
129, 108
129, 109
129, 110
129, 111
129, 112
129, 113
129, 114
130, 21
130, 22
130, 23
130, 24
130, 25
130, 26
130, 27
130, 28
130, 29
130, 30
130, 31
130, 32
130, 33
130, 34
130, 35
130, 36
130, 37
130, 38
130, 39
130, 40
130, 41
130, 42
130, 43
130, 44
130, 45
130, 46
130, 47
130, 48
130, 49
130, 50
130, 51
130, 52
130, 53
130, 54
130, 55
130, 56
130, 57
130, 58
130, 59
130, 88
130, 89
130, 90
130, 91
130, 92
130, 93
130, 94
130, 95
130, 96
130, 97
130, 98
130, 99
130, 100
130, 101
130, 102
130, 103
130, 104
130, 105
130, 106
130, 107
130, 108
130, 109
130, 110
130, 111
130, 112
130, 113
130, 114
131, 21
131, 22
131, 23
131, 24
131, 25
131, 26
131, 27
131, 28
131, 29
131, 30
131, 31
131, 32
131, 33
131, 34
131, 35
131, 36
131, 37
131, 38
131, 39
131, 40
131, 41
131, 42
131, 43
131, 44
131, 45
131, 46
131, 47
131, 48
131, 49
131, 50
131, 51
131, 52
131, 53
131, 54
131, 55
131, 56
131, 57
131, 58
131, 59
131, 88
131, 89
131, 90
131, 91
131, 92
131, 93
131, 94
131, 95
131, 96
131, 97
131, 98
131, 99
131, 100
131, 101
131, 102
131, 103
131, 104
131, 105
131, 106
131, 107
131, 108
131, 109
131, 110
131, 111
131, 112
131, 113
131, 114
132, 21
132, 22
132, 23
132, 24
132, 25
132, 26
132, 27
132, 28
132, 29
132, 30
132, 31
132, 32
132, 33
132, 34
132, 35
132, 36
132, 37
132, 38
132, 39
132, 40
132, 41
132, 42
132, 43
132, 44
132, 45
132, 46
132, 47
132, 48
132, 49
132, 50
132, 51
132, 52
132, 53
132, 54
132, 55
132, 56
132, 57
132, 58
132, 59
132, 88
132, 89
132, 90
132, 91
132, 92
132, 93
132, 94
132, 95
132, 96
132, 97
132, 98
132, 99
132, 100
132, 101
132, 102
132, 103
132, 104
132, 105
132, 106
132, 107
132, 108
132, 109
132, 110
132, 111
132, 112
132, 113
133, 21
133, 22
133, 23
133, 24
133, 25
133, 26
133, 27
133, 28
133, 29
133, 30
133, 31
133, 32
133, 33
133, 34
133, 35
133, 36
133, 37
133, 38
133, 39
133, 40
133, 41
133, 42
133, 43
133, 44
133, 45
133, 46
133, 47
133, 48
133, 49
133, 50
133, 51
133, 52
133, 53
133, 54
133, 55
133, 56
133, 57
133, 58
133, 59
133, 88
133, 89
133, 90
133, 91
133, 92
133, 93
133, 94
133, 95
133, 96
133, 97
133, 98
133, 99
133, 100
133, 101
133, 102
133, 103
133, 104
133, 105
133, 106
133, 107
133, 108
133, 109
133, 110
133, 111
133, 112
133, 113
134, 21
134, 22
134, 23
134, 24
134, 25
134, 26
134, 27
134, 28
134, 29
134, 30
134, 31
134, 32
134, 33
134, 34
134, 35
134, 36
134, 37
134, 38
134, 39
134, 40
134, 41
134, 42
134, 43
134, 44
134, 45
134, 46
134, 47
134, 48
134, 49
134, 50
134, 51
134, 52
134, 53
134, 54
134, 55
134, 56
134, 57
134, 58
134, 59
134, 89
134, 90
134, 91
134, 92
134, 93
134, 94
134, 95
134, 96
134, 97
134, 98
134, 99
134, 100
134, 101
134, 102
134, 103
134, 104
134, 105
134, 106
134, 107
134, 108
134, 109
134, 110
134, 111
134, 112
134, 113
135, 21
135, 22
135, 23
135, 24
135, 25
135, 26
135, 27
135, 28
135, 29
135, 30
135, 31
135, 32
135, 33
135, 34
135, 35
135, 36
135, 37
135, 38
135, 39
135, 40
135, 41
135, 42
135, 43
135, 44
135, 45
135, 46
135, 47
135, 48
135, 49
135, 50
135, 51
135, 52
135, 53
135, 54
135, 55
135, 56
135, 57
135, 58
135, 59
135, 89
135, 90
135, 91
135, 92
135, 93
135, 94
135, 95
135, 96
135, 97
135, 98
135, 99
135, 100
135, 101
135, 102
135, 103
135, 104
135, 105
135, 106
135, 107
135, 108
135, 109
135, 110
135, 111
135, 112
135, 113
136, 21
136, 22
136, 23
136, 24
136, 25
136, 26
136, 27
136, 28
136, 29
136, 30
136, 31
136, 32
136, 33
136, 34
136, 35
136, 36
136, 37
136, 38
136, 39
136, 40
136, 41
136, 42
136, 43
136, 44
136, 45
136, 46
136, 47
136, 48
136, 49
136, 50
136, 51
136, 52
136, 53
136, 54
136, 55
136, 56
136, 57
136, 58
136, 59
136, 90
136, 91
136, 92
136, 93
136, 94
136, 95
136, 96
136, 97
136, 98
136, 99
136, 100
136, 101
136, 102
136, 103
136, 104
136, 105
136, 106
136, 107
136, 108
136, 109
136, 110
136, 111
136, 112
136, 113
137, 21
137, 22
137, 23
137, 24
137, 25
137, 26
137, 27
137, 28
137, 29
137, 30
137, 31
137, 32
137, 33
137, 34
137, 35
137, 36
137, 37
137, 38
137, 39
137, 40
137, 41
137, 42
137, 43
137, 44
137, 45
137, 46
137, 47
137, 48
137, 49
137, 50
137, 51
137, 52
137, 53
137, 54
137, 55
137, 56
137, 57
137, 58
137, 59
137, 90
137, 91
137, 92
137, 93
137, 94
137, 95
137, 96
137, 97
137, 98
137, 99
137, 100
137, 101
137, 102
137, 103
137, 104
137, 105
137, 106
137, 107
137, 108
137, 109
137, 110
137, 111
137, 112
137, 113
138, 21
138, 22
138, 23
138, 24
138, 25
138, 26
138, 27
138, 28
138, 29
138, 30
138, 31
138, 32
138, 33
138, 34
138, 35
138, 36
138, 37
138, 38
138, 39
138, 40
138, 41
138, 42
138, 43
138, 44
138, 45
138, 46
138, 47
138, 48
138, 49
138, 50
138, 51
138, 52
138, 53
138, 54
138, 55
138, 56
138, 57
138, 58
138, 59
138, 90
138, 91
138, 92
138, 93
138, 94
138, 95
138, 96
138, 97
138, 98
138, 99
138, 100
138, 101
138, 102
138, 103
138, 104
138, 105
138, 106
138, 107
138, 108
138, 109
138, 110
138, 111
138, 112
138, 113
139, 21
139, 22
139, 23
139, 24
139, 25
139, 26
139, 27
139, 28
139, 29
139, 30
139, 31
139, 32
139, 33
139, 34
139, 35
139, 36
139, 37
139, 38
139, 39
139, 40
139, 41
139, 42
139, 43
139, 44
139, 45
139, 46
139, 47
139, 48
139, 49
139, 50
139, 51
139, 52
139, 53
139, 54
139, 55
139, 56
139, 57
139, 58
139, 59
139, 89
139, 90
139, 91
139, 92
139, 93
139, 94
139, 95
139, 96
139, 97
139, 98
139, 99
139, 100
139, 101
139, 102
139, 103
139, 104
139, 105
139, 106
139, 107
139, 108
139, 109
139, 110
139, 111
139, 112
139, 113
140, 20
140, 21
140, 22
140, 23
140, 24
140, 25
140, 26
140, 27
140, 28
140, 29
140, 30
140, 31
140, 32
140, 33
140, 34
140, 35
140, 36
140, 37
140, 38
140, 39
140, 40
140, 41
140, 42
140, 43
140, 44
140, 45
140, 46
140, 47
140, 48
140, 49
140, 50
140, 51
140, 52
140, 53
140, 54
140, 55
140, 56
140, 57
140, 58
140, 59
140, 89
140, 90
140, 91
140, 92
140, 93
140, 94
140, 95
140, 96
140, 97
140, 98
140, 99
140, 100
140, 101
140, 102
140, 103
140, 104
140, 105
140, 106
140, 107
140, 108
140, 109
140, 110
140, 111
140, 112
140, 113
141, 20
141, 21
141, 22
141, 23
141, 24
141, 25
141, 26
141, 27
141, 28
141, 29
141, 30
141, 31
141, 32
141, 33
141, 34
141, 35
141, 36
141, 37
141, 38
141, 39
141, 40
141, 41
141, 42
141, 43
141, 44
141, 45
141, 46
141, 47
141, 48
141, 49
141, 50
141, 51
141, 52
141, 53
141, 54
141, 55
141, 56
141, 57
141, 58
141, 59
141, 89
141, 90
141, 91
141, 92
141, 93
141, 94
141, 95
141, 96
141, 97
141, 98
141, 99
141, 100
141, 101
141, 102
141, 103
141, 104
141, 105
141, 106
141, 107
141, 108
141, 109
141, 110
141, 111
141, 112
141, 113
142, 20
142, 21
142, 22
142, 23
142, 24
142, 25
142, 26
142, 27
142, 28
142, 29
142, 30
142, 31
142, 32
142, 33
142, 34
142, 35
142, 36
142, 37
142, 38
142, 39
142, 40
142, 41
142, 42
142, 43
142, 44
142, 45
142, 46
142, 47
142, 48
142, 49
142, 50
142, 51
142, 52
142, 53
142, 54
142, 55
142, 56
142, 57
142, 58
142, 59
142, 89
142, 90
142, 91
142, 92
142, 93
142, 94
142, 95
142, 96
142, 97
142, 98
142, 99
142, 100
142, 101
142, 102
142, 103
142, 104
142, 105
142, 106
142, 107
142, 108
142, 109
142, 110
142, 111
142, 112
142, 113
143, 20
143, 21
143, 22
143, 23
143, 24
143, 25
143, 26
143, 27
143, 28
143, 29
143, 30
143, 31
143, 32
143, 33
143, 34
143, 35
143, 36
143, 37
143, 38
143, 39
143, 40
143, 41
143, 42
143, 43
143, 44
143, 45
143, 46
143, 47
143, 48
143, 49
143, 50
143, 51
143, 52
143, 53
143, 54
143, 55
143, 56
143, 57
143, 58
143, 59
143, 89
143, 90
143, 91
143, 92
143, 93
143, 94
143, 95
143, 96
143, 97
143, 98
143, 99
143, 100
143, 101
143, 102
143, 103
143, 104
143, 105
143, 106
143, 107
143, 108
143, 109
143, 110
143, 111
143, 112
143, 113
144, 20
144, 21
144, 22
144, 23
144, 24
144, 25
144, 26
144, 27
144, 28
144, 29
144, 30
144, 31
144, 32
144, 33
144, 34
144, 35
144, 36
144, 37
144, 38
144, 39
144, 40
144, 41
144, 42
144, 43
144, 44
144, 45
144, 46
144, 47
144, 48
144, 49
144, 50
144, 51
144, 52
144, 53
144, 54
144, 55
144, 56
144, 57
144, 58
144, 59
144, 60
144, 89
144, 90
144, 91
144, 92
144, 93
144, 94
144, 95
144, 96
144, 97
144, 98
144, 99
144, 100
144, 101
144, 102
144, 103
144, 104
144, 105
144, 106
144, 107
144, 108
144, 109
144, 110
144, 111
144, 112
144, 113
145, 20
145, 21
145, 22
145, 23
145, 24
145, 25
145, 26
145, 27
145, 28
145, 29
145, 30
145, 31
145, 32
145, 33
145, 34
145, 35
145, 36
145, 37
145, 38
145, 39
145, 40
145, 41
145, 42
145, 43
145, 44
145, 45
145, 46
145, 47
145, 48
145, 49
145, 50
145, 51
145, 52
145, 53
145, 54
145, 55
145, 56
145, 57
145, 58
145, 59
145, 60
145, 89
145, 90
145, 91
145, 92
145, 93
145, 94
145, 95
145, 96
145, 97
145, 98
145, 99
145, 100
145, 101
145, 102
145, 103
145, 104
145, 105
145, 106
145, 107
145, 108
145, 109
145, 110
145, 111
145, 112
145, 113
145, 114
146, 20
146, 21
146, 22
146, 23
146, 24
146, 25
146, 26
146, 27
146, 28
146, 29
146, 30
146, 31
146, 32
146, 33
146, 34
146, 35
146, 36
146, 37
146, 38
146, 39
146, 40
146, 41
146, 42
146, 43
146, 44
146, 45
146, 46
146, 47
146, 48
146, 49
146, 50
146, 51
146, 52
146, 53
146, 54
146, 55
146, 56
146, 57
146, 58
146, 59
146, 90
146, 91
146, 92
146, 93
146, 94
146, 95
146, 96
146, 97
146, 98
146, 99
146, 100
146, 101
146, 102
146, 103
146, 104
146, 105
146, 106
146, 107
146, 108
146, 109
146, 110
146, 111
146, 112
146, 113
147, 20
147, 21
147, 22
147, 23
147, 24
147, 25
147, 26
147, 27
147, 28
147, 29
147, 30
147, 31
147, 32
147, 33
147, 34
147, 35
147, 36
147, 37
147, 38
147, 39
147, 40
147, 41
147, 42
147, 43
147, 44
147, 45
147, 46
147, 47
147, 48
147, 49
147, 50
147, 51
147, 52
147, 53
147, 54
147, 55
147, 56
147, 57
147, 58
147, 59
147, 90
147, 91
147, 92
147, 93
147, 94
147, 95
147, 96
147, 97
147, 98
147, 99
147, 100
147, 101
147, 102
147, 103
147, 104
147, 105
147, 106
147, 107
147, 108
147, 109
147, 110
147, 111
147, 112
147, 113
148, 20
148, 21
148, 22
148, 23
148, 24
148, 25
148, 26
148, 27
148, 28
148, 29
148, 30
148, 31
148, 32
148, 33
148, 34
148, 35
148, 36
148, 37
148, 38
148, 39
148, 40
148, 41
148, 42
148, 43
148, 44
148, 45
148, 46
148, 47
148, 48
148, 49
148, 50
148, 51
148, 52
148, 53
148, 54
148, 55
148, 56
148, 57
148, 58
148, 59
148, 91
148, 92
148, 93
148, 94
148, 95
148, 96
148, 97
148, 98
148, 99
148, 100
148, 101
148, 102
148, 103
148, 104
148, 105
148, 106
148, 107
148, 108
148, 109
148, 110
148, 111
148, 112
148, 113
149, 20
149, 21
149, 22
149, 23
149, 24
149, 25
149, 26
149, 27
149, 28
149, 29
149, 30
149, 31
149, 32
149, 33
149, 34
149, 35
149, 36
149, 37
149, 38
149, 39
149, 40
149, 41
149, 42
149, 43
149, 44
149, 45
149, 46
149, 47
149, 48
149, 49
149, 50
149, 51
149, 52
149, 53
149, 54
149, 55
149, 56
149, 57
149, 58
149, 59
149, 92
149, 93
149, 94
149, 95
149, 96
149, 97
149, 98
149, 99
149, 100
149, 101
149, 102
149, 103
149, 104
149, 105
149, 106
149, 107
149, 108
149, 109
149, 110
149, 111
149, 112
149, 113
150, 20
150, 21
150, 22
150, 23
150, 24
150, 25
150, 26
150, 27
150, 28
150, 29
150, 30
150, 31
150, 32
150, 33
150, 34
150, 35
150, 36
150, 37
150, 38
150, 39
150, 40
150, 41
150, 42
150, 43
150, 44
150, 45
150, 46
150, 47
150, 48
150, 49
150, 50
150, 51
150, 52
150, 53
150, 54
150, 55
150, 56
150, 57
150, 58
150, 59
150, 93
150, 94
150, 95
150, 96
150, 97
150, 98
150, 99
150, 100
150, 101
150, 102
150, 103
150, 104
150, 105
150, 106
150, 107
150, 108
150, 109
150, 110
150, 111
150, 112
150, 113
151, 21
151, 22
151, 23
151, 24
151, 25
151, 26
151, 27
151, 28
151, 29
151, 30
151, 31
151, 32
151, 33
151, 34
151, 35
151, 36
151, 37
151, 38
151, 39
151, 40
151, 41
151, 42
151, 43
151, 44
151, 45
151, 46
151, 47
151, 48
151, 49
151, 50
151, 51
151, 52
151, 53
151, 54
151, 55
151, 56
151, 57
151, 58
151, 94
151, 95
151, 96
151, 97
151, 98
151, 99
151, 100
151, 101
151, 102
151, 103
151, 104
151, 105
151, 106
151, 107
151, 108
151, 109
151, 110
151, 111
151, 112
151, 113
152, 21
152, 22
152, 23
152, 24
152, 25
152, 26
152, 27
152, 28
152, 29
152, 30
152, 31
152, 32
152, 33
152, 34
152, 35
152, 36
152, 37
152, 38
152, 39
152, 40
152, 41
152, 42
152, 43
152, 44
152, 45
152, 46
152, 47
152, 48
152, 49
152, 50
152, 51
152, 52
152, 53
152, 54
152, 55
152, 56
152, 57
152, 58
152, 95
152, 96
152, 97
152, 98
152, 99
152, 100
152, 101
152, 102
152, 103
152, 104
152, 105
152, 106
152, 107
152, 108
152, 109
152, 110
152, 111
152, 112
152, 113
153, 21
153, 22
153, 23
153, 24
153, 25
153, 26
153, 27
153, 28
153, 29
153, 30
153, 31
153, 32
153, 33
153, 34
153, 35
153, 36
153, 37
153, 38
153, 39
153, 40
153, 41
153, 42
153, 43
153, 44
153, 45
153, 46
153, 47
153, 48
153, 49
153, 50
153, 51
153, 52
153, 53
153, 54
153, 55
153, 56
153, 57
153, 58
153, 96
153, 97
153, 98
153, 99
153, 100
153, 101
153, 102
153, 103
153, 104
153, 105
153, 106
153, 107
153, 108
153, 109
153, 110
153, 111
153, 112
153, 113
154, 21
154, 22
154, 23
154, 24
154, 25
154, 26
154, 27
154, 28
154, 29
154, 30
154, 31
154, 32
154, 33
154, 34
154, 35
154, 36
154, 37
154, 38
154, 39
154, 40
154, 41
154, 42
154, 43
154, 44
154, 45
154, 46
154, 47
154, 48
154, 49
154, 50
154, 51
154, 52
154, 53
154, 54
154, 55
154, 56
154, 57
154, 58
154, 96
154, 97
154, 98
154, 99
154, 100
154, 101
154, 102
154, 103
154, 104
154, 105
154, 106
154, 107
154, 108
154, 109
154, 110
154, 111
154, 112
154, 113
155, 21
155, 22
155, 23
155, 24
155, 25
155, 26
155, 27
155, 28
155, 29
155, 30
155, 31
155, 32
155, 33
155, 34
155, 35
155, 36
155, 37
155, 38
155, 39
155, 40
155, 41
155, 42
155, 43
155, 44
155, 45
155, 46
155, 47
155, 48
155, 49
155, 50
155, 51
155, 52
155, 53
155, 54
155, 55
155, 56
155, 57
155, 58
155, 96
155, 97
155, 98
155, 99
155, 100
155, 101
155, 102
155, 103
155, 104
155, 105
155, 106
155, 107
155, 108
155, 109
155, 110
155, 111
155, 112
155, 113
156, 21
156, 22
156, 23
156, 24
156, 25
156, 26
156, 27
156, 28
156, 29
156, 30
156, 31
156, 32
156, 33
156, 34
156, 35
156, 36
156, 37
156, 38
156, 39
156, 40
156, 41
156, 42
156, 43
156, 44
156, 45
156, 46
156, 47
156, 48
156, 49
156, 50
156, 51
156, 52
156, 53
156, 54
156, 55
156, 56
156, 57
156, 58
156, 97
156, 98
156, 99
156, 100
156, 101
156, 102
156, 103
156, 104
156, 105
156, 106
156, 107
156, 108
156, 109
156, 110
156, 111
156, 112
156, 113
157, 22
157, 23
157, 24
157, 25
157, 26
157, 27
157, 28
157, 29
157, 30
157, 31
157, 32
157, 33
157, 34
157, 35
157, 36
157, 37
157, 38
157, 39
157, 40
157, 41
157, 42
157, 43
157, 44
157, 45
157, 46
157, 47
157, 48
157, 49
157, 50
157, 51
157, 52
157, 53
157, 54
157, 55
157, 56
157, 57
157, 58
157, 97
157, 98
157, 99
157, 100
157, 101
157, 102
157, 103
157, 104
157, 105
157, 106
157, 107
157, 108
157, 109
157, 110
157, 111
157, 112
157, 113
158, 22
158, 23
158, 24
158, 25
158, 26
158, 27
158, 28
158, 29
158, 30
158, 31
158, 32
158, 33
158, 34
158, 35
158, 36
158, 37
158, 38
158, 39
158, 40
158, 41
158, 42
158, 43
158, 44
158, 45
158, 46
158, 47
158, 48
158, 49
158, 50
158, 51
158, 52
158, 53
158, 54
158, 55
158, 56
158, 57
158, 58
158, 97
158, 98
158, 99
158, 100
158, 101
158, 102
158, 103
158, 104
158, 105
158, 106
158, 107
158, 108
158, 109
158, 110
158, 111
158, 112
158, 113
158, 114
159, 22
159, 23
159, 24
159, 25
159, 26
159, 27
159, 28
159, 29
159, 30
159, 31
159, 32
159, 33
159, 34
159, 35
159, 36
159, 37
159, 38
159, 39
159, 40
159, 41
159, 42
159, 43
159, 44
159, 45
159, 46
159, 47
159, 48
159, 49
159, 50
159, 51
159, 52
159, 53
159, 54
159, 55
159, 56
159, 57
159, 58
159, 97
159, 98
159, 99
159, 100
159, 101
159, 102
159, 103
159, 104
159, 105
159, 106
159, 107
159, 108
159, 109
159, 110
159, 111
159, 112
159, 113
159, 114
160, 22
160, 23
160, 24
160, 25
160, 26
160, 27
160, 28
160, 29
160, 30
160, 31
160, 32
160, 33
160, 34
160, 35
160, 36
160, 37
160, 38
160, 39
160, 40
160, 41
160, 42
160, 43
160, 44
160, 45
160, 46
160, 47
160, 48
160, 49
160, 50
160, 51
160, 52
160, 53
160, 54
160, 55
160, 56
160, 57
160, 58
160, 97
160, 98
160, 99
160, 100
160, 101
160, 102
160, 103
160, 104
160, 105
160, 106
160, 107
160, 108
160, 109
160, 110
160, 111
160, 112
160, 113
160, 114
161, 22
161, 23
161, 24
161, 25
161, 26
161, 27
161, 28
161, 29
161, 30
161, 31
161, 32
161, 33
161, 34
161, 35
161, 36
161, 37
161, 38
161, 39
161, 40
161, 41
161, 42
161, 43
161, 44
161, 45
161, 46
161, 47
161, 48
161, 49
161, 50
161, 51
161, 52
161, 53
161, 54
161, 55
161, 56
161, 57
161, 58
161, 97
161, 98
161, 99
161, 100
161, 101
161, 102
161, 103
161, 104
161, 105
161, 106
161, 107
161, 108
161, 109
161, 110
161, 111
161, 112
161, 113
161, 114
162, 22
162, 23
162, 24
162, 25
162, 26
162, 27
162, 28
162, 29
162, 30
162, 31
162, 32
162, 33
162, 34
162, 35
162, 36
162, 37
162, 38
162, 39
162, 40
162, 41
162, 42
162, 43
162, 44
162, 45
162, 46
162, 47
162, 48
162, 49
162, 50
162, 51
162, 52
162, 53
162, 54
162, 55
162, 56
162, 57
162, 58
162, 98
162, 99
162, 100
162, 101
162, 102
162, 103
162, 104
162, 105
162, 106
162, 107
162, 108
162, 109
162, 110
162, 111
162, 112
162, 113
162, 114
163, 22
163, 23
163, 24
163, 25
163, 26
163, 27
163, 28
163, 29
163, 30
163, 31
163, 32
163, 33
163, 34
163, 35
163, 36
163, 37
163, 38
163, 39
163, 40
163, 41
163, 42
163, 43
163, 44
163, 45
163, 46
163, 47
163, 48
163, 49
163, 50
163, 51
163, 52
163, 53
163, 54
163, 55
163, 56
163, 57
163, 58
163, 98
163, 99
163, 100
163, 101
163, 102
163, 103
163, 104
163, 105
163, 106
163, 107
163, 108
163, 109
163, 110
163, 111
163, 112
163, 113
163, 114
163, 115
164, 22
164, 23
164, 24
164, 25
164, 26
164, 27
164, 28
164, 29
164, 30
164, 31
164, 32
164, 33
164, 34
164, 35
164, 36
164, 37
164, 38
164, 39
164, 40
164, 41
164, 42
164, 43
164, 44
164, 45
164, 46
164, 47
164, 48
164, 49
164, 50
164, 51
164, 52
164, 53
164, 54
164, 55
164, 56
164, 57
164, 58
164, 98
164, 99
164, 100
164, 101
164, 102
164, 103
164, 104
164, 105
164, 106
164, 107
164, 108
164, 109
164, 110
164, 111
164, 112
164, 113
164, 114
164, 115
165, 22
165, 23
165, 24
165, 25
165, 26
165, 27
165, 28
165, 29
165, 30
165, 31
165, 32
165, 33
165, 34
165, 35
165, 36
165, 37
165, 38
165, 39
165, 40
165, 41
165, 42
165, 43
165, 44
165, 45
165, 46
165, 47
165, 48
165, 49
165, 50
165, 51
165, 52
165, 53
165, 54
165, 55
165, 56
165, 57
165, 58
165, 98
165, 99
165, 100
165, 101
165, 102
165, 103
165, 104
165, 105
165, 106
165, 107
165, 108
165, 109
165, 110
165, 111
165, 112
165, 113
165, 114
165, 115
166, 22
166, 23
166, 24
166, 25
166, 26
166, 27
166, 28
166, 29
166, 30
166, 31
166, 32
166, 33
166, 34
166, 35
166, 36
166, 37
166, 38
166, 39
166, 40
166, 41
166, 42
166, 43
166, 44
166, 45
166, 46
166, 47
166, 48
166, 49
166, 50
166, 51
166, 52
166, 53
166, 54
166, 55
166, 56
166, 57
166, 58
166, 99
166, 100
166, 101
166, 102
166, 103
166, 104
166, 105
166, 106
166, 107
166, 108
166, 109
166, 110
166, 111
166, 112
166, 113
166, 114
166, 115
167, 21
167, 22
167, 23
167, 24
167, 25
167, 26
167, 27
167, 28
167, 29
167, 30
167, 31
167, 32
167, 33
167, 34
167, 35
167, 36
167, 37
167, 38
167, 39
167, 40
167, 41
167, 42
167, 43
167, 44
167, 45
167, 46
167, 47
167, 48
167, 49
167, 50
167, 51
167, 52
167, 53
167, 54
167, 55
167, 56
167, 57
167, 58
167, 99
167, 100
167, 101
167, 102
167, 103
167, 104
167, 105
167, 106
167, 107
167, 108
167, 109
167, 110
167, 111
167, 112
167, 113
167, 114
167, 115
168, 21
168, 22
168, 23
168, 24
168, 25
168, 26
168, 27
168, 28
168, 29
168, 30
168, 31
168, 32
168, 33
168, 34
168, 35
168, 36
168, 37
168, 38
168, 39
168, 40
168, 41
168, 42
168, 43
168, 44
168, 45
168, 46
168, 47
168, 48
168, 49
168, 50
168, 51
168, 52
168, 53
168, 54
168, 55
168, 56
168, 57
168, 58
168, 99
168, 100
168, 101
168, 102
168, 103
168, 104
168, 105
168, 106
168, 107
168, 108
168, 109
168, 110
168, 111
168, 112
168, 113
168, 114
168, 115
169, 21
169, 22
169, 23
169, 24
169, 25
169, 26
169, 27
169, 28
169, 29
169, 30
169, 31
169, 32
169, 33
169, 34
169, 35
169, 36
169, 37
169, 38
169, 39
169, 40
169, 41
169, 42
169, 43
169, 44
169, 45
169, 46
169, 47
169, 48
169, 49
169, 50
169, 51
169, 52
169, 53
169, 54
169, 55
169, 56
169, 57
169, 58
169, 99
169, 100
169, 101
169, 102
169, 103
169, 104
169, 105
169, 106
169, 107
169, 108
169, 109
169, 110
169, 111
169, 112
169, 113
169, 114
169, 115
170, 21
170, 22
170, 23
170, 24
170, 25
170, 26
170, 27
170, 28
170, 29
170, 30
170, 31
170, 32
170, 33
170, 34
170, 35
170, 36
170, 37
170, 38
170, 39
170, 40
170, 41
170, 42
170, 43
170, 44
170, 45
170, 46
170, 47
170, 48
170, 49
170, 50
170, 51
170, 52
170, 53
170, 54
170, 55
170, 56
170, 57
170, 58
170, 99
170, 100
170, 101
170, 102
170, 103
170, 104
170, 105
170, 106
170, 107
170, 108
170, 109
170, 110
170, 111
170, 112
170, 113
170, 114
170, 115
171, 21
171, 22
171, 23
171, 24
171, 25
171, 26
171, 27
171, 28
171, 29
171, 30
171, 31
171, 32
171, 33
171, 34
171, 35
171, 36
171, 37
171, 38
171, 39
171, 40
171, 41
171, 42
171, 43
171, 44
171, 45
171, 46
171, 47
171, 48
171, 49
171, 50
171, 51
171, 52
171, 53
171, 54
171, 55
171, 56
171, 57
171, 58
171, 100
171, 101
171, 102
171, 103
171, 104
171, 105
171, 106
171, 107
171, 108
171, 109
171, 110
171, 111
171, 112
171, 113
171, 114
171, 115
172, 21
172, 22
172, 23
172, 24
172, 25
172, 26
172, 27
172, 28
172, 29
172, 30
172, 31
172, 32
172, 33
172, 34
172, 35
172, 36
172, 37
172, 38
172, 39
172, 40
172, 41
172, 42
172, 43
172, 44
172, 45
172, 46
172, 47
172, 48
172, 49
172, 50
172, 51
172, 52
172, 53
172, 54
172, 55
172, 56
172, 57
172, 58
172, 100
172, 101
172, 102
172, 103
172, 104
172, 105
172, 106
172, 107
172, 108
172, 109
172, 110
172, 111
172, 112
172, 113
172, 114
172, 115
172, 116
173, 20
173, 21
173, 22
173, 23
173, 24
173, 25
173, 26
173, 27
173, 28
173, 29
173, 30
173, 31
173, 32
173, 33
173, 34
173, 35
173, 36
173, 37
173, 38
173, 39
173, 40
173, 41
173, 42
173, 43
173, 44
173, 45
173, 46
173, 47
173, 48
173, 49
173, 50
173, 51
173, 52
173, 53
173, 54
173, 55
173, 56
173, 57
173, 58
173, 100
173, 101
173, 102
173, 103
173, 104
173, 105
173, 106
173, 107
173, 108
173, 109
173, 110
173, 111
173, 112
173, 113
173, 114
173, 115
173, 116
174, 20
174, 21
174, 22
174, 23
174, 24
174, 25
174, 26
174, 27
174, 28
174, 29
174, 30
174, 31
174, 32
174, 33
174, 34
174, 35
174, 36
174, 37
174, 38
174, 39
174, 40
174, 41
174, 42
174, 43
174, 44
174, 45
174, 46
174, 47
174, 48
174, 49
174, 50
174, 51
174, 52
174, 53
174, 54
174, 55
174, 56
174, 57
174, 58
174, 100
174, 101
174, 102
174, 103
174, 104
174, 105
174, 106
174, 107
174, 108
174, 109
174, 110
174, 111
174, 112
174, 113
174, 114
174, 115
174, 116
175, 20
175, 21
175, 22
175, 23
175, 24
175, 25
175, 26
175, 27
175, 28
175, 29
175, 30
175, 31
175, 32
175, 33
175, 34
175, 35
175, 36
175, 37
175, 38
175, 39
175, 40
175, 41
175, 42
175, 43
175, 44
175, 45
175, 46
175, 47
175, 48
175, 49
175, 50
175, 51
175, 52
175, 53
175, 54
175, 55
175, 56
175, 57
175, 101
175, 102
175, 103
175, 104
175, 105
175, 106
175, 107
175, 108
175, 109
175, 110
175, 111
175, 112
175, 113
175, 114
175, 115
175, 116
176, 20
176, 21
176, 22
176, 23
176, 24
176, 25
176, 26
176, 27
176, 28
176, 29
176, 30
176, 31
176, 32
176, 33
176, 34
176, 35
176, 36
176, 37
176, 38
176, 39
176, 40
176, 41
176, 42
176, 43
176, 44
176, 45
176, 46
176, 47
176, 48
176, 49
176, 50
176, 51
176, 52
176, 53
176, 54
176, 55
176, 56
176, 57
176, 101
176, 102
176, 103
176, 104
176, 105
176, 106
176, 107
176, 108
176, 109
176, 110
176, 111
176, 112
176, 113
176, 114
176, 115
176, 116
177, 20
177, 21
177, 22
177, 23
177, 24
177, 25
177, 26
177, 27
177, 28
177, 29
177, 30
177, 31
177, 32
177, 33
177, 34
177, 35
177, 36
177, 37
177, 38
177, 39
177, 40
177, 41
177, 42
177, 43
177, 44
177, 45
177, 46
177, 47
177, 48
177, 49
177, 50
177, 51
177, 52
177, 53
177, 54
177, 55
177, 56
177, 57
177, 101
177, 102
177, 103
177, 104
177, 105
177, 106
177, 107
177, 108
177, 109
177, 110
177, 111
177, 112
177, 113
177, 114
177, 115
177, 116
177, 117
178, 20
178, 21
178, 22
178, 23
178, 24
178, 25
178, 26
178, 27
178, 28
178, 29
178, 30
178, 31
178, 32
178, 33
178, 34
178, 35
178, 36
178, 37
178, 38
178, 39
178, 40
178, 41
178, 42
178, 43
178, 44
178, 45
178, 46
178, 47
178, 48
178, 49
178, 50
178, 51
178, 52
178, 53
178, 54
178, 55
178, 56
178, 57
178, 101
178, 102
178, 103
178, 104
178, 105
178, 106
178, 107
178, 108
178, 109
178, 110
178, 111
178, 112
178, 113
178, 114
178, 115
178, 116
178, 117
179, 20
179, 21
179, 22
179, 23
179, 24
179, 25
179, 26
179, 27
179, 28
179, 29
179, 30
179, 31
179, 32
179, 33
179, 34
179, 35
179, 36
179, 37
179, 38
179, 39
179, 40
179, 41
179, 42
179, 43
179, 44
179, 45
179, 46
179, 47
179, 48
179, 49
179, 50
179, 51
179, 52
179, 53
179, 54
179, 55
179, 56
179, 57
179, 102
179, 103
179, 104
179, 105
179, 106
179, 107
179, 108
179, 109
179, 110
179, 111
179, 112
179, 113
179, 114
179, 115
179, 116
179, 117
180, 20
180, 21
180, 22
180, 23
180, 24
180, 25
180, 26
180, 27
180, 28
180, 29
180, 30
180, 31
180, 32
180, 33
180, 34
180, 35
180, 36
180, 37
180, 38
180, 39
180, 40
180, 41
180, 42
180, 43
180, 44
180, 45
180, 46
180, 47
180, 48
180, 49
180, 50
180, 51
180, 52
180, 53
180, 54
180, 55
180, 56
180, 57
180, 102
180, 103
180, 104
180, 105
180, 106
180, 107
180, 108
180, 109
180, 110
180, 111
180, 112
180, 113
180, 114
180, 115
180, 116
180, 117
181, 19
181, 20
181, 21
181, 22
181, 23
181, 24
181, 25
181, 26
181, 27
181, 28
181, 29
181, 30
181, 31
181, 32
181, 33
181, 34
181, 35
181, 36
181, 37
181, 38
181, 39
181, 40
181, 41
181, 42
181, 43
181, 44
181, 45
181, 46
181, 47
181, 48
181, 49
181, 50
181, 51
181, 52
181, 53
181, 54
181, 55
181, 56
181, 57
181, 102
181, 103
181, 104
181, 105
181, 106
181, 107
181, 108
181, 109
181, 110
181, 111
181, 112
181, 113
181, 114
181, 115
181, 116
181, 117
182, 19
182, 20
182, 21
182, 22
182, 23
182, 24
182, 25
182, 26
182, 27
182, 28
182, 29
182, 30
182, 31
182, 32
182, 33
182, 34
182, 35
182, 36
182, 37
182, 38
182, 39
182, 40
182, 41
182, 42
182, 43
182, 44
182, 45
182, 46
182, 47
182, 48
182, 49
182, 50
182, 51
182, 52
182, 53
182, 54
182, 55
182, 56
182, 57
182, 102
182, 103
182, 104
182, 105
182, 106
182, 107
182, 108
182, 109
182, 110
182, 111
182, 112
182, 113
182, 114
182, 115
182, 116
182, 117
183, 19
183, 20
183, 21
183, 22
183, 23
183, 24
183, 25
183, 26
183, 27
183, 28
183, 29
183, 30
183, 31
183, 32
183, 33
183, 34
183, 35
183, 36
183, 37
183, 38
183, 39
183, 40
183, 41
183, 42
183, 43
183, 44
183, 45
183, 46
183, 47
183, 48
183, 49
183, 50
183, 51
183, 52
183, 53
183, 54
183, 55
183, 56
183, 102
183, 103
183, 104
183, 105
183, 106
183, 107
183, 108
183, 109
183, 110
183, 111
183, 112
183, 113
183, 114
183, 115
183, 116
183, 117
184, 19
184, 20
184, 21
184, 22
184, 23
184, 24
184, 25
184, 26
184, 27
184, 28
184, 29
184, 30
184, 31
184, 32
184, 33
184, 34
184, 35
184, 36
184, 37
184, 38
184, 39
184, 40
184, 41
184, 42
184, 43
184, 44
184, 45
184, 46
184, 47
184, 48
184, 49
184, 50
184, 51
184, 52
184, 53
184, 54
184, 55
184, 56
184, 102
184, 103
184, 104
184, 105
184, 106
184, 107
184, 108
184, 109
184, 110
184, 111
184, 112
184, 113
184, 114
184, 115
184, 116
185, 19
185, 20
185, 21
185, 22
185, 23
185, 24
185, 25
185, 26
185, 27
185, 28
185, 29
185, 30
185, 31
185, 32
185, 33
185, 34
185, 35
185, 36
185, 37
185, 38
185, 39
185, 40
185, 41
185, 42
185, 43
185, 44
185, 45
185, 46
185, 47
185, 48
185, 49
185, 50
185, 51
185, 52
185, 53
185, 54
185, 55
185, 56
185, 102
185, 103
185, 104
185, 105
185, 106
185, 107
185, 108
185, 109
185, 110
185, 111
185, 112
185, 113
185, 114
185, 115
185, 116
186, 19
186, 20
186, 21
186, 22
186, 23
186, 24
186, 25
186, 26
186, 27
186, 28
186, 29
186, 30
186, 31
186, 32
186, 33
186, 34
186, 35
186, 36
186, 37
186, 38
186, 39
186, 40
186, 41
186, 42
186, 43
186, 44
186, 45
186, 46
186, 47
186, 48
186, 49
186, 50
186, 51
186, 52
186, 53
186, 54
186, 55
186, 56
186, 103
186, 104
186, 105
186, 106
186, 107
186, 108
186, 109
186, 110
186, 111
186, 112
186, 113
186, 114
186, 115
186, 116
187, 19
187, 20
187, 21
187, 22
187, 23
187, 24
187, 25
187, 26
187, 27
187, 28
187, 29
187, 30
187, 31
187, 32
187, 33
187, 34
187, 35
187, 36
187, 37
187, 38
187, 39
187, 40
187, 41
187, 42
187, 43
187, 44
187, 45
187, 46
187, 47
187, 48
187, 49
187, 50
187, 51
187, 52
187, 53
187, 54
187, 55
187, 56
187, 103
187, 104
187, 105
187, 106
187, 107
187, 108
187, 109
187, 110
187, 111
187, 112
187, 113
187, 114
187, 115
187, 116
188, 19
188, 20
188, 21
188, 22
188, 23
188, 24
188, 25
188, 26
188, 27
188, 28
188, 29
188, 30
188, 31
188, 32
188, 33
188, 34
188, 35
188, 36
188, 37
188, 38
188, 39
188, 40
188, 41
188, 42
188, 43
188, 44
188, 45
188, 46
188, 47
188, 48
188, 49
188, 50
188, 51
188, 52
188, 53
188, 54
188, 55
188, 56
188, 103
188, 104
188, 105
188, 106
188, 107
188, 108
188, 109
188, 110
188, 111
188, 112
188, 113
188, 114
188, 115
188, 116
189, 19
189, 20
189, 21
189, 22
189, 23
189, 24
189, 25
189, 26
189, 27
189, 28
189, 29
189, 30
189, 31
189, 32
189, 33
189, 34
189, 35
189, 36
189, 37
189, 38
189, 39
189, 40
189, 41
189, 42
189, 43
189, 44
189, 45
189, 46
189, 47
189, 48
189, 49
189, 50
189, 51
189, 52
189, 53
189, 54
189, 55
189, 56
189, 103
189, 104
189, 105
189, 106
189, 107
189, 108
189, 109
189, 110
189, 111
189, 112
189, 113
189, 114
189, 115
189, 116
190, 19
190, 20
190, 21
190, 22
190, 23
190, 24
190, 25
190, 26
190, 27
190, 28
190, 29
190, 30
190, 31
190, 32
190, 33
190, 34
190, 35
190, 36
190, 37
190, 38
190, 39
190, 40
190, 41
190, 42
190, 43
190, 44
190, 45
190, 46
190, 47
190, 48
190, 49
190, 50
190, 51
190, 52
190, 53
190, 54
190, 55
190, 56
190, 104
190, 105
190, 106
190, 107
190, 108
190, 109
190, 110
190, 111
190, 112
190, 113
190, 114
190, 115
190, 116
191, 19
191, 20
191, 21
191, 22
191, 23
191, 24
191, 25
191, 26
191, 27
191, 28
191, 29
191, 30
191, 31
191, 32
191, 33
191, 34
191, 35
191, 36
191, 37
191, 38
191, 39
191, 40
191, 41
191, 42
191, 43
191, 44
191, 45
191, 46
191, 47
191, 48
191, 49
191, 50
191, 51
191, 52
191, 53
191, 54
191, 55
191, 56
191, 104
191, 105
191, 106
191, 107
191, 108
191, 109
191, 110
191, 111
191, 112
191, 113
191, 114
191, 115
191, 116
192, 19
192, 20
192, 21
192, 22
192, 23
192, 24
192, 25
192, 26
192, 27
192, 28
192, 29
192, 30
192, 31
192, 32
192, 33
192, 34
192, 35
192, 36
192, 37
192, 38
192, 39
192, 40
192, 41
192, 42
192, 43
192, 44
192, 45
192, 46
192, 47
192, 48
192, 49
192, 50
192, 51
192, 52
192, 53
192, 54
192, 55
192, 104
192, 105
192, 106
192, 107
192, 108
192, 109
192, 110
192, 111
192, 112
192, 113
192, 114
192, 115
192, 116
192, 117
193, 19
193, 20
193, 21
193, 22
193, 23
193, 24
193, 25
193, 26
193, 27
193, 28
193, 29
193, 30
193, 31
193, 32
193, 33
193, 34
193, 35
193, 36
193, 37
193, 38
193, 39
193, 40
193, 41
193, 42
193, 43
193, 44
193, 45
193, 46
193, 47
193, 48
193, 49
193, 50
193, 51
193, 52
193, 53
193, 54
193, 55
193, 105
193, 106
193, 107
193, 108
193, 109
193, 110
193, 111
193, 112
193, 113
193, 114
193, 115
193, 116
193, 117
194, 19
194, 20
194, 21
194, 22
194, 23
194, 24
194, 25
194, 26
194, 27
194, 28
194, 29
194, 30
194, 31
194, 32
194, 33
194, 34
194, 35
194, 36
194, 37
194, 38
194, 39
194, 40
194, 41
194, 42
194, 43
194, 44
194, 45
194, 46
194, 47
194, 48
194, 49
194, 50
194, 51
194, 52
194, 53
194, 54
194, 55
194, 105
194, 106
194, 107
194, 108
194, 109
194, 110
194, 111
194, 112
194, 113
194, 114
194, 115
194, 116
194, 117
195, 19
195, 20
195, 21
195, 22
195, 23
195, 24
195, 25
195, 26
195, 27
195, 28
195, 29
195, 30
195, 31
195, 32
195, 33
195, 34
195, 35
195, 36
195, 37
195, 38
195, 39
195, 40
195, 41
195, 42
195, 43
195, 44
195, 45
195, 46
195, 47
195, 48
195, 49
195, 50
195, 51
195, 52
195, 53
195, 54
195, 55
195, 105
195, 106
195, 107
195, 108
195, 109
195, 110
195, 111
195, 112
195, 113
195, 114
195, 115
195, 116
195, 117
196, 19
196, 20
196, 21
196, 22
196, 23
196, 24
196, 25
196, 26
196, 27
196, 28
196, 29
196, 30
196, 31
196, 32
196, 33
196, 34
196, 35
196, 36
196, 37
196, 38
196, 39
196, 40
196, 41
196, 42
196, 43
196, 44
196, 45
196, 46
196, 47
196, 48
196, 49
196, 50
196, 51
196, 52
196, 53
196, 54
196, 55
196, 105
196, 106
196, 107
196, 108
196, 109
196, 110
196, 111
196, 112
196, 113
196, 114
196, 115
196, 116
196, 117
197, 19
197, 20
197, 21
197, 22
197, 23
197, 24
197, 25
197, 26
197, 27
197, 28
197, 29
197, 30
197, 31
197, 32
197, 33
197, 34
197, 35
197, 36
197, 37
197, 38
197, 39
197, 40
197, 41
197, 42
197, 43
197, 44
197, 45
197, 46
197, 47
197, 48
197, 49
197, 50
197, 51
197, 52
197, 53
197, 54
197, 55
197, 105
197, 106
197, 107
197, 108
197, 109
197, 110
197, 111
197, 112
197, 113
197, 114
197, 115
197, 116
197, 117
198, 19
198, 20
198, 21
198, 22
198, 23
198, 24
198, 25
198, 26
198, 27
198, 28
198, 29
198, 30
198, 31
198, 32
198, 33
198, 34
198, 35
198, 36
198, 37
198, 38
198, 39
198, 40
198, 41
198, 42
198, 43
198, 44
198, 45
198, 46
198, 47
198, 48
198, 49
198, 50
198, 51
198, 52
198, 53
198, 54
198, 105
198, 106
198, 107
198, 108
198, 109
198, 110
198, 111
198, 112
198, 113
198, 114
198, 115
198, 116
198, 117
199, 19
199, 20
199, 21
199, 22
199, 23
199, 24
199, 25
199, 26
199, 27
199, 28
199, 29
199, 30
199, 31
199, 32
199, 33
199, 34
199, 35
199, 36
199, 37
199, 38
199, 39
199, 40
199, 41
199, 42
199, 43
199, 44
199, 45
199, 46
199, 47
199, 48
199, 49
199, 50
199, 51
199, 52
199, 53
199, 54
199, 105
199, 106
199, 107
199, 108
199, 109
199, 110
199, 111
199, 112
199, 113
199, 114
199, 115
199, 116
199, 117
200, 19
200, 20
200, 21
200, 22
200, 23
200, 24
200, 25
200, 26
200, 27
200, 28
200, 29
200, 30
200, 31
200, 32
200, 33
200, 34
200, 35
200, 36
200, 37
200, 38
200, 39
200, 40
200, 41
200, 42
200, 43
200, 44
200, 45
200, 46
200, 47
200, 48
200, 49
200, 50
200, 51
200, 52
200, 53
200, 54
200, 105
200, 106
200, 107
200, 108
200, 109
200, 110
200, 111
200, 112
200, 113
200, 114
200, 115
200, 116
200, 117
201, 19
201, 20
201, 21
201, 22
201, 23
201, 24
201, 25
201, 26
201, 27
201, 28
201, 29
201, 30
201, 31
201, 32
201, 33
201, 34
201, 35
201, 36
201, 37
201, 38
201, 39
201, 40
201, 41
201, 42
201, 43
201, 44
201, 45
201, 46
201, 47
201, 48
201, 49
201, 50
201, 51
201, 52
201, 53
201, 54
201, 105
201, 106
201, 107
201, 108
201, 109
201, 110
201, 111
201, 112
201, 113
201, 114
201, 115
201, 116
201, 117
202, 18
202, 19
202, 20
202, 21
202, 22
202, 23
202, 24
202, 25
202, 26
202, 27
202, 28
202, 29
202, 30
202, 31
202, 32
202, 33
202, 34
202, 35
202, 36
202, 37
202, 38
202, 39
202, 40
202, 41
202, 42
202, 43
202, 44
202, 45
202, 46
202, 47
202, 48
202, 49
202, 50
202, 51
202, 52
202, 53
202, 105
202, 106
202, 107
202, 108
202, 109
202, 110
202, 111
202, 112
202, 113
202, 114
202, 115
202, 116
202, 117
203, 18
203, 19
203, 20
203, 21
203, 22
203, 23
203, 24
203, 25
203, 26
203, 27
203, 28
203, 29
203, 30
203, 31
203, 32
203, 33
203, 34
203, 35
203, 36
203, 37
203, 38
203, 39
203, 40
203, 41
203, 42
203, 43
203, 44
203, 45
203, 46
203, 47
203, 48
203, 49
203, 50
203, 51
203, 52
203, 53
203, 106
203, 107
203, 108
203, 109
203, 110
203, 111
203, 112
203, 113
203, 114
203, 115
203, 116
203, 117
204, 18
204, 19
204, 20
204, 21
204, 22
204, 23
204, 24
204, 25
204, 26
204, 27
204, 28
204, 29
204, 30
204, 31
204, 32
204, 33
204, 34
204, 35
204, 36
204, 37
204, 38
204, 39
204, 40
204, 41
204, 42
204, 43
204, 44
204, 45
204, 46
204, 47
204, 48
204, 49
204, 50
204, 51
204, 52
204, 53
204, 106
204, 107
204, 108
204, 109
204, 110
204, 111
204, 112
204, 113
204, 114
204, 115
204, 116
204, 117
205, 18
205, 19
205, 20
205, 21
205, 22
205, 23
205, 24
205, 25
205, 26
205, 27
205, 28
205, 29
205, 30
205, 31
205, 32
205, 33
205, 34
205, 35
205, 36
205, 37
205, 38
205, 39
205, 40
205, 41
205, 42
205, 43
205, 44
205, 45
205, 46
205, 47
205, 48
205, 49
205, 50
205, 51
205, 52
205, 53
205, 106
205, 107
205, 108
205, 109
205, 110
205, 111
205, 112
205, 113
205, 114
205, 115
205, 116
205, 117
206, 18
206, 19
206, 20
206, 21
206, 22
206, 23
206, 24
206, 25
206, 26
206, 27
206, 28
206, 29
206, 30
206, 31
206, 32
206, 33
206, 34
206, 35
206, 36
206, 37
206, 38
206, 39
206, 40
206, 41
206, 42
206, 43
206, 44
206, 45
206, 46
206, 47
206, 48
206, 49
206, 50
206, 51
206, 52
206, 53
206, 106
206, 107
206, 108
206, 109
206, 110
206, 111
206, 112
206, 113
206, 114
206, 115
206, 116
206, 117
207, 18
207, 19
207, 20
207, 21
207, 22
207, 23
207, 24
207, 25
207, 26
207, 27
207, 28
207, 29
207, 30
207, 31
207, 32
207, 33
207, 34
207, 35
207, 36
207, 37
207, 38
207, 39
207, 40
207, 41
207, 42
207, 43
207, 44
207, 45
207, 46
207, 47
207, 48
207, 49
207, 50
207, 51
207, 52
207, 53
207, 106
207, 107
207, 108
207, 109
207, 110
207, 111
207, 112
207, 113
207, 114
207, 115
207, 116
207, 117
208, 18
208, 19
208, 20
208, 21
208, 22
208, 23
208, 24
208, 25
208, 26
208, 27
208, 28
208, 29
208, 30
208, 31
208, 32
208, 33
208, 34
208, 35
208, 36
208, 37
208, 38
208, 39
208, 40
208, 41
208, 42
208, 43
208, 44
208, 45
208, 46
208, 47
208, 48
208, 49
208, 50
208, 51
208, 52
208, 106
208, 107
208, 108
208, 109
208, 110
208, 111
208, 112
208, 113
208, 114
208, 115
208, 116
208, 117
209, 18
209, 19
209, 20
209, 21
209, 22
209, 23
209, 24
209, 25
209, 26
209, 27
209, 28
209, 29
209, 30
209, 31
209, 32
209, 33
209, 34
209, 35
209, 36
209, 37
209, 38
209, 39
209, 40
209, 41
209, 42
209, 43
209, 44
209, 45
209, 46
209, 47
209, 48
209, 49
209, 50
209, 51
209, 52
209, 106
209, 107
209, 108
209, 109
209, 110
209, 111
209, 112
209, 113
209, 114
209, 115
209, 116
209, 117
210, 18
210, 19
210, 20
210, 21
210, 22
210, 23
210, 24
210, 25
210, 26
210, 27
210, 28
210, 29
210, 30
210, 31
210, 32
210, 33
210, 34
210, 35
210, 36
210, 37
210, 38
210, 39
210, 40
210, 41
210, 42
210, 43
210, 44
210, 45
210, 46
210, 47
210, 48
210, 49
210, 50
210, 51
210, 52
210, 106
210, 107
210, 108
210, 109
210, 110
210, 111
210, 112
210, 113
210, 114
210, 115
210, 116
210, 117
211, 18
211, 19
211, 20
211, 21
211, 22
211, 23
211, 24
211, 25
211, 26
211, 27
211, 28
211, 29
211, 30
211, 31
211, 32
211, 33
211, 34
211, 35
211, 36
211, 37
211, 38
211, 39
211, 40
211, 41
211, 42
211, 43
211, 44
211, 45
211, 46
211, 47
211, 48
211, 49
211, 50
211, 51
211, 52
211, 106
211, 107
211, 108
211, 109
211, 110
211, 111
211, 112
211, 113
211, 114
211, 115
211, 116
211, 117
212, 18
212, 19
212, 20
212, 21
212, 22
212, 23
212, 24
212, 25
212, 26
212, 27
212, 28
212, 29
212, 30
212, 31
212, 32
212, 33
212, 34
212, 35
212, 36
212, 37
212, 38
212, 39
212, 40
212, 41
212, 42
212, 43
212, 44
212, 45
212, 46
212, 47
212, 48
212, 49
212, 50
212, 51
212, 52
212, 106
212, 107
212, 108
212, 109
212, 110
212, 111
212, 112
212, 113
212, 114
212, 115
212, 116
212, 117
213, 18
213, 19
213, 20
213, 21
213, 22
213, 23
213, 24
213, 25
213, 26
213, 27
213, 28
213, 29
213, 30
213, 31
213, 32
213, 33
213, 34
213, 35
213, 36
213, 37
213, 38
213, 39
213, 40
213, 41
213, 42
213, 43
213, 44
213, 45
213, 46
213, 47
213, 48
213, 49
213, 50
213, 51
213, 52
213, 106
213, 107
213, 108
213, 109
213, 110
213, 111
213, 112
213, 113
213, 114
213, 115
213, 116
213, 117
214, 18
214, 19
214, 20
214, 21
214, 22
214, 23
214, 24
214, 25
214, 26
214, 27
214, 28
214, 29
214, 30
214, 31
214, 32
214, 33
214, 34
214, 35
214, 36
214, 37
214, 38
214, 39
214, 40
214, 41
214, 42
214, 43
214, 44
214, 45
214, 46
214, 47
214, 48
214, 49
214, 50
214, 51
214, 105
214, 106
214, 107
214, 108
214, 109
214, 110
214, 111
214, 112
214, 113
214, 114
214, 115
214, 116
214, 117
215, 18
215, 19
215, 20
215, 21
215, 22
215, 23
215, 24
215, 25
215, 26
215, 27
215, 28
215, 29
215, 30
215, 31
215, 32
215, 33
215, 34
215, 35
215, 36
215, 37
215, 38
215, 39
215, 40
215, 41
215, 42
215, 43
215, 44
215, 45
215, 46
215, 47
215, 48
215, 49
215, 50
215, 51
215, 105
215, 106
215, 107
215, 108
215, 109
215, 110
215, 111
215, 112
215, 113
215, 114
215, 115
215, 116
216, 18
216, 19
216, 20
216, 21
216, 22
216, 23
216, 24
216, 25
216, 26
216, 27
216, 28
216, 29
216, 30
216, 31
216, 32
216, 33
216, 34
216, 35
216, 36
216, 37
216, 38
216, 39
216, 40
216, 41
216, 42
216, 43
216, 44
216, 45
216, 46
216, 47
216, 48
216, 49
216, 50
216, 51
216, 104
216, 105
216, 106
216, 107
216, 108
216, 109
216, 110
216, 111
216, 112
216, 113
216, 114
216, 115
216, 116
217, 18
217, 19
217, 20
217, 21
217, 22
217, 23
217, 24
217, 25
217, 26
217, 27
217, 28
217, 29
217, 30
217, 31
217, 32
217, 33
217, 34
217, 35
217, 36
217, 37
217, 38
217, 39
217, 40
217, 41
217, 42
217, 43
217, 44
217, 45
217, 46
217, 47
217, 48
217, 49
217, 50
217, 51
217, 104
217, 105
217, 106
217, 107
217, 108
217, 109
217, 110
217, 111
217, 112
217, 113
217, 114
217, 115
217, 116
218, 18
218, 19
218, 20
218, 21
218, 22
218, 23
218, 24
218, 25
218, 26
218, 27
218, 28
218, 29
218, 30
218, 31
218, 32
218, 33
218, 34
218, 35
218, 36
218, 37
218, 38
218, 39
218, 40
218, 41
218, 42
218, 43
218, 44
218, 45
218, 46
218, 47
218, 48
218, 49
218, 50
218, 51
218, 103
218, 104
218, 105
218, 106
218, 107
218, 108
218, 109
218, 110
218, 111
218, 112
218, 113
218, 114
218, 115
218, 116
219, 18
219, 19
219, 20
219, 21
219, 22
219, 23
219, 24
219, 25
219, 26
219, 27
219, 28
219, 29
219, 30
219, 31
219, 32
219, 33
219, 34
219, 35
219, 36
219, 37
219, 38
219, 39
219, 40
219, 41
219, 42
219, 43
219, 44
219, 45
219, 46
219, 47
219, 48
219, 49
219, 50
219, 51
219, 103
219, 104
219, 105
219, 106
219, 107
219, 108
219, 109
219, 110
219, 111
219, 112
219, 113
219, 114
219, 115
219, 116
220, 18
220, 19
220, 20
220, 21
220, 22
220, 23
220, 24
220, 25
220, 26
220, 27
220, 28
220, 29
220, 30
220, 31
220, 32
220, 33
220, 34
220, 35
220, 36
220, 37
220, 38
220, 39
220, 40
220, 41
220, 42
220, 43
220, 44
220, 45
220, 46
220, 47
220, 48
220, 49
220, 50
220, 51
220, 103
220, 104
220, 105
220, 106
220, 107
220, 108
220, 109
220, 110
220, 111
220, 112
220, 113
220, 114
220, 115
220, 116
221, 18
221, 19
221, 20
221, 21
221, 22
221, 23
221, 24
221, 25
221, 26
221, 27
221, 28
221, 29
221, 30
221, 31
221, 32
221, 33
221, 34
221, 35
221, 36
221, 37
221, 38
221, 39
221, 40
221, 41
221, 42
221, 43
221, 44
221, 45
221, 46
221, 47
221, 48
221, 49
221, 50
221, 51
221, 103
221, 104
221, 105
221, 106
221, 107
221, 108
221, 109
221, 110
221, 111
221, 112
221, 113
221, 114
221, 115
221, 116
222, 18
222, 19
222, 20
222, 21
222, 22
222, 23
222, 24
222, 25
222, 26
222, 27
222, 28
222, 29
222, 30
222, 31
222, 32
222, 33
222, 34
222, 35
222, 36
222, 37
222, 38
222, 39
222, 40
222, 41
222, 42
222, 43
222, 44
222, 45
222, 46
222, 47
222, 48
222, 49
222, 50
222, 51
222, 103
222, 104
222, 105
222, 106
222, 107
222, 108
222, 109
222, 110
222, 111
222, 112
222, 113
222, 114
222, 115
223, 18
223, 19
223, 20
223, 21
223, 22
223, 23
223, 24
223, 25
223, 26
223, 27
223, 28
223, 29
223, 30
223, 31
223, 32
223, 33
223, 34
223, 35
223, 36
223, 37
223, 38
223, 39
223, 40
223, 41
223, 42
223, 43
223, 44
223, 45
223, 46
223, 47
223, 48
223, 49
223, 50
223, 51
223, 103
223, 104
223, 105
223, 106
223, 107
223, 108
223, 109
223, 110
223, 111
223, 112
223, 113
223, 114
223, 115
224, 18
224, 19
224, 20
224, 21
224, 22
224, 23
224, 24
224, 25
224, 26
224, 27
224, 28
224, 29
224, 30
224, 31
224, 32
224, 33
224, 34
224, 35
224, 36
224, 37
224, 38
224, 39
224, 40
224, 41
224, 42
224, 43
224, 44
224, 45
224, 46
224, 47
224, 48
224, 49
224, 50
224, 51
224, 103
224, 104
224, 105
224, 106
224, 107
224, 108
224, 109
224, 110
224, 111
224, 112
224, 113
224, 114
224, 115
225, 18
225, 19
225, 20
225, 21
225, 22
225, 23
225, 24
225, 25
225, 26
225, 27
225, 28
225, 29
225, 30
225, 31
225, 32
225, 33
225, 34
225, 35
225, 36
225, 37
225, 38
225, 39
225, 40
225, 41
225, 42
225, 43
225, 44
225, 45
225, 46
225, 47
225, 48
225, 49
225, 50
225, 103
225, 104
225, 105
225, 106
225, 107
225, 108
225, 109
225, 110
225, 111
225, 112
225, 113
225, 114
226, 18
226, 19
226, 20
226, 21
226, 22
226, 23
226, 24
226, 25
226, 26
226, 27
226, 28
226, 29
226, 30
226, 31
226, 32
226, 33
226, 34
226, 35
226, 36
226, 37
226, 38
226, 39
226, 40
226, 41
226, 42
226, 43
226, 44
226, 45
226, 46
226, 47
226, 48
226, 49
226, 50
226, 104
226, 105
226, 106
226, 107
226, 108
226, 109
226, 110
226, 111
226, 112
226, 113
226, 114
227, 18
227, 19
227, 20
227, 21
227, 22
227, 23
227, 24
227, 25
227, 26
227, 27
227, 28
227, 29
227, 30
227, 31
227, 32
227, 33
227, 34
227, 35
227, 36
227, 37
227, 38
227, 39
227, 40
227, 41
227, 42
227, 43
227, 44
227, 45
227, 46
227, 47
227, 48
227, 49
227, 50
227, 104
227, 105
227, 106
227, 107
227, 108
227, 109
227, 110
227, 111
227, 112
227, 113
227, 114
228, 18
228, 19
228, 20
228, 21
228, 22
228, 23
228, 24
228, 25
228, 26
228, 27
228, 28
228, 29
228, 30
228, 31
228, 32
228, 33
228, 34
228, 35
228, 36
228, 37
228, 38
228, 39
228, 40
228, 41
228, 42
228, 43
228, 44
228, 45
228, 46
228, 47
228, 48
228, 49
228, 50
228, 104
228, 105
228, 106
228, 107
228, 108
228, 109
228, 110
228, 111
228, 112
228, 113
228, 114
229, 19
229, 20
229, 21
229, 22
229, 23
229, 24
229, 25
229, 26
229, 27
229, 28
229, 29
229, 30
229, 31
229, 32
229, 33
229, 34
229, 35
229, 36
229, 37
229, 38
229, 39
229, 40
229, 41
229, 42
229, 43
229, 44
229, 45
229, 46
229, 47
229, 48
229, 49
229, 50
229, 103
229, 104
229, 105
229, 106
229, 107
229, 108
229, 109
229, 110
229, 111
229, 112
229, 113
230, 19
230, 20
230, 21
230, 22
230, 23
230, 24
230, 25
230, 26
230, 27
230, 28
230, 29
230, 30
230, 31
230, 32
230, 33
230, 34
230, 35
230, 36
230, 37
230, 38
230, 39
230, 40
230, 41
230, 42
230, 43
230, 44
230, 45
230, 46
230, 47
230, 48
230, 49
230, 50
230, 102
230, 103
230, 104
230, 105
230, 106
230, 107
230, 108
230, 109
230, 110
230, 111
230, 112
230, 113
231, 19
231, 20
231, 21
231, 22
231, 23
231, 24
231, 25
231, 26
231, 27
231, 28
231, 29
231, 30
231, 31
231, 32
231, 33
231, 34
231, 35
231, 36
231, 37
231, 38
231, 39
231, 40
231, 41
231, 42
231, 43
231, 44
231, 45
231, 46
231, 47
231, 48
231, 49
231, 50
231, 102
231, 103
231, 104
231, 105
231, 106
231, 107
231, 108
231, 109
231, 110
231, 111
231, 112
231, 113
232, 19
232, 20
232, 21
232, 22
232, 23
232, 24
232, 25
232, 26
232, 27
232, 28
232, 29
232, 30
232, 31
232, 32
232, 33
232, 34
232, 35
232, 36
232, 37
232, 38
232, 39
232, 40
232, 41
232, 42
232, 43
232, 44
232, 45
232, 46
232, 47
232, 48
232, 49
232, 50
232, 102
232, 103
232, 104
232, 105
232, 106
232, 107
232, 108
232, 109
232, 110
232, 111
232, 112
233, 19
233, 20
233, 21
233, 22
233, 23
233, 24
233, 25
233, 26
233, 27
233, 28
233, 29
233, 30
233, 31
233, 32
233, 33
233, 34
233, 35
233, 36
233, 37
233, 38
233, 39
233, 40
233, 41
233, 42
233, 43
233, 44
233, 45
233, 46
233, 47
233, 48
233, 49
233, 50
233, 101
233, 102
233, 103
233, 104
233, 105
233, 106
233, 107
233, 108
233, 109
233, 110
233, 111
233, 112
234, 19
234, 20
234, 21
234, 22
234, 23
234, 24
234, 25
234, 26
234, 27
234, 28
234, 29
234, 30
234, 31
234, 32
234, 33
234, 34
234, 35
234, 36
234, 37
234, 38
234, 39
234, 40
234, 41
234, 42
234, 43
234, 44
234, 45
234, 46
234, 47
234, 48
234, 49
234, 101
234, 102
234, 103
234, 104
234, 105
234, 106
234, 107
234, 108
234, 109
234, 110
234, 111
235, 19
235, 20
235, 21
235, 22
235, 23
235, 24
235, 25
235, 26
235, 27
235, 28
235, 29
235, 30
235, 31
235, 32
235, 33
235, 34
235, 35
235, 36
235, 37
235, 38
235, 39
235, 40
235, 41
235, 42
235, 43
235, 44
235, 45
235, 46
235, 47
235, 48
235, 49
235, 100
235, 101
235, 102
235, 103
235, 104
235, 105
235, 106
235, 107
235, 108
235, 109
235, 110
236, 19
236, 20
236, 21
236, 22
236, 23
236, 24
236, 25
236, 26
236, 27
236, 28
236, 29
236, 30
236, 31
236, 32
236, 33
236, 34
236, 35
236, 36
236, 37
236, 38
236, 39
236, 40
236, 41
236, 42
236, 43
236, 44
236, 45
236, 46
236, 47
236, 48
236, 49
236, 100
236, 101
236, 102
236, 103
236, 104
236, 105
236, 106
236, 107
236, 108
236, 109
236, 110
237, 19
237, 20
237, 21
237, 22
237, 23
237, 24
237, 25
237, 26
237, 27
237, 28
237, 29
237, 30
237, 31
237, 32
237, 33
237, 34
237, 35
237, 36
237, 37
237, 38
237, 39
237, 40
237, 41
237, 42
237, 43
237, 44
237, 45
237, 46
237, 47
237, 48
237, 49
237, 100
237, 101
237, 102
237, 103
237, 104
237, 105
237, 106
237, 107
237, 108
237, 109
237, 110
238, 19
238, 20
238, 21
238, 22
238, 23
238, 24
238, 25
238, 26
238, 27
238, 28
238, 29
238, 30
238, 31
238, 32
238, 33
238, 34
238, 35
238, 36
238, 37
238, 38
238, 39
238, 40
238, 41
238, 42
238, 43
238, 44
238, 45
238, 46
238, 47
238, 48
238, 49
238, 100
238, 101
238, 102
238, 103
238, 104
238, 105
238, 106
238, 107
238, 108
238, 109
239, 20
239, 21
239, 22
239, 23
239, 24
239, 25
239, 26
239, 27
239, 28
239, 29
239, 30
239, 31
239, 32
239, 33
239, 34
239, 35
239, 36
239, 37
239, 38
239, 39
239, 40
239, 41
239, 42
239, 43
239, 44
239, 45
239, 46
239, 47
239, 48
239, 49
239, 100
239, 101
239, 102
239, 103
239, 104
239, 105
239, 106
239, 107
239, 108
239, 109
240, 20
240, 21
240, 22
240, 23
240, 24
240, 25
240, 26
240, 27
240, 28
240, 29
240, 30
240, 31
240, 32
240, 33
240, 34
240, 35
240, 36
240, 37
240, 38
240, 39
240, 40
240, 41
240, 42
240, 43
240, 44
240, 45
240, 46
240, 47
240, 48
240, 49
240, 100
240, 101
240, 102
240, 103
240, 104
240, 105
240, 106
240, 107
240, 108
240, 109
241, 20
241, 21
241, 22
241, 23
241, 24
241, 25
241, 26
241, 27
241, 28
241, 29
241, 30
241, 31
241, 32
241, 33
241, 34
241, 35
241, 36
241, 37
241, 38
241, 39
241, 40
241, 41
241, 42
241, 43
241, 44
241, 45
241, 46
241, 47
241, 48
241, 49
241, 100
241, 101
241, 102
241, 103
241, 104
241, 105
241, 106
241, 107
241, 108
242, 21
242, 22
242, 23
242, 24
242, 25
242, 26
242, 27
242, 28
242, 29
242, 30
242, 31
242, 32
242, 33
242, 34
242, 35
242, 36
242, 37
242, 38
242, 39
242, 40
242, 41
242, 42
242, 43
242, 44
242, 45
242, 46
242, 47
242, 48
242, 49
242, 101
242, 102
242, 103
242, 104
242, 105
242, 106
242, 107
242, 108
243, 29
243, 30
243, 31
243, 32
243, 33
243, 34
243, 35
243, 36
243, 37
243, 38
243, 39
243, 40
243, 41
243, 42
243, 43
243, 44
243, 45
243, 46
243, 47
243, 48
243, 49
243, 101
243, 102
243, 103
243, 104
243, 105
243, 106
243, 107
244, 30
244, 31
244, 32
244, 33
244, 34
244, 35
244, 36
244, 37
244, 38
244, 39
244, 40
244, 41
244, 42
244, 43
244, 44
244, 45
244, 46
244, 47
244, 48
244, 49
244, 101
244, 102
244, 103
244, 104
244, 105
244, 106
244, 107
245, 31
245, 32
245, 33
245, 34
245, 35
245, 36
245, 37
245, 38
245, 39
245, 40
245, 41
245, 42
245, 43
245, 44
245, 45
245, 46
245, 47
245, 48
245, 49
245, 101
245, 102
245, 103
245, 104
245, 105
245, 106
245, 107
245, 108
246, 32
246, 33
246, 34
246, 35
246, 36
246, 37
246, 38
246, 39
246, 40
246, 41
246, 42
246, 43
246, 44
246, 45
246, 46
246, 47
246, 48
246, 49
246, 101
246, 102
246, 103
246, 104
246, 105
246, 106
246, 107
246, 108
247, 33
247, 34
247, 35
247, 36
247, 37
247, 38
247, 39
247, 40
247, 41
247, 42
247, 43
247, 44
247, 45
247, 46
247, 47
247, 48
247, 101
247, 102
247, 103
247, 104
247, 105
247, 106
247, 107
247, 108
248, 33
248, 34
248, 35
248, 36
248, 37
248, 38
248, 39
248, 40
248, 41
248, 42
248, 43
248, 44
248, 45
248, 46
248, 47
248, 48
248, 101
248, 102
248, 103
248, 104
248, 105
248, 106
248, 107
248, 108
249, 34
249, 35
249, 36
249, 37
249, 38
249, 39
249, 40
249, 41
249, 42
249, 43
249, 44
249, 45
249, 46
249, 47
249, 48
249, 102
249, 103
249, 104
249, 105
249, 106
249, 107
249, 108
250, 34
250, 35
250, 36
250, 37
250, 38
250, 39
250, 40
250, 41
250, 42
250, 43
250, 44
250, 45
250, 46
250, 47
250, 48
250, 102
250, 103
250, 104
250, 105
250, 106
250, 107
250, 108
250, 109
251, 35
251, 36
251, 37
251, 38
251, 39
251, 40
251, 41
251, 42
251, 43
251, 44
251, 45
251, 46
251, 47
251, 102
251, 103
251, 104
251, 105
251, 106
251, 107
251, 108
251, 109
252, 35
252, 36
252, 37
252, 38
252, 39
252, 40
252, 41
252, 42
252, 43
252, 44
252, 45
252, 102
252, 103
252, 104
252, 105
252, 106
252, 107
252, 108
252, 109
253, 35
253, 36
253, 37
253, 38
253, 39
253, 40
253, 41
253, 42
253, 43
253, 44
253, 102
253, 103
253, 104
253, 105
253, 106
253, 107
253, 108
253, 109
254, 36
254, 37
254, 38
254, 39
254, 40
254, 41
254, 42
254, 43
254, 44
254, 102
254, 103
254, 104
254, 105
254, 106
254, 107
254, 108
254, 109
255, 36
255, 37
255, 38
255, 39
255, 40
255, 41
255, 42
255, 43
255, 102
255, 103
255, 104
255, 105
255, 106
255, 107
255, 108
255, 109
256, 37
256, 38
256, 39
256, 40
256, 41
256, 42
256, 43
256, 102
256, 103
256, 104
256, 105
256, 106
256, 107
256, 108
257, 37
257, 38
257, 39
257, 40
257, 41
257, 42
257, 43
257, 102
257, 103
257, 104
257, 105
257, 106
257, 107
257, 108
258, 38
258, 39
258, 40
258, 41
258, 42
258, 103
258, 104
258, 105
258, 106
258, 107
258, 108
259, 38
259, 39
259, 40
259, 41
259, 42
259, 103
259, 104
259, 105
259, 106
259, 107
259, 108
260, 39
260, 40
260, 41
260, 42
260, 103
260, 104
260, 105
260, 106
260, 107
260, 108
261, 39
261, 40
261, 41
261, 102
261, 103
261, 104
261, 105
261, 106
261, 107
261, 108
262, 39
262, 40
262, 41
262, 102
262, 103
262, 104
262, 105
262, 106
262, 107
262, 108
263, 40
263, 101
263, 102
263, 103
263, 104
263, 105
263, 106
263, 107
263, 108
264, 40
264, 100
264, 101
264, 102
264, 103
264, 104
264, 105
264, 106
264, 107
264, 108
265, 98
265, 99
265, 100
265, 101
265, 102
265, 103
265, 104
265, 105
265, 106
265, 107
265, 108
266, 86
266, 87
266, 88
266, 89
266, 90
266, 95
266, 96
266, 97
266, 98
266, 99
266, 100
266, 101
266, 102
266, 103
266, 104
266, 105
266, 106
266, 107
266, 108
267, 83
267, 84
267, 85
267, 86
267, 87
267, 88
267, 89
267, 90
267, 91
267, 92
267, 93
267, 94
267, 95
267, 96
267, 97
267, 98
267, 99
267, 100
267, 101
267, 102
267, 103
267, 104
267, 105
267, 106
267, 107
267, 108
268, 81
268, 82
268, 83
268, 84
268, 85
268, 86
268, 87
268, 88
268, 89
268, 90
268, 91
268, 92
268, 93
268, 94
268, 95
268, 96
268, 97
268, 98
268, 99
268, 100
268, 101
268, 102
268, 103
268, 104
268, 105
268, 106
268, 107
268, 108
269, 80
269, 81
269, 82
269, 83
269, 84
269, 85
269, 86
269, 87
269, 88
269, 89
269, 90
269, 91
269, 92
269, 93
269, 94
269, 95
269, 96
269, 97
269, 98
269, 99
269, 100
269, 101
269, 102
269, 103
269, 104
269, 105
269, 106
269, 107
269, 108
270, 82
270, 83
270, 84
270, 85
270, 86
270, 87
270, 88
270, 89
270, 90
270, 91
270, 92
270, 93
270, 94
270, 95
270, 96
270, 97
270, 98
270, 99
270, 100
270, 101
270, 102
270, 103
270, 104
270, 105
270, 106
270, 107
270, 108
271, 84
271, 85
271, 86
271, 87
271, 88
271, 89
271, 90
271, 91
271, 92
271, 93
271, 94
271, 95
271, 96
271, 97
271, 98
271, 99
271, 100
271, 101
271, 102
271, 103
271, 104
271, 105
271, 106
271, 107
271, 108
272, 86
272, 87
272, 88
272, 89
272, 90
272, 91
272, 92
272, 93
272, 94
272, 95
272, 96
272, 97
272, 98
272, 99
272, 100
272, 101
272, 102
272, 103
272, 104
272, 105
272, 106
272, 107
273, 91
273, 92
273, 93
273, 94
273, 95
273, 96
273, 97
273, 98
273, 99
273, 100
273, 101
273, 102
273, 103
273, 104
273, 105
273, 106
274, 97
274, 98
274, 99
274, 100
274, 101
274, 102
274, 103
274, 104
274, 105
274, 106
275, 99
275, 100
275, 101
275, 102
275, 103
275, 104
275, 105
276, 101
276, 102
276, 103
276, 104
276, 105
277, 103
277, 104
