80, 159
80, 160
80, 161
80, 162
81, 157
81, 158
81, 159
81, 160
81, 161
81, 162
81, 163
81, 164
81, 165
81, 166
81, 167
81, 168
82, 156
82, 157
82, 158
82, 159
82, 160
82, 161
82, 162
82, 163
82, 164
82, 165
82, 166
82, 167
82, 168
82, 169
82, 170
82, 171
83, 100
83, 101
83, 102
83, 103
83, 104
83, 105
83, 155
83, 156
83, 157
83, 158
83, 159
83, 160
83, 161
83, 162
83, 163
83, 164
83, 165
83, 166
83, 167
83, 168
83, 169
83, 170
83, 171
83, 172
83, 173
84, 98
84, 99
84, 100
84, 101
84, 102
84, 103
84, 104
84, 105
84, 106
84, 107
84, 155
84, 156
84, 157
84, 158
84, 159
84, 160
84, 161
84, 162
84, 163
84, 164
84, 165
84, 166
84, 167
84, 168
84, 169
84, 170
84, 171
84, 172
84, 173
84, 174
84, 175
84, 176
85, 95
85, 96
85, 97
85, 98
85, 99
85, 100
85, 101
85, 102
85, 103
85, 104
85, 105
85, 106
85, 107
85, 108
85, 109
85, 154
85, 155
85, 156
85, 157
85, 158
85, 159
85, 160
85, 161
85, 162
85, 163
85, 164
85, 165
85, 166
85, 167
85, 168
85, 169
85, 170
85, 171
85, 172
85, 173
85, 174
85, 175
85, 176
85, 177
85, 178
85, 179
86, 92
86, 93
86, 94
86, 95
86, 96
86, 97
86, 98
86, 99
86, 100
86, 101
86, 102
86, 103
86, 104
86, 105
86, 106
86, 107
86, 108
86, 109
86, 110
86, 154
86, 155
86, 156
86, 157
86, 158
86, 159
86, 160
86, 161
86, 162
86, 163
86, 164
86, 165
86, 166
86, 167
86, 168
86, 169
86, 170
86, 171
86, 172
86, 173
86, 174
86, 175
86, 176
86, 177
86, 178
86, 179
86, 180
87, 89
87, 90
87, 91
87, 92
87, 93
87, 94
87, 95
87, 96
87, 97
87, 98
87, 99
87, 100
87, 101
87, 102
87, 103
87, 104
87, 105
87, 106
87, 107
87, 108
87, 109
87, 110
87, 111
87, 153
87, 154
87, 155
87, 156
87, 157
87, 158
87, 159
87, 160
87, 161
87, 162
87, 163
87, 164
87, 165
87, 166
87, 167
87, 168
87, 169
87, 170
87, 171
87, 172
87, 173
87, 174
87, 175
87, 176
87, 177
87, 178
87, 179
87, 180
87, 181
88, 86
88, 87
88, 88
88, 89
88, 90
88, 91
88, 92
88, 93
88, 94
88, 95
88, 96
88, 97
88, 98
88, 99
88, 100
88, 101
88, 102
88, 103
88, 104
88, 105
88, 106
88, 107
88, 108
88, 109
88, 110
88, 111
88, 112
88, 153
88, 154
88, 155
88, 156
88, 157
88, 158
88, 159
88, 160
88, 161
88, 162
88, 163
88, 164
88, 165
88, 166
88, 167
88, 168
88, 169
88, 170
88, 171
88, 172
88, 173
88, 174
88, 175
88, 176
88, 177
88, 178
88, 179
88, 180
88, 181
88, 182
89, 83
89, 84
89, 85
89, 86
89, 87
89, 88
89, 89
89, 90
89, 91
89, 92
89, 93
89, 94
89, 95
89, 96
89, 97
89, 98
89, 99
89, 100
89, 101
89, 102
89, 103
89, 104
89, 105
89, 106
89, 107
89, 108
89, 109
89, 110
89, 111
89, 112
89, 113
89, 114
89, 152
89, 153
89, 154
89, 155
89, 156
89, 157
89, 158
89, 159
89, 160
89, 161
89, 162
89, 163
89, 164
89, 165
89, 166
89, 167
89, 168
89, 169
89, 170
89, 171
89, 172
89, 173
89, 174
89, 175
89, 176
89, 177
89, 178
89, 179
89, 180
89, 181
89, 182
89, 183
89, 184
90, 81
90, 82
90, 83
90, 84
90, 85
90, 86
90, 87
90, 88
90, 89
90, 90
90, 91
90, 92
90, 93
90, 94
90, 95
90, 96
90, 97
90, 98
90, 99
90, 100
90, 101
90, 102
90, 103
90, 104
90, 105
90, 106
90, 107
90, 108
90, 109
90, 110
90, 111
90, 112
90, 113
90, 114
90, 152
90, 153
90, 154
90, 155
90, 156
90, 157
90, 158
90, 159
90, 160
90, 161
90, 162
90, 163
90, 164
90, 165
90, 166
90, 167
90, 168
90, 169
90, 170
90, 171
90, 172
90, 173
90, 174
90, 175
90, 176
90, 177
90, 178
90, 179
90, 180
90, 181
90, 182
90, 183
90, 184
90, 185
91, 79
91, 80
91, 81
91, 82
91, 83
91, 84
91, 85
91, 86
91, 87
91, 88
91, 89
91, 90
91, 91
91, 92
91, 93
91, 94
91, 95
91, 96
91, 97
91, 98
91, 99
91, 100
91, 101
91, 102
91, 103
91, 104
91, 105
91, 106
91, 107
91, 108
91, 109
91, 110
91, 111
91, 112
91, 113
91, 114
91, 115
91, 151
91, 152
91, 153
91, 154
91, 155
91, 156
91, 157
91, 158
91, 159
91, 160
91, 161
91, 162
91, 163
91, 164
91, 165
91, 166
91, 167
91, 168
91, 169
91, 170
91, 171
91, 172
91, 173
91, 174
91, 175
91, 176
91, 177
91, 178
91, 179
91, 180
91, 181
91, 182
91, 183
91, 184
91, 185
91, 186
92, 76
92, 77
92, 78
92, 79
92, 80
92, 81
92, 82
92, 83
92, 84
92, 85
92, 86
92, 87
92, 88
92, 89
92, 90
92, 91
92, 92
92, 93
92, 94
92, 95
92, 96
92, 97
92, 98
92, 99
92, 100
92, 101
92, 102
92, 103
92, 104
92, 105
92, 106
92, 107
92, 108
92, 109
92, 110
92, 111
92, 112
92, 113
92, 114
92, 115
92, 116
92, 117
92, 149
92, 150
92, 151
92, 152
92, 153
92, 154
92, 155
92, 156
92, 157
92, 158
92, 159
92, 160
92, 161
92, 162
92, 163
92, 164
92, 165
92, 166
92, 167
92, 168
92, 169
92, 170
92, 171
92, 172
92, 173
92, 174
92, 175
92, 176
92, 177
92, 178
92, 179
92, 180
92, 181
92, 182
92, 183
92, 184
92, 185
92, 186
93, 74
93, 75
93, 76
93, 77
93, 78
93, 79
93, 80
93, 81
93, 82
93, 83
93, 84
93, 85
93, 86
93, 87
93, 88
93, 89
93, 90
93, 91
93, 92
93, 93
93, 94
93, 95
93, 96
93, 97
93, 98
93, 99
93, 100
93, 101
93, 102
93, 103
93, 104
93, 105
93, 106
93, 107
93, 108
93, 109
93, 110
93, 111
93, 112
93, 113
93, 114
93, 115
93, 116
93, 117
93, 118
93, 119
93, 148
93, 149
93, 150
93, 151
93, 152
93, 153
93, 154
93, 155
93, 156
93, 157
93, 158
93, 159
93, 160
93, 161
93, 162
93, 163
93, 164
93, 165
93, 166
93, 167
93, 168
93, 169
93, 170
93, 171
93, 172
93, 173
93, 174
93, 175
93, 176
93, 177
93, 178
93, 179
93, 180
93, 181
93, 182
93, 183
93, 184
93, 185
93, 186
93, 187
94, 72
94, 73
94, 74
94, 75
94, 76
94, 77
94, 78
94, 79
94, 80
94, 81
94, 82
94, 83
94, 84
94, 85
94, 86
94, 87
94, 88
94, 89
94, 90
94, 91
94, 92
94, 93
94, 94
94, 95
94, 96
94, 97
94, 98
94, 99
94, 100
94, 101
94, 102
94, 103
94, 104
94, 105
94, 106
94, 107
94, 108
94, 109
94, 110
94, 111
94, 112
94, 113
94, 114
94, 115
94, 116
94, 117
94, 118
94, 119
94, 120
94, 121
94, 146
94, 147
94, 148
94, 149
94, 150
94, 151
94, 152
94, 153
94, 154
94, 155
94, 156
94, 157
94, 158
94, 159
94, 160
94, 161
94, 162
94, 163
94, 164
94, 165
94, 166
94, 167
94, 168
94, 169
94, 170
94, 171
94, 172
94, 173
94, 174
94, 175
94, 176
94, 177
94, 178
94, 179
94, 180
94, 181
94, 182
94, 183
94, 184
94, 185
94, 186
94, 187
94, 188
95, 71
95, 72
95, 73
95, 74
95, 75
95, 76
95, 77
95, 78
95, 79
95, 80
95, 81
95, 82
95, 83
95, 84
95, 85
95, 86
95, 87
95, 88
95, 89
95, 90
95, 91
95, 92
95, 93
95, 94
95, 95
95, 96
95, 97
95, 98
95, 99
95, 100
95, 101
95, 102
95, 103
95, 104
95, 105
95, 106
95, 107
95, 108
95, 109
95, 110
95, 111
95, 112
95, 113
95, 114
95, 115
95, 116
95, 117
95, 118
95, 119
95, 120
95, 121
95, 122
95, 123
95, 145
95, 146
95, 147
95, 148
95, 149
95, 150
95, 151
95, 152
95, 153
95, 154
95, 155
95, 156
95, 157
95, 158
95, 159
95, 160
95, 161
95, 162
95, 163
95, 164
95, 165
95, 166
95, 167
95, 168
95, 169
95, 170
95, 171
95, 172
95, 173
95, 174
95, 175
95, 176
95, 177
95, 178
95, 179
95, 180
95, 181
95, 182
95, 183
95, 184
95, 185
95, 186
95, 187
95, 188
95, 189
96, 69
96, 70
96, 71
96, 72
96, 73
96, 74
96, 75
96, 76
96, 77
96, 78
96, 79
96, 80
96, 81
96, 82
96, 83
96, 84
96, 85
96, 86
96, 87
96, 88
96, 89
96, 90
96, 91
96, 92
96, 93
96, 94
96, 95
96, 96
96, 97
96, 98
96, 99
96, 100
96, 101
96, 102
96, 103
96, 104
96, 105
96, 106
96, 107
96, 108
96, 109
96, 110
96, 111
96, 112
96, 113
96, 114
96, 115
96, 116
96, 117
96, 118
96, 119
96, 120
96, 121
96, 122
96, 123
96, 124
96, 125
96, 126
96, 127
96, 128
96, 129
96, 142
96, 143
96, 144
96, 145
96, 146
96, 147
96, 148
96, 149
96, 150
96, 151
96, 152
96, 153
96, 154
96, 155
96, 156
96, 157
96, 158
96, 159
96, 160
96, 161
96, 162
96, 163
96, 164
96, 165
96, 166
96, 167
96, 168
96, 169
96, 170
96, 171
96, 172
96, 173
96, 174
96, 175
96, 176
96, 177
96, 178
96, 179
96, 180
96, 181
96, 182
96, 183
96, 184
96, 185
96, 186
96, 187
96, 188
96, 189
96, 190
97, 68
97, 69
97, 70
97, 71
97, 72
97, 73
97, 74
97, 75
97, 76
97, 77
97, 78
97, 79
97, 80
97, 81
97, 82
97, 83
97, 84
97, 85
97, 86
97, 87
97, 88
97, 89
97, 90
97, 91
97, 92
97, 93
97, 94
97, 95
97, 96
97, 97
97, 98
97, 99
97, 100
97, 101
97, 102
97, 103
97, 104
97, 105
97, 106
97, 107
97, 108
97, 109
97, 110
97, 111
97, 112
97, 113
97, 114
97, 115
97, 116
97, 117
97, 118
97, 119
97, 120
97, 121
97, 122
97, 123
97, 124
97, 125
97, 126
97, 127
97, 128
97, 129
97, 130
97, 131
97, 132
97, 133
97, 134
97, 135
97, 136
97, 137
97, 138
97, 139
97, 140
97, 141
97, 142
97, 143
97, 144
97, 145
97, 146
97, 147
97, 148
97, 149
97, 150
97, 151
97, 152
97, 153
97, 154
97, 155
97, 156
97, 157
97, 158
97, 159
97, 160
97, 161
97, 162
97, 163
97, 164
97, 165
97, 166
97, 167
97, 168
97, 169
97, 170
97, 171
97, 172
97, 173
97, 174
97, 175
97, 176
97, 177
97, 178
97, 179
97, 180
97, 181
97, 182
97, 183
97, 184
97, 185
97, 186
97, 187
97, 188
97, 189
97, 190
97, 191
98, 67
98, 68
98, 69
98, 70
98, 71
98, 72
98, 73
98, 74
98, 75
98, 76
98, 77
98, 78
98, 79
98, 80
98, 81
98, 82
98, 83
98, 84
98, 85
98, 86
98, 87
98, 88
98, 89
98, 90
98, 91
98, 92
98, 93
98, 94
98, 95
98, 96
98, 97
98, 98
98, 99
98, 100
98, 101
98, 102
98, 103
98, 104
98, 105
98, 106
98, 107
98, 108
98, 109
98, 110
98, 111
98, 112
98, 113
98, 114
98, 115
98, 116
98, 117
98, 118
98, 119
98, 120
98, 121
98, 122
98, 123
98, 124
98, 125
98, 126
98, 127
98, 128
98, 129
98, 130
98, 131
98, 132
98, 133
98, 134
98, 135
98, 136
98, 137
98, 138
98, 139
98, 140
98, 141
98, 142
98, 143
98, 144
98, 145
98, 146
98, 147
98, 148
98, 149
98, 150
98, 151
98, 152
98, 153
98, 154
98, 155
98, 156
98, 157
98, 158
98, 159
98, 160
98, 161
98, 162
98, 163
98, 164
98, 165
98, 166
98, 167
98, 168
98, 169
98, 170
98, 171
98, 172
98, 173
98, 174
98, 175
98, 176
98, 177
98, 178
98, 179
98, 180
98, 181
98, 182
98, 183
98, 184
98, 185
98, 186
98, 187
98, 188
98, 189
98, 190
98, 191
98, 192
99, 65
99, 66
99, 67
99, 68
99, 69
99, 70
99, 71
99, 72
99, 73
99, 74
99, 75
99, 76
99, 77
99, 78
99, 79
99, 80
99, 81
99, 82
99, 83
99, 84
99, 85
99, 86
99, 87
99, 88
99, 89
99, 90
99, 91
99, 92
99, 93
99, 94
99, 95
99, 96
99, 97
99, 98
99, 99
99, 100
99, 101
99, 102
99, 103
99, 104
99, 105
99, 106
99, 107
99, 108
99, 109
99, 110
99, 111
99, 112
99, 113
99, 114
99, 115
99, 116
99, 117
99, 118
99, 119
99, 120
99, 121
99, 122
99, 123
99, 124
99, 125
99, 126
99, 127
99, 128
99, 129
99, 130
99, 131
99, 132
99, 133
99, 134
99, 135
99, 136
99, 137
99, 138
99, 139
99, 140
99, 141
99, 142
99, 143
99, 144
99, 145
99, 146
99, 147
99, 148
99, 149
99, 150
99, 151
99, 152
99, 153
99, 154
99, 155
99, 156
99, 157
99, 158
99, 159
99, 160
99, 161
99, 162
99, 163
99, 164
99, 165
99, 166
99, 167
99, 168
99, 169
99, 170
99, 171
99, 172
99, 173
99, 174
99, 175
99, 176
99, 177
99, 178
99, 179
99, 180
99, 181
99, 182
99, 183
99, 184
99, 185
99, 186
99, 187
99, 188
99, 189
99, 190
99, 191
99, 192
100, 64
100, 65
100, 66
100, 67
100, 68
100, 69
100, 70
100, 71
100, 72
100, 73
100, 74
100, 75
100, 76
100, 77
100, 78
100, 79
100, 80
100, 81
100, 82
100, 83
100, 84
100, 85
100, 86
100, 87
100, 88
100, 89
100, 90
100, 91
100, 92
100, 93
100, 94
100, 95
100, 96
100, 97
100, 98
100, 99
100, 100
100, 101
100, 102
100, 103
100, 104
100, 105
100, 106
100, 107
100, 108
100, 109
100, 110
100, 111
100, 112
100, 113
100, 114
100, 115
100, 116
100, 117
100, 118
100, 119
100, 120
100, 121
100, 122
100, 123
100, 124
100, 125
100, 126
100, 127
100, 128
100, 129
100, 130
100, 131
100, 132
100, 133
100, 134
100, 135
100, 136
100, 137
100, 138
100, 139
100, 140
100, 141
100, 142
100, 143
100, 144
100, 145
100, 146
100, 147
100, 148
100, 149
100, 150
100, 151
100, 152
100, 153
100, 154
100, 155
100, 156
100, 157
100, 158
100, 159
100, 160
100, 161
100, 162
100, 163
100, 164
100, 165
100, 166
100, 167
100, 168
100, 169
100, 170
100, 171
100, 172
100, 173
100, 174
100, 175
100, 176
100, 177
100, 178
100, 179
100, 180
100, 181
100, 182
100, 183
100, 184
100, 185
100, 186
100, 187
100, 188
100, 189
100, 190
100, 191
100, 192
100, 193
101, 63
101, 64
101, 65
101, 66
101, 67
101, 68
101, 69
101, 70
101, 71
101, 72
101, 73
101, 74
101, 75
101, 76
101, 77
101, 78
101, 79
101, 80
101, 81
101, 82
101, 83
101, 84
101, 85
101, 86
101, 87
101, 88
101, 89
101, 90
101, 91
101, 92
101, 93
101, 94
101, 95
101, 96
101, 97
101, 98
101, 99
101, 100
101, 101
101, 102
101, 103
101, 104
101, 105
101, 106
101, 107
101, 108
101, 109
101, 110
101, 111
101, 112
101, 113
101, 114
101, 115
101, 116
101, 117
101, 118
101, 119
101, 120
101, 121
101, 122
101, 123
101, 124
101, 125
101, 126
101, 127
101, 128
101, 129
101, 130
101, 131
101, 132
101, 133
101, 134
101, 135
101, 136
101, 137
101, 138
101, 139
101, 140
101, 141
101, 142
101, 143
101, 144
101, 145
101, 146
101, 147
101, 148
101, 149
101, 150
101, 151
101, 152
101, 153
101, 154
101, 155
101, 156
101, 157
101, 158
101, 159
101, 160
101, 161
101, 162
101, 163
101, 164
101, 165
101, 166
101, 167
101, 168
101, 169
101, 170
101, 171
101, 172
101, 173
101, 174
101, 175
101, 176
101, 177
101, 178
101, 179
101, 180
101, 181
101, 182
101, 183
101, 184
101, 185
101, 186
101, 187
101, 188
101, 189
101, 190
101, 191
101, 192
101, 193
102, 62
102, 63
102, 64
102, 65
102, 66
102, 67
102, 68
102, 69
102, 70
102, 71
102, 72
102, 73
102, 74
102, 75
102, 76
102, 77
102, 78
102, 79
102, 80
102, 81
102, 82
102, 83
102, 84
102, 85
102, 86
102, 87
102, 88
102, 89
102, 90
102, 91
102, 92
102, 93
102, 94
102, 95
102, 96
102, 97
102, 98
102, 99
102, 100
102, 101
102, 102
102, 103
102, 104
102, 105
102, 106
102, 107
102, 108
102, 109
102, 110
102, 111
102, 112
102, 113
102, 114
102, 115
102, 116
102, 117
102, 118
102, 119
102, 120
102, 121
102, 122
102, 123
102, 124
102, 125
102, 126
102, 127
102, 128
102, 129
102, 130
102, 131
102, 132
102, 133
102, 134
102, 135
102, 136
102, 137
102, 138
102, 139
102, 140
102, 141
102, 142
102, 143
102, 144
102, 145
102, 146
102, 147
102, 148
102, 149
102, 150
102, 151
102, 152
102, 153
102, 154
102, 155
102, 156
102, 157
102, 158
102, 159
102, 160
102, 161
102, 162
102, 163
102, 164
102, 165
102, 166
102, 167
102, 168
102, 169
102, 170
102, 171
102, 172
102, 173
102, 174
102, 175
102, 176
102, 177
102, 178
102, 179
102, 180
102, 181
102, 182
102, 183
102, 184
102, 185
102, 186
102, 187
102, 188
102, 189
102, 190
102, 191
102, 192
102, 193
102, 194
103, 61
103, 62
103, 63
103, 64
103, 65
103, 66
103, 67
103, 68
103, 69
103, 70
103, 71
103, 72
103, 73
103, 74
103, 75
103, 76
103, 77
103, 78
103, 79
103, 80
103, 81
103, 82
103, 83
103, 84
103, 85
103, 86
103, 87
103, 88
103, 89
103, 90
103, 91
103, 92
103, 93
103, 94
103, 95
103, 96
103, 97
103, 98
103, 99
103, 100
103, 101
103, 102
103, 103
103, 104
103, 105
103, 106
103, 107
103, 108
103, 109
103, 110
103, 111
103, 112
103, 113
103, 114
103, 115
103, 116
103, 117
103, 118
103, 119
103, 120
103, 121
103, 122
103, 123
103, 124
103, 125
103, 126
103, 127
103, 128
103, 129
103, 130
103, 131
103, 132
103, 133
103, 134
103, 135
103, 136
103, 137
103, 138
103, 139
103, 140
103, 141
103, 142
103, 143
103, 144
103, 145
103, 146
103, 147
103, 148
103, 149
103, 150
103, 151
103, 152
103, 153
103, 154
103, 155
103, 156
103, 157
103, 158
103, 159
103, 160
103, 161
103, 162
103, 163
103, 164
103, 165
103, 166
103, 167
103, 168
103, 169
103, 170
103, 171
103, 172
103, 173
103, 174
103, 175
103, 176
103, 177
103, 178
103, 179
103, 180
103, 181
103, 182
103, 183
103, 184
103, 185
103, 186
103, 187
103, 188
103, 189
103, 190
103, 191
103, 192
103, 193
103, 194
103, 195
104, 60
104, 61
104, 62
104, 63
104, 64
104, 65
104, 66
104, 67
104, 68
104, 69
104, 70
104, 71
104, 72
104, 73
104, 74
104, 75
104, 76
104, 77
104, 78
104, 79
104, 80
104, 81
104, 82
104, 83
104, 84
104, 85
104, 86
104, 87
104, 88
104, 89
104, 90
104, 91
104, 92
104, 93
104, 94
104, 95
104, 96
104, 97
104, 98
104, 99
104, 100
104, 101
104, 102
104, 103
104, 104
104, 105
104, 106
104, 107
104, 108
104, 109
104, 110
104, 111
104, 112
104, 113
104, 114
104, 115
104, 116
104, 117
104, 118
104, 119
104, 120
104, 121
104, 122
104, 123
104, 124
104, 125
104, 126
104, 127
104, 128
104, 129
104, 130
104, 131
104, 132
104, 133
104, 134
104, 135
104, 136
104, 137
104, 138
104, 139
104, 140
104, 141
104, 142
104, 143
104, 144
104, 145
104, 146
104, 147
104, 148
104, 149
104, 150
104, 151
104, 152
104, 153
104, 154
104, 155
104, 156
104, 157
104, 158
104, 159
104, 160
104, 161
104, 162
104, 163
104, 164
104, 165
104, 166
104, 167
104, 168
104, 169
104, 170
104, 171
104, 172
104, 173
104, 174
104, 175
104, 176
104, 177
104, 178
104, 179
104, 180
104, 181
104, 182
104, 183
104, 184
104, 185
104, 186
104, 187
104, 188
104, 189
104, 190
104, 191
104, 192
104, 193
104, 194
104, 195
104, 196
105, 58
105, 59
105, 60
105, 61
105, 62
105, 63
105, 64
105, 65
105, 66
105, 67
105, 68
105, 69
105, 70
105, 71
105, 72
105, 73
105, 74
105, 75
105, 76
105, 77
105, 78
105, 79
105, 80
105, 81
105, 82
105, 83
105, 84
105, 85
105, 86
105, 87
105, 88
105, 89
105, 90
105, 91
105, 92
105, 93
105, 94
105, 95
105, 96
105, 97
105, 98
105, 99
105, 100
105, 101
105, 102
105, 103
105, 104
105, 105
105, 106
105, 107
105, 108
105, 109
105, 110
105, 111
105, 112
105, 113
105, 114
105, 115
105, 116
105, 117
105, 118
105, 119
105, 120
105, 121
105, 122
105, 123
105, 124
105, 125
105, 126
105, 127
105, 128
105, 129
105, 130
105, 131
105, 132
105, 133
105, 134
105, 135
105, 136
105, 137
105, 138
105, 139
105, 140
105, 141
105, 142
105, 143
105, 144
105, 145
105, 146
105, 147
105, 148
105, 149
105, 150
105, 151
105, 152
105, 153
105, 154
105, 155
105, 156
105, 157
105, 158
105, 159
105, 160
105, 161
105, 162
105, 163
105, 164
105, 165
105, 166
105, 167
105, 168
105, 169
105, 170
105, 171
105, 172
105, 173
105, 174
105, 175
105, 176
105, 177
105, 178
105, 179
105, 180
105, 181
105, 182
105, 183
105, 184
105, 185
105, 186
105, 187
105, 188
105, 189
105, 190
105, 191
105, 192
105, 193
105, 194
105, 195
105, 196
105, 197
106, 57
106, 58
106, 59
106, 60
106, 61
106, 62
106, 63
106, 64
106, 65
106, 66
106, 67
106, 68
106, 69
106, 70
106, 71
106, 72
106, 73
106, 74
106, 75
106, 76
106, 77
106, 78
106, 79
106, 80
106, 81
106, 82
106, 83
106, 84
106, 85
106, 86
106, 87
106, 88
106, 89
106, 90
106, 91
106, 92
106, 93
106, 94
106, 95
106, 96
106, 97
106, 98
106, 99
106, 100
106, 101
106, 102
106, 103
106, 104
106, 105
106, 106
106, 107
106, 108
106, 109
106, 110
106, 111
106, 112
106, 113
106, 114
106, 115
106, 116
106, 117
106, 118
106, 119
106, 120
106, 121
106, 122
106, 123
106, 124
106, 125
106, 126
106, 127
106, 128
106, 129
106, 130
106, 131
106, 132
106, 133
106, 134
106, 135
106, 136
106, 137
106, 138
106, 139
106, 140
106, 141
106, 142
106, 143
106, 144
106, 145
106, 146
106, 147
106, 148
106, 149
106, 150
106, 151
106, 152
106, 153
106, 154
106, 155
106, 156
106, 157
106, 158
106, 159
106, 160
106, 161
106, 162
106, 163
106, 164
106, 165
106, 166
106, 167
106, 168
106, 169
106, 170
106, 171
106, 172
106, 173
106, 174
106, 175
106, 176
106, 177
106, 178
106, 179
106, 180
106, 181
106, 182
106, 183
106, 184
106, 185
106, 186
106, 187
106, 188
106, 189
106, 190
106, 191
106, 192
106, 193
106, 194
106, 195
106, 196
106, 197
106, 198
107, 56
107, 57
107, 58
107, 59
107, 60
107, 61
107, 62
107, 63
107, 64
107, 65
107, 66
107, 67
107, 68
107, 69
107, 70
107, 71
107, 72
107, 73
107, 74
107, 75
107, 76
107, 77
107, 78
107, 79
107, 80
107, 81
107, 82
107, 83
107, 84
107, 85
107, 86
107, 87
107, 88
107, 89
107, 90
107, 91
107, 92
107, 93
107, 94
107, 95
107, 96
107, 97
107, 98
107, 99
107, 100
107, 101
107, 102
107, 103
107, 104
107, 105
107, 106
107, 107
107, 108
107, 109
107, 110
107, 111
107, 112
107, 113
107, 114
107, 115
107, 116
107, 117
107, 118
107, 119
107, 120
107, 121
107, 122
107, 123
107, 124
107, 125
107, 126
107, 127
107, 128
107, 129
107, 130
107, 131
107, 132
107, 133
107, 134
107, 135
107, 136
107, 137
107, 138
107, 139
107, 140
107, 141
107, 142
107, 143
107, 144
107, 145
107, 146
107, 147
107, 148
107, 149
107, 150
107, 151
107, 152
107, 153
107, 154
107, 155
107, 156
107, 157
107, 158
107, 159
107, 160
107, 161
107, 162
107, 163
107, 164
107, 165
107, 166
107, 167
107, 168
107, 169
107, 170
107, 171
107, 172
107, 173
107, 174
107, 175
107, 176
107, 177
107, 178
107, 179
107, 180
107, 181
107, 182
107, 183
107, 184
107, 185
107, 186
107, 187
107, 188
107, 189
107, 190
107, 191
107, 192
107, 193
107, 194
107, 195
107, 196
107, 197
107, 198
108, 55
108, 56
108, 57
108, 58
108, 59
108, 60
108, 61
108, 62
108, 63
108, 64
108, 65
108, 66
108, 67
108, 68
108, 69
108, 70
108, 71
108, 72
108, 73
108, 74
108, 75
108, 76
108, 77
108, 78
108, 79
108, 80
108, 81
108, 82
108, 83
108, 84
108, 85
108, 86
108, 87
108, 88
108, 89
108, 90
108, 91
108, 92
108, 93
108, 94
108, 95
108, 96
108, 97
108, 98
108, 99
108, 100
108, 101
108, 102
108, 103
108, 104
108, 105
108, 106
108, 107
108, 108
108, 109
108, 110
108, 111
108, 112
108, 113
108, 114
108, 115
108, 116
108, 117
108, 118
108, 119
108, 120
108, 121
108, 122
108, 123
108, 124
108, 125
108, 126
108, 127
108, 128
108, 129
108, 130
108, 131
108, 132
108, 133
108, 134
108, 135
108, 136
108, 137
108, 138
108, 139
108, 140
108, 141
108, 142
108, 143
108, 144
108, 145
108, 146
108, 147
108, 148
108, 149
108, 150
108, 151
108, 152
108, 153
108, 154
108, 155
108, 156
108, 157
108, 158
108, 159
108, 160
108, 161
108, 162
108, 163
108, 164
108, 165
108, 166
108, 167
108, 168
108, 169
108, 170
108, 171
108, 172
108, 173
108, 174
108, 175
108, 176
108, 177
108, 178
108, 179
108, 180
108, 181
108, 182
108, 183
108, 184
108, 185
108, 186
108, 187
108, 188
108, 189
108, 190
108, 191
108, 192
108, 193
108, 194
108, 195
108, 196
108, 197
108, 198
109, 53
109, 54
109, 55
109, 56
109, 57
109, 58
109, 59
109, 60
109, 61
109, 62
109, 63
109, 64
109, 65
109, 66
109, 67
109, 68
109, 69
109, 70
109, 71
109, 72
109, 73
109, 74
109, 75
109, 76
109, 77
109, 78
109, 79
109, 80
109, 81
109, 82
109, 83
109, 84
109, 85
109, 86
109, 87
109, 88
109, 89
109, 90
109, 91
109, 92
109, 93
109, 94
109, 95
109, 96
109, 97
109, 98
109, 99
109, 100
109, 101
109, 102
109, 103
109, 104
109, 105
109, 106
109, 107
109, 108
109, 109
109, 110
109, 111
109, 112
109, 113
109, 114
109, 115
109, 116
109, 117
109, 118
109, 119
109, 120
109, 121
109, 122
109, 123
109, 124
109, 125
109, 126
109, 127
109, 128
109, 129
109, 130
109, 131
109, 132
109, 133
109, 134
109, 135
109, 136
109, 137
109, 138
109, 139
109, 140
109, 141
109, 142
109, 143
109, 144
109, 145
109, 146
109, 147
109, 148
109, 149
109, 150
109, 151
109, 152
109, 153
109, 154
109, 155
109, 156
109, 157
109, 158
109, 159
109, 160
109, 161
109, 162
109, 163
109, 164
109, 165
109, 166
109, 167
109, 168
109, 169
109, 170
109, 171
109, 172
109, 173
109, 174
109, 175
109, 176
109, 177
109, 178
109, 179
109, 180
109, 181
109, 182
109, 183
109, 184
109, 185
109, 186
109, 187
109, 188
109, 189
109, 190
109, 191
109, 192
109, 193
109, 194
109, 195
109, 196
109, 197
109, 198
110, 53
110, 54
110, 55
110, 56
110, 57
110, 58
110, 59
110, 60
110, 61
110, 62
110, 63
110, 64
110, 65
110, 66
110, 67
110, 68
110, 69
110, 70
110, 71
110, 72
110, 73
110, 74
110, 75
110, 76
110, 77
110, 78
110, 79
110, 80
110, 81
110, 82
110, 83
110, 84
110, 85
110, 86
110, 87
110, 88
110, 89
110, 90
110, 91
110, 92
110, 93
110, 94
110, 95
110, 96
110, 97
110, 98
110, 99
110, 100
110, 101
110, 102
110, 103
110, 104
110, 105
110, 106
110, 107
110, 108
110, 109
110, 110
110, 111
110, 112
110, 113
110, 114
110, 115
110, 116
110, 117
110, 118
110, 119
110, 120
110, 121
110, 122
110, 123
110, 124
110, 125
110, 126
110, 127
110, 128
110, 129
110, 130
110, 131
110, 132
110, 133
110, 134
110, 135
110, 136
110, 137
110, 138
110, 139
110, 140
110, 141
110, 142
110, 143
110, 144
110, 145
110, 146
110, 147
110, 148
110, 149
110, 150
110, 151
110, 152
110, 153
110, 154
110, 155
110, 156
110, 157
110, 158
110, 159
110, 160
110, 161
110, 162
110, 163
110, 164
110, 165
110, 166
110, 167
110, 168
110, 169
110, 170
110, 171
110, 172
110, 173
110, 174
110, 175
110, 176
110, 177
110, 178
110, 179
110, 180
110, 181
110, 182
110, 183
110, 184
110, 185
110, 186
110, 187
110, 188
110, 189
110, 190
110, 191
110, 192
110, 193
110, 194
110, 195
110, 196
110, 197
110, 198
110, 199
111, 52
111, 53
111, 54
111, 55
111, 56
111, 57
111, 58
111, 59
111, 60
111, 61
111, 62
111, 63
111, 64
111, 65
111, 66
111, 67
111, 68
111, 69
111, 70
111, 71
111, 72
111, 73
111, 74
111, 75
111, 76
111, 77
111, 78
111, 79
111, 80
111, 81
111, 82
111, 83
111, 84
111, 85
111, 86
111, 87
111, 88
111, 89
111, 90
111, 91
111, 92
111, 93
111, 94
111, 95
111, 96
111, 97
111, 98
111, 99
111, 100
111, 101
111, 102
111, 103
111, 104
111, 105
111, 106
111, 107
111, 108
111, 109
111, 110
111, 111
111, 112
111, 113
111, 114
111, 115
111, 116
111, 117
111, 118
111, 119
111, 120
111, 121
111, 122
111, 123
111, 124
111, 125
111, 126
111, 127
111, 128
111, 129
111, 130
111, 131
111, 132
111, 133
111, 134
111, 135
111, 136
111, 137
111, 138
111, 139
111, 140
111, 141
111, 142
111, 143
111, 144
111, 145
111, 146
111, 147
111, 148
111, 149
111, 150
111, 151
111, 152
111, 153
111, 154
111, 155
111, 156
111, 157
111, 158
111, 159
111, 160
111, 161
111, 162
111, 163
111, 164
111, 165
111, 166
111, 167
111, 168
111, 169
111, 170
111, 171
111, 172
111, 173
111, 174
111, 175
111, 176
111, 177
111, 178
111, 179
111, 180
111, 181
111, 182
111, 183
111, 184
111, 185
111, 186
111, 187
111, 188
111, 189
111, 190
111, 191
111, 192
111, 193
111, 194
111, 195
111, 196
111, 197
111, 198
111, 199
112, 52
112, 53
112, 54
112, 55
112, 56
112, 57
112, 58
112, 59
112, 60
112, 61
112, 62
112, 63
112, 64
112, 65
112, 66
112, 67
112, 68
112, 69
112, 70
112, 71
112, 72
112, 73
112, 74
112, 75
112, 76
112, 77
112, 78
112, 79
112, 80
112, 81
112, 82
112, 83
112, 84
112, 85
112, 86
112, 87
112, 88
112, 89
112, 90
112, 91
112, 92
112, 93
112, 94
112, 95
112, 96
112, 97
112, 98
112, 99
112, 100
112, 101
112, 102
112, 103
112, 104
112, 105
112, 106
112, 107
112, 108
112, 109
112, 110
112, 111
112, 112
112, 113
112, 114
112, 115
112, 116
112, 117
112, 118
112, 119
112, 120
112, 121
112, 122
112, 123
112, 124
112, 125
112, 126
112, 127
112, 128
112, 129
112, 130
112, 131
112, 132
112, 133
112, 134
112, 135
112, 136
112, 137
112, 138
112, 139
112, 140
112, 141
112, 142
112, 143
112, 144
112, 145
112, 146
112, 147
112, 148
112, 149
112, 150
112, 151
112, 152
112, 153
112, 154
112, 155
112, 156
112, 157
112, 158
112, 159
112, 160
112, 161
112, 162
112, 163
112, 164
112, 165
112, 166
112, 167
112, 168
112, 169
112, 170
112, 171
112, 172
112, 173
112, 174
112, 175
112, 176
112, 177
112, 178
112, 179
112, 180
112, 181
112, 182
112, 183
112, 184
112, 185
112, 186
112, 187
112, 188
112, 189
112, 190
112, 191
112, 192
112, 193
112, 194
112, 195
112, 196
112, 197
112, 198
112, 199
112, 200
113, 52
113, 53
113, 54
113, 55
113, 56
113, 57
113, 58
113, 59
113, 60
113, 61
113, 62
113, 63
113, 64
113, 65
113, 66
113, 67
113, 68
113, 69
113, 70
113, 71
113, 72
113, 73
113, 74
113, 75
113, 76
113, 77
113, 78
113, 79
113, 80
113, 81
113, 82
113, 83
113, 84
113, 85
113, 86
113, 87
113, 88
113, 89
113, 90
113, 91
113, 92
113, 93
113, 94
113, 95
113, 96
113, 97
113, 98
113, 99
113, 100
113, 101
113, 102
113, 103
113, 104
113, 105
113, 106
113, 107
113, 108
113, 109
113, 110
113, 111
113, 112
113, 113
113, 114
113, 115
113, 116
113, 117
113, 118
113, 119
113, 120
113, 121
113, 122
113, 123
113, 124
113, 125
113, 126
113, 127
113, 128
113, 129
113, 130
113, 131
113, 132
113, 133
113, 134
113, 135
113, 136
113, 137
113, 138
113, 139
113, 140
113, 141
113, 142
113, 143
113, 144
113, 145
113, 146
113, 147
113, 148
113, 149
113, 150
113, 151
113, 152
113, 153
113, 154
113, 155
113, 156
113, 157
113, 158
113, 159
113, 160
113, 161
113, 162
113, 163
113, 164
113, 165
113, 166
113, 167
113, 168
113, 169
113, 170
113, 171
113, 172
113, 173
113, 174
113, 175
113, 176
113, 177
113, 178
113, 179
113, 180
113, 181
113, 182
113, 183
113, 184
113, 185
113, 186
113, 187
113, 188
113, 189
113, 190
113, 191
113, 192
113, 193
113, 194
113, 195
113, 196
113, 197
113, 198
113, 199
113, 200
113, 201
114, 52
114, 53
114, 54
114, 55
114, 56
114, 57
114, 58
114, 59
114, 60
114, 61
114, 62
114, 63
114, 64
114, 65
114, 66
114, 67
114, 68
114, 69
114, 70
114, 71
114, 72
114, 73
114, 74
114, 75
114, 76
114, 77
114, 78
114, 79
114, 80
114, 81
114, 82
114, 83
114, 84
114, 85
114, 86
114, 87
114, 88
114, 89
114, 90
114, 91
114, 92
114, 93
114, 94
114, 95
114, 96
114, 97
114, 98
114, 99
114, 100
114, 101
114, 102
114, 103
114, 104
114, 105
114, 106
114, 107
114, 108
114, 109
114, 110
114, 111
114, 112
114, 113
114, 114
114, 115
114, 116
114, 117
114, 118
114, 119
114, 120
114, 121
114, 122
114, 123
114, 124
114, 125
114, 126
114, 127
114, 128
114, 129
114, 130
114, 131
114, 132
114, 133
114, 134
114, 135
114, 136
114, 137
114, 138
114, 139
114, 140
114, 141
114, 142
114, 143
114, 144
114, 145
114, 146
114, 147
114, 148
114, 149
114, 150
114, 151
114, 152
114, 153
114, 154
114, 155
114, 156
114, 157
114, 158
114, 159
114, 160
114, 161
114, 162
114, 163
114, 164
114, 165
114, 166
114, 167
114, 168
114, 169
114, 170
114, 171
114, 172
114, 173
114, 174
114, 175
114, 176
114, 177
114, 178
114, 179
114, 180
114, 181
114, 182
114, 183
114, 184
114, 185
114, 186
114, 187
114, 188
114, 189
114, 190
114, 191
114, 192
114, 193
114, 194
114, 195
114, 196
114, 197
114, 198
114, 199
114, 200
114, 201
114, 202
115, 52
115, 53
115, 54
115, 55
115, 56
115, 57
115, 58
115, 59
115, 60
115, 61
115, 62
115, 63
115, 64
115, 65
115, 66
115, 67
115, 68
115, 69
115, 70
115, 71
115, 72
115, 73
115, 74
115, 75
115, 76
115, 77
115, 78
115, 79
115, 80
115, 81
115, 82
115, 83
115, 84
115, 85
115, 86
115, 87
115, 88
115, 89
115, 90
115, 91
115, 92
115, 93
115, 94
115, 95
115, 96
115, 97
115, 98
115, 99
115, 100
115, 101
115, 102
115, 103
115, 104
115, 105
115, 106
115, 107
115, 108
115, 109
115, 110
115, 111
115, 112
115, 113
115, 114
115, 115
115, 116
115, 117
115, 118
115, 119
115, 120
115, 121
115, 122
115, 123
115, 124
115, 125
115, 126
115, 127
115, 128
115, 129
115, 130
115, 131
115, 132
115, 133
115, 134
115, 135
115, 136
115, 137
115, 138
115, 139
115, 140
115, 141
115, 142
115, 143
115, 144
115, 145
115, 146
115, 147
115, 148
115, 149
115, 150
115, 151
115, 152
115, 153
115, 154
115, 155
115, 156
115, 157
115, 158
115, 159
115, 160
115, 161
115, 162
115, 163
115, 164
115, 165
115, 166
115, 167
115, 168
115, 169
115, 170
115, 171
115, 172
115, 173
115, 174
115, 175
115, 176
115, 177
115, 178
115, 179
115, 180
115, 181
115, 182
115, 183
115, 184
115, 185
115, 186
115, 187
115, 188
115, 189
115, 190
115, 191
115, 192
115, 193
115, 194
115, 195
115, 196
115, 197
115, 198
115, 199
115, 200
115, 201
115, 202
115, 203
116, 52
116, 53
116, 54
116, 55
116, 56
116, 57
116, 58
116, 59
116, 60
116, 61
116, 62
116, 63
116, 64
116, 65
116, 66
116, 67
116, 68
116, 69
116, 70
116, 71
116, 72
116, 73
116, 74
116, 75
116, 76
116, 77
116, 78
116, 79
116, 80
116, 81
116, 82
116, 83
116, 84
116, 85
116, 86
116, 87
116, 88
116, 89
116, 90
116, 91
116, 92
116, 93
116, 94
116, 95
116, 96
116, 97
116, 98
116, 99
116, 100
116, 101
116, 102
116, 103
116, 104
116, 105
116, 106
116, 107
116, 108
116, 109
116, 110
116, 111
116, 112
116, 113
116, 114
116, 115
116, 116
116, 117
116, 118
116, 119
116, 120
116, 121
116, 122
116, 123
116, 124
116, 125
116, 126
116, 127
116, 128
116, 129
116, 130
116, 131
116, 132
116, 133
116, 134
116, 135
116, 136
116, 137
116, 138
116, 139
116, 140
116, 141
116, 142
116, 143
116, 144
116, 145
116, 146
116, 147
116, 148
116, 149
116, 150
116, 151
116, 152
116, 153
116, 154
116, 155
116, 156
116, 157
116, 158
116, 159
116, 160
116, 161
116, 162
116, 163
116, 164
116, 165
116, 166
116, 167
116, 168
116, 169
116, 170
116, 171
116, 172
116, 173
116, 174
116, 175
116, 176
116, 177
116, 178
116, 179
116, 180
116, 181
116, 182
116, 183
116, 184
116, 185
116, 186
116, 187
116, 188
116, 189
116, 190
116, 191
116, 192
116, 193
116, 194
116, 195
116, 196
116, 197
116, 198
116, 199
116, 200
116, 201
116, 202
116, 203
117, 52
117, 53
117, 54
117, 55
117, 56
117, 57
117, 58
117, 59
117, 60
117, 61
117, 62
117, 63
117, 64
117, 65
117, 66
117, 67
117, 68
117, 69
117, 70
117, 71
117, 72
117, 73
117, 74
117, 75
117, 76
117, 77
117, 78
117, 79
117, 80
117, 81
117, 82
117, 83
117, 84
117, 85
117, 86
117, 87
117, 88
117, 89
117, 90
117, 91
117, 92
117, 93
117, 94
117, 95
117, 96
117, 97
117, 98
117, 99
117, 100
117, 101
117, 102
117, 103
117, 104
117, 105
117, 106
117, 107
117, 108
117, 109
117, 110
117, 111
117, 112
117, 113
117, 114
117, 115
117, 116
117, 117
117, 118
117, 119
117, 120
117, 121
117, 122
117, 123
117, 124
117, 125
117, 126
117, 127
117, 128
117, 129
117, 130
117, 131
117, 132
117, 133
117, 134
117, 135
117, 136
117, 137
117, 138
117, 139
117, 140
117, 141
117, 142
117, 143
117, 144
117, 145
117, 146
117, 147
117, 148
117, 149
117, 150
117, 151
117, 152
117, 153
117, 154
117, 155
117, 156
117, 157
117, 158
117, 159
117, 160
117, 161
117, 162
117, 163
117, 164
117, 165
117, 166
117, 167
117, 168
117, 169
117, 170
117, 171
117, 172
117, 173
117, 174
117, 175
117, 176
117, 177
117, 178
117, 179
117, 180
117, 181
117, 182
117, 183
117, 184
117, 185
117, 186
117, 187
117, 188
117, 189
117, 190
117, 191
117, 192
117, 193
117, 194
117, 195
117, 196
117, 197
117, 198
117, 199
117, 200
117, 201
117, 202
117, 203
117, 204
118, 52
118, 53
118, 54
118, 55
118, 56
118, 57
118, 58
118, 59
118, 60
118, 61
118, 62
118, 63
118, 64
118, 65
118, 66
118, 67
118, 68
118, 69
118, 70
118, 71
118, 72
118, 73
118, 74
118, 75
118, 76
118, 77
118, 78
118, 79
118, 80
118, 81
118, 82
118, 83
118, 84
118, 85
118, 86
118, 87
118, 88
118, 89
118, 90
118, 91
118, 92
118, 93
118, 94
118, 95
118, 96
118, 97
118, 98
118, 99
118, 100
118, 101
118, 102
118, 103
118, 104
118, 105
118, 106
118, 107
118, 108
118, 109
118, 110
118, 111
118, 112
118, 113
118, 114
118, 115
118, 116
118, 117
118, 118
118, 119
118, 120
118, 121
118, 122
118, 123
118, 124
118, 125
118, 126
118, 127
118, 128
118, 129
118, 130
118, 131
118, 132
118, 133
118, 134
118, 135
118, 136
118, 137
118, 138
118, 139
118, 140
118, 141
118, 142
118, 143
118, 144
118, 145
118, 146
118, 147
118, 148
118, 149
118, 150
118, 151
118, 152
118, 153
118, 154
118, 155
118, 156
118, 157
118, 158
118, 159
118, 160
118, 161
118, 162
118, 163
118, 164
118, 165
118, 166
118, 167
118, 168
118, 169
118, 170
118, 171
118, 172
118, 173
118, 174
118, 175
118, 176
118, 177
118, 178
118, 179
118, 180
118, 181
118, 182
118, 183
118, 184
118, 185
118, 186
118, 187
118, 188
118, 189
118, 190
118, 191
118, 192
118, 193
118, 194
118, 195
118, 196
118, 197
118, 198
118, 199
118, 200
118, 201
118, 202
118, 203
118, 204
119, 53
119, 54
119, 55
119, 56
119, 57
119, 58
119, 59
119, 60
119, 61
119, 62
119, 63
119, 64
119, 65
119, 66
119, 67
119, 68
119, 69
119, 70
119, 71
119, 72
119, 73
119, 74
119, 75
119, 76
119, 77
119, 78
119, 79
119, 80
119, 81
119, 82
119, 83
119, 84
119, 85
119, 86
119, 87
119, 88
119, 89
119, 90
119, 91
119, 92
119, 93
119, 94
119, 95
119, 96
119, 97
119, 98
119, 99
119, 100
119, 101
119, 102
119, 103
119, 104
119, 105
119, 106
119, 107
119, 108
119, 109
119, 110
119, 111
119, 112
119, 113
119, 114
119, 115
119, 116
119, 117
119, 118
119, 119
119, 120
119, 121
119, 122
119, 123
119, 124
119, 125
119, 126
119, 127
119, 128
119, 129
119, 130
119, 131
119, 132
119, 133
119, 134
119, 135
119, 136
119, 137
119, 138
119, 139
119, 140
119, 141
119, 142
119, 143
119, 144
119, 145
119, 146
119, 147
119, 148
119, 149
119, 150
119, 151
119, 152
119, 153
119, 154
119, 155
119, 156
119, 157
119, 158
119, 159
119, 160
119, 161
119, 162
119, 163
119, 164
119, 165
119, 166
119, 167
119, 168
119, 169
119, 170
119, 171
119, 172
119, 173
119, 174
119, 175
119, 176
119, 177
119, 178
119, 179
119, 180
119, 181
119, 182
119, 183
119, 184
119, 185
119, 186
119, 187
119, 188
119, 189
119, 190
119, 191
119, 192
119, 193
119, 194
119, 195
119, 196
119, 197
119, 198
119, 199
119, 200
119, 201
119, 202
119, 203
119, 204
120, 52
120, 53
120, 54
120, 55
120, 56
120, 57
120, 58
120, 59
120, 60
120, 61
120, 62
120, 63
120, 64
120, 65
120, 66
120, 67
120, 68
120, 69
120, 70
120, 71
120, 72
120, 73
120, 74
120, 75
120, 76
120, 77
120, 78
120, 79
120, 80
120, 81
120, 82
120, 83
120, 84
120, 85
120, 86
120, 87
120, 88
120, 89
120, 90
120, 91
120, 92
120, 93
120, 94
120, 95
120, 96
120, 97
120, 98
120, 99
120, 100
120, 101
120, 102
120, 103
120, 104
120, 105
120, 106
120, 107
120, 108
120, 109
120, 110
120, 111
120, 112
120, 113
120, 114
120, 115
120, 116
120, 117
120, 118
120, 119
120, 120
120, 121
120, 122
120, 123
120, 124
120, 125
120, 126
120, 127
120, 128
120, 129
120, 130
120, 131
120, 132
120, 133
120, 134
120, 135
120, 136
120, 137
120, 138
120, 139
120, 140
120, 141
120, 142
120, 143
120, 144
120, 145
120, 146
120, 147
120, 148
120, 149
120, 150
120, 151
120, 152
120, 153
120, 154
120, 155
120, 156
120, 157
120, 158
120, 159
120, 160
120, 161
120, 162
120, 163
120, 164
120, 165
120, 166
120, 167
120, 168
120, 169
120, 170
120, 171
120, 172
120, 173
120, 174
120, 175
120, 176
120, 177
120, 178
120, 179
120, 180
120, 181
120, 182
120, 183
120, 184
120, 185
120, 186
120, 187
120, 188
120, 189
120, 190
120, 191
120, 192
120, 193
120, 194
120, 195
120, 196
120, 197
120, 198
120, 199
120, 200
120, 201
120, 202
120, 203
120, 204
121, 52
121, 53
121, 54
121, 55
121, 56
121, 57
121, 58
121, 59
121, 60
121, 61
121, 62
121, 63
121, 64
121, 65
121, 66
121, 67
121, 68
121, 69
121, 70
121, 71
121, 72
121, 73
121, 74
121, 75
121, 76
121, 77
121, 78
121, 79
121, 80
121, 81
121, 82
121, 83
121, 84
121, 85
121, 86
121, 87
121, 88
121, 89
121, 90
121, 91
121, 92
121, 93
121, 94
121, 95
121, 96
121, 97
121, 98
121, 99
121, 100
121, 101
121, 102
121, 103
121, 104
121, 105
121, 106
121, 107
121, 108
121, 109
121, 110
121, 111
121, 112
121, 113
121, 114
121, 115
121, 116
121, 117
121, 118
121, 119
121, 120
121, 121
121, 122
121, 123
121, 124
121, 125
121, 126
121, 127
121, 128
121, 129
121, 130
121, 131
121, 132
121, 133
121, 134
121, 135
121, 136
121, 137
121, 138
121, 139
121, 140
121, 141
121, 142
121, 143
121, 144
121, 145
121, 146
121, 147
121, 148
121, 149
121, 150
121, 151
121, 152
121, 153
121, 154
121, 155
121, 156
121, 157
121, 158
121, 159
121, 160
121, 161
121, 162
121, 163
121, 164
121, 165
121, 166
121, 167
121, 168
121, 169
121, 170
121, 171
121, 172
121, 173
121, 174
121, 175
121, 176
121, 177
121, 178
121, 179
121, 180
121, 181
121, 182
121, 183
121, 184
121, 185
121, 186
121, 187
121, 188
121, 189
121, 190
121, 191
121, 192
121, 193
121, 194
121, 195
121, 196
121, 197
121, 198
121, 199
121, 200
121, 201
121, 202
121, 203
121, 204
122, 52
122, 53
122, 54
122, 55
122, 56
122, 57
122, 58
122, 59
122, 60
122, 61
122, 62
122, 63
122, 64
122, 65
122, 66
122, 67
122, 68
122, 69
122, 70
122, 71
122, 72
122, 73
122, 74
122, 75
122, 76
122, 77
122, 78
122, 79
122, 80
122, 81
122, 82
122, 83
122, 84
122, 85
122, 86
122, 87
122, 88
122, 89
122, 90
122, 91
122, 92
122, 93
122, 94
122, 95
122, 96
122, 97
122, 98
122, 99
122, 100
122, 101
122, 102
122, 103
122, 104
122, 105
122, 106
122, 107
122, 108
122, 109
122, 110
122, 111
122, 112
122, 113
122, 114
122, 115
122, 116
122, 117
122, 118
122, 119
122, 120
122, 121
122, 122
122, 123
122, 124
122, 125
122, 126
122, 127
122, 128
122, 129
122, 130
122, 131
122, 132
122, 133
122, 134
122, 135
122, 136
122, 137
122, 138
122, 139
122, 140
122, 141
122, 142
122, 143
122, 144
122, 145
122, 146
122, 147
122, 148
122, 149
122, 150
122, 151
122, 152
122, 153
122, 154
122, 155
122, 156
122, 157
122, 158
122, 159
122, 160
122, 161
122, 162
122, 163
122, 164
122, 165
122, 166
122, 167
122, 168
122, 169
122, 170
122, 171
122, 172
122, 173
122, 174
122, 175
122, 176
122, 177
122, 178
122, 179
122, 180
122, 181
122, 182
122, 183
122, 184
122, 185
122, 186
122, 187
122, 188
122, 189
122, 190
122, 191
122, 192
122, 193
122, 194
122, 195
122, 196
122, 197
122, 198
122, 199
122, 200
122, 201
122, 202
122, 203
122, 204
123, 52
123, 53
123, 54
123, 55
123, 56
123, 57
123, 58
123, 59
123, 60
123, 61
123, 62
123, 63
123, 64
123, 65
123, 66
123, 67
123, 68
123, 69
123, 70
123, 71
123, 72
123, 73
123, 74
123, 75
123, 76
123, 77
123, 78
123, 79
123, 80
123, 81
123, 82
123, 83
123, 84
123, 85
123, 86
123, 87
123, 88
123, 89
123, 90
123, 91
123, 92
123, 93
123, 94
123, 95
123, 96
123, 97
123, 98
123, 99
123, 100
123, 101
123, 102
123, 103
123, 104
123, 105
123, 106
123, 107
123, 108
123, 109
123, 110
123, 111
123, 112
123, 113
123, 114
123, 115
123, 116
123, 117
123, 118
123, 119
123, 120
123, 121
123, 122
123, 123
123, 124
123, 125
123, 126
123, 127
123, 128
123, 129
123, 130
123, 131
123, 132
123, 133
123, 134
123, 135
123, 136
123, 137
123, 138
123, 139
123, 140
123, 141
123, 142
123, 143
123, 144
123, 145
123, 146
123, 147
123, 148
123, 149
123, 150
123, 151
123, 152
123, 153
123, 154
123, 155
123, 156
123, 157
123, 158
123, 159
123, 160
123, 161
123, 162
123, 163
123, 164
123, 165
123, 166
123, 167
123, 168
123, 169
123, 170
123, 171
123, 172
123, 173
123, 174
123, 175
123, 176
123, 177
123, 178
123, 179
123, 180
123, 181
123, 182
123, 183
123, 184
123, 185
123, 186
123, 187
123, 188
123, 189
123, 190
123, 191
123, 192
123, 193
123, 194
123, 195
123, 196
123, 197
123, 198
123, 199
123, 200
123, 201
123, 202
123, 203
123, 204
123, 205
124, 53
124, 54
124, 55
124, 56
124, 57
124, 58
124, 59
124, 60
124, 61
124, 62
124, 63
124, 64
124, 65
124, 66
124, 67
124, 68
124, 69
124, 70
124, 71
124, 72
124, 73
124, 74
124, 75
124, 76
124, 77
124, 78
124, 79
124, 80
124, 81
124, 82
124, 83
124, 84
124, 85
124, 86
124, 87
124, 88
124, 89
124, 90
124, 91
124, 92
124, 93
124, 94
124, 95
124, 96
124, 97
124, 98
124, 99
124, 100
124, 101
124, 102
124, 103
124, 104
124, 105
124, 106
124, 107
124, 108
124, 109
124, 110
124, 111
124, 112
124, 113
124, 114
124, 115
124, 116
124, 117
124, 118
124, 119
124, 120
124, 121
124, 122
124, 123
124, 124
124, 125
124, 126
124, 127
124, 128
124, 129
124, 130
124, 131
124, 132
124, 133
124, 134
124, 135
124, 136
124, 137
124, 138
124, 139
124, 140
124, 141
124, 142
124, 143
124, 144
124, 145
124, 146
124, 147
124, 148
124, 149
124, 150
124, 151
124, 152
124, 153
124, 154
124, 155
124, 156
124, 157
124, 158
124, 159
124, 160
124, 161
124, 162
124, 163
124, 164
124, 165
124, 166
124, 167
124, 168
124, 169
124, 170
124, 171
124, 172
124, 173
124, 174
124, 175
124, 176
124, 177
124, 178
124, 179
124, 180
124, 181
124, 182
124, 183
124, 184
124, 185
124, 186
124, 187
124, 188
124, 189
124, 190
124, 191
124, 192
124, 193
124, 194
124, 195
124, 196
124, 197
124, 198
124, 199
124, 200
124, 201
124, 202
124, 203
124, 204
124, 205
125, 53
125, 54
125, 55
125, 56
125, 57
125, 58
125, 59
125, 60
125, 61
125, 62
125, 63
125, 64
125, 65
125, 66
125, 67
125, 68
125, 69
125, 70
125, 71
125, 72
125, 73
125, 74
125, 75
125, 76
125, 77
125, 78
125, 79
125, 80
125, 81
125, 82
125, 83
125, 84
125, 85
125, 86
125, 87
125, 88
125, 89
125, 90
125, 91
125, 92
125, 93
125, 94
125, 95
125, 96
125, 97
125, 98
125, 99
125, 100
125, 101
125, 102
125, 103
125, 104
125, 105
125, 106
125, 107
125, 108
125, 109
125, 110
125, 111
125, 112
125, 113
125, 114
125, 115
125, 116
125, 117
125, 118
125, 119
125, 120
125, 121
125, 122
125, 123
125, 124
125, 125
125, 126
125, 127
125, 128
125, 129
125, 130
125, 131
125, 132
125, 133
125, 134
125, 135
125, 136
125, 137
125, 138
125, 139
125, 140
125, 141
125, 142
125, 143
125, 144
125, 145
125, 146
125, 147
125, 148
125, 149
125, 150
125, 151
125, 152
125, 153
125, 154
125, 155
125, 156
125, 157
125, 158
125, 159
125, 160
125, 161
125, 162
125, 163
125, 164
125, 165
125, 166
125, 167
125, 168
125, 169
125, 170
125, 171
125, 172
125, 173
125, 174
125, 175
125, 176
125, 177
125, 178
125, 179
125, 180
125, 181
125, 182
125, 183
125, 184
125, 185
125, 186
125, 187
125, 188
125, 189
125, 190
125, 191
125, 192
125, 193
125, 194
125, 195
125, 196
125, 197
125, 198
125, 199
125, 200
125, 201
125, 202
125, 203
125, 204
125, 205
126, 54
126, 55
126, 56
126, 57
126, 58
126, 59
126, 60
126, 61
126, 62
126, 63
126, 64
126, 65
126, 66
126, 67
126, 68
126, 69
126, 70
126, 71
126, 72
126, 73
126, 74
126, 75
126, 76
126, 77
126, 78
126, 79
126, 80
126, 81
126, 82
126, 83
126, 84
126, 85
126, 86
126, 87
126, 88
126, 89
126, 90
126, 91
126, 92
126, 93
126, 94
126, 95
126, 96
126, 97
126, 98
126, 99
126, 100
126, 101
126, 102
126, 103
126, 104
126, 105
126, 106
126, 107
126, 108
126, 109
126, 110
126, 111
126, 112
126, 113
126, 114
126, 115
126, 116
126, 117
126, 118
126, 119
126, 120
126, 121
126, 122
126, 123
126, 124
126, 125
126, 126
126, 127
126, 128
126, 129
126, 130
126, 131
126, 132
126, 133
126, 134
126, 135
126, 136
126, 137
126, 138
126, 139
126, 140
126, 141
126, 142
126, 143
126, 144
126, 145
126, 146
126, 147
126, 148
126, 149
126, 150
126, 151
126, 152
126, 153
126, 154
126, 155
126, 156
126, 157
126, 158
126, 159
126, 160
126, 161
126, 162
126, 163
126, 164
126, 165
126, 166
126, 167
126, 168
126, 169
126, 170
126, 171
126, 172
126, 173
126, 174
126, 175
126, 176
126, 177
126, 178
126, 179
126, 180
126, 181
126, 182
126, 183
126, 184
126, 185
126, 186
126, 187
126, 188
126, 189
126, 190
126, 191
126, 192
126, 193
126, 194
126, 195
126, 196
126, 197
126, 198
126, 199
126, 200
126, 201
126, 202
126, 203
126, 204
126, 205
126, 206
127, 55
127, 56
127, 57
127, 58
127, 59
127, 60
127, 61
127, 62
127, 63
127, 64
127, 65
127, 66
127, 67
127, 68
127, 69
127, 70
127, 71
127, 72
127, 73
127, 74
127, 75
127, 76
127, 77
127, 78
127, 79
127, 80
127, 81
127, 82
127, 83
127, 84
127, 85
127, 86
127, 87
127, 88
127, 89
127, 90
127, 91
127, 92
127, 93
127, 94
127, 95
127, 96
127, 97
127, 98
127, 99
127, 100
127, 101
127, 102
127, 103
127, 104
127, 105
127, 106
127, 107
127, 108
127, 109
127, 110
127, 111
127, 112
127, 113
127, 114
127, 115
127, 116
127, 117
127, 118
127, 119
127, 120
127, 121
127, 122
127, 123
127, 124
127, 125
127, 126
127, 127
127, 128
127, 129
127, 130
127, 131
127, 132
127, 133
127, 134
127, 135
127, 136
127, 137
127, 138
127, 139
127, 140
127, 141
127, 142
127, 143
127, 144
127, 145
127, 146
127, 147
127, 148
127, 149
127, 150
127, 151
127, 152
127, 153
127, 154
127, 155
127, 156
127, 157
127, 158
127, 159
127, 160
127, 161
127, 162
127, 163
127, 164
127, 165
127, 166
127, 167
127, 168
127, 169
127, 170
127, 171
127, 172
127, 173
127, 174
127, 175
127, 176
127, 177
127, 178
127, 179
127, 180
127, 181
127, 182
127, 183
127, 184
127, 185
127, 186
127, 187
127, 188
127, 189
127, 190
127, 191
127, 192
127, 193
127, 194
127, 195
127, 196
127, 197
127, 198
127, 199
127, 200
127, 201
127, 202
127, 203
127, 204
127, 205
127, 206
127, 207
128, 55
128, 56
128, 57
128, 58
128, 59
128, 60
128, 61
128, 62
128, 63
128, 64
128, 65
128, 66
128, 67
128, 68
128, 69
128, 70
128, 71
128, 72
128, 73
128, 74
128, 75
128, 76
128, 77
128, 78
128, 79
128, 80
128, 81
128, 82
128, 83
128, 84
128, 85
128, 86
128, 87
128, 88
128, 89
128, 90
128, 91
128, 92
128, 93
128, 94
128, 95
128, 96
128, 97
128, 98
128, 99
128, 100
128, 101
128, 102
128, 103
128, 104
128, 105
128, 106
128, 107
128, 108
128, 109
128, 110
128, 111
128, 112
128, 113
128, 114
128, 115
128, 116
128, 117
128, 118
128, 119
128, 120
128, 121
128, 122
128, 123
128, 124
128, 125
128, 126
128, 127
128, 128
128, 129
128, 130
128, 131
128, 132
128, 133
128, 134
128, 135
128, 136
128, 137
128, 138
128, 139
128, 140
128, 141
128, 142
128, 143
128, 144
128, 145
128, 146
128, 147
128, 148
128, 149
128, 150
128, 151
128, 152
128, 153
128, 154
128, 155
128, 156
128, 157
128, 158
128, 159
128, 160
128, 161
128, 162
128, 163
128, 164
128, 165
128, 166
128, 167
128, 168
128, 169
128, 170
128, 171
128, 172
128, 173
128, 174
128, 175
128, 176
128, 177
128, 178
128, 179
128, 180
128, 181
128, 182
128, 183
128, 184
128, 185
128, 186
128, 187
128, 188
128, 189
128, 190
128, 191
128, 192
128, 193
128, 194
128, 195
128, 196
128, 197
128, 198
128, 199
128, 200
128, 201
128, 202
128, 203
128, 204
128, 205
128, 206
128, 207
129, 55
129, 56
129, 57
129, 58
129, 59
129, 60
129, 61
129, 62
129, 63
129, 64
129, 65
129, 66
129, 67
129, 68
129, 69
129, 70
129, 71
129, 72
129, 73
129, 74
129, 75
129, 76
129, 77
129, 78
129, 79
129, 80
129, 81
129, 82
129, 83
129, 84
129, 85
129, 86
129, 87
129, 88
129, 89
129, 90
129, 91
129, 92
129, 93
129, 94
129, 95
129, 96
129, 97
129, 98
129, 99
129, 100
129, 101
129, 102
129, 103
129, 104
129, 105
129, 106
129, 107
129, 108
129, 109
129, 110
129, 111
129, 112
129, 113
129, 114
129, 115
129, 116
129, 117
129, 118
129, 119
129, 120
129, 121
129, 122
129, 123
129, 124
129, 125
129, 126
129, 127
129, 128
129, 129
129, 130
129, 131
129, 132
129, 133
129, 134
129, 135
129, 136
129, 137
129, 138
129, 139
129, 140
129, 141
129, 142
129, 143
129, 144
129, 145
129, 146
129, 147
129, 148
129, 149
129, 150
129, 151
129, 152
129, 153
129, 154
129, 155
129, 156
129, 157
129, 158
129, 159
129, 160
129, 161
129, 162
129, 163
129, 164
129, 165
129, 166
129, 167
129, 168
129, 169
129, 170
129, 171
129, 172
129, 173
129, 174
129, 175
129, 176
129, 177
129, 178
129, 179
129, 180
129, 181
129, 182
129, 183
129, 184
129, 185
129, 186
129, 187
129, 188
129, 189
129, 190
129, 191
129, 192
129, 193
129, 194
129, 195
129, 196
129, 197
129, 198
129, 199
129, 200
129, 201
129, 202
129, 203
129, 204
129, 205
129, 206
129, 207
129, 208
130, 55
130, 56
130, 57
130, 58
130, 59
130, 60
130, 61
130, 62
130, 63
130, 64
130, 65
130, 66
130, 67
130, 68
130, 69
130, 70
130, 71
130, 72
130, 73
130, 74
130, 75
130, 76
130, 77
130, 78
130, 79
130, 80
130, 81
130, 82
130, 83
130, 84
130, 85
130, 86
130, 87
130, 88
130, 89
130, 90
130, 91
130, 92
130, 93
130, 94
130, 95
130, 96
130, 97
130, 98
130, 99
130, 100
130, 101
130, 102
130, 103
130, 104
130, 105
130, 106
130, 107
130, 108
130, 109
130, 110
130, 111
130, 112
130, 113
130, 114
130, 115
130, 116
130, 117
130, 118
130, 119
130, 120
130, 121
130, 122
130, 123
130, 124
130, 125
130, 126
130, 127
130, 128
130, 129
130, 130
130, 131
130, 132
130, 133
130, 134
130, 135
130, 136
130, 137
130, 138
130, 139
130, 140
130, 141
130, 142
130, 143
130, 144
130, 145
130, 146
130, 147
130, 148
130, 149
130, 150
130, 151
130, 152
130, 153
130, 154
130, 155
130, 156
130, 157
130, 158
130, 159
130, 160
130, 161
130, 162
130, 163
130, 164
130, 165
130, 166
130, 167
130, 168
130, 169
130, 170
130, 171
130, 172
130, 173
130, 174
130, 175
130, 176
130, 177
130, 178
130, 179
130, 180
130, 181
130, 182
130, 183
130, 184
130, 185
130, 186
130, 187
130, 188
130, 189
130, 190
130, 191
130, 192
130, 193
130, 194
130, 195
130, 196
130, 197
130, 198
130, 199
130, 200
130, 201
130, 202
130, 203
130, 204
130, 205
130, 206
130, 207
130, 208
131, 54
131, 55
131, 56
131, 60
131, 61
131, 62
131, 63
131, 64
131, 65
131, 66
131, 67
131, 68
131, 69
131, 70
131, 71
131, 72
131, 73
131, 74
131, 75
131, 76
131, 77
131, 78
131, 79
131, 80
131, 81
131, 82
131, 83
131, 84
131, 85
131, 86
131, 87
131, 88
131, 89
131, 90
131, 91
131, 92
131, 93
131, 94
131, 95
131, 96
131, 97
131, 98
131, 99
131, 100
131, 101
131, 102
131, 103
131, 104
131, 105
131, 106
131, 107
131, 108
131, 109
131, 110
131, 111
131, 112
131, 113
131, 114
131, 115
131, 116
131, 117
131, 118
131, 119
131, 120
131, 121
131, 122
131, 123
131, 124
131, 125
131, 126
131, 127
131, 128
131, 129
131, 130
131, 131
131, 132
131, 133
131, 134
131, 135
131, 136
131, 137
131, 138
131, 139
131, 140
131, 141
131, 142
131, 143
131, 144
131, 145
131, 146
131, 147
131, 148
131, 149
131, 150
131, 151
131, 152
131, 153
131, 154
131, 155
131, 156
131, 157
131, 158
131, 159
131, 160
131, 161
131, 162
131, 163
131, 164
131, 165
131, 166
131, 167
131, 168
131, 169
131, 170
131, 171
131, 172
131, 173
131, 174
131, 175
131, 176
131, 177
131, 178
131, 179
131, 180
131, 181
131, 182
131, 183
131, 184
131, 185
131, 186
131, 187
131, 188
131, 189
131, 190
131, 191
131, 192
131, 193
131, 194
131, 195
131, 196
131, 197
131, 198
131, 199
131, 200
131, 201
131, 202
131, 203
131, 204
131, 205
131, 206
131, 207
131, 208
131, 209
132, 53
132, 54
132, 55
132, 56
132, 57
132, 58
132, 59
132, 60
132, 61
132, 62
132, 63
132, 64
132, 65
132, 66
132, 67
132, 68
132, 69
132, 70
132, 71
132, 72
132, 73
132, 74
132, 75
132, 76
132, 77
132, 78
132, 79
132, 80
132, 81
132, 82
132, 83
132, 84
132, 85
132, 86
132, 87
132, 88
132, 89
132, 90
132, 91
132, 92
132, 93
132, 94
132, 95
132, 96
132, 97
132, 98
132, 99
132, 100
132, 101
132, 102
132, 103
132, 104
132, 105
132, 106
132, 107
132, 108
132, 109
132, 110
132, 111
132, 112
132, 113
132, 114
132, 115
132, 116
132, 117
132, 118
132, 119
132, 120
132, 121
132, 122
132, 123
132, 124
132, 125
132, 126
132, 127
132, 128
132, 129
132, 130
132, 131
132, 132
132, 133
132, 134
132, 135
132, 136
132, 137
132, 138
132, 139
132, 140
132, 141
132, 142
132, 143
132, 144
132, 145
132, 146
132, 147
132, 148
132, 149
132, 150
132, 151
132, 152
132, 153
132, 154
132, 155
132, 156
132, 157
132, 158
132, 159
132, 160
132, 161
132, 162
132, 163
132, 164
132, 165
132, 166
132, 167
132, 168
132, 169
132, 170
132, 171
132, 172
132, 173
132, 174
132, 175
132, 176
132, 177
132, 178
132, 179
132, 180
132, 181
132, 182
132, 183
132, 184
132, 185
132, 186
132, 187
132, 188
132, 189
132, 190
132, 191
132, 192
132, 193
132, 194
132, 195
132, 196
132, 197
132, 198
132, 199
132, 200
132, 201
132, 202
132, 203
132, 204
132, 205
132, 206
132, 207
132, 208
132, 209
133, 53
133, 54
133, 55
133, 56
133, 57
133, 58
133, 59
133, 60
133, 61
133, 62
133, 63
133, 64
133, 65
133, 66
133, 67
133, 68
133, 69
133, 70
133, 71
133, 72
133, 73
133, 74
133, 75
133, 76
133, 77
133, 78
133, 79
133, 80
133, 81
133, 82
133, 83
133, 84
133, 85
133, 86
133, 87
133, 88
133, 89
133, 90
133, 91
133, 92
133, 93
133, 94
133, 95
133, 96
133, 97
133, 98
133, 99
133, 100
133, 101
133, 102
133, 103
133, 104
133, 105
133, 106
133, 107
133, 108
133, 109
133, 110
133, 111
133, 112
133, 113
133, 114
133, 115
133, 116
133, 117
133, 118
133, 119
133, 120
133, 121
133, 122
133, 123
133, 124
133, 125
133, 126
133, 127
133, 128
133, 129
133, 130
133, 131
133, 132
133, 133
133, 134
133, 135
133, 136
133, 137
133, 138
133, 139
133, 140
133, 141
133, 142
133, 143
133, 144
133, 145
133, 146
133, 147
133, 148
133, 149
133, 150
133, 151
133, 152
133, 153
133, 154
133, 155
133, 156
133, 157
133, 158
133, 159
133, 160
133, 161
133, 162
133, 163
133, 164
133, 165
133, 166
133, 167
133, 168
133, 169
133, 170
133, 171
133, 172
133, 173
133, 174
133, 175
133, 176
133, 177
133, 178
133, 179
133, 180
133, 181
133, 182
133, 183
133, 184
133, 185
133, 186
133, 187
133, 188
133, 189
133, 190
133, 191
133, 192
133, 193
133, 194
133, 195
133, 196
133, 197
133, 198
133, 199
133, 200
133, 201
133, 202
133, 203
133, 204
133, 205
133, 206
133, 207
133, 208
133, 209
134, 53
134, 54
134, 55
134, 56
134, 57
134, 58
134, 59
134, 60
134, 61
134, 62
134, 63
134, 64
134, 65
134, 66
134, 67
134, 68
134, 69
134, 70
134, 71
134, 72
134, 73
134, 74
134, 75
134, 76
134, 77
134, 78
134, 79
134, 80
134, 81
134, 82
134, 83
134, 84
134, 85
134, 86
134, 87
134, 88
134, 89
134, 90
134, 91
134, 92
134, 93
134, 94
134, 95
134, 96
134, 97
134, 98
134, 99
134, 100
134, 101
134, 102
134, 103
134, 104
134, 105
134, 106
134, 107
134, 108
134, 109
134, 110
134, 111
134, 112
134, 113
134, 114
134, 115
134, 116
134, 117
134, 118
134, 119
134, 120
134, 121
134, 122
134, 123
134, 124
134, 125
134, 126
134, 127
134, 128
134, 129
134, 130
134, 131
134, 132
134, 133
134, 134
134, 135
134, 136
134, 137
134, 138
134, 139
134, 140
134, 141
134, 142
134, 143
134, 144
134, 145
134, 146
134, 147
134, 148
134, 149
134, 150
134, 151
134, 152
134, 153
134, 154
134, 155
134, 156
134, 157
134, 158
134, 159
134, 160
134, 161
134, 162
134, 163
134, 164
134, 165
134, 166
134, 167
134, 168
134, 169
134, 170
134, 171
134, 172
134, 173
134, 174
134, 175
134, 176
134, 177
134, 178
134, 179
134, 180
134, 181
134, 182
134, 183
134, 184
134, 185
134, 186
134, 187
134, 188
134, 189
134, 190
134, 191
134, 192
134, 193
134, 194
134, 195
134, 196
134, 197
134, 198
134, 199
134, 200
134, 201
134, 202
134, 203
134, 204
134, 205
134, 206
134, 207
134, 208
134, 209
134, 210
135, 52
135, 53
135, 54
135, 55
135, 56
135, 57
135, 58
135, 59
135, 60
135, 61
135, 62
135, 63
135, 64
135, 65
135, 66
135, 67
135, 68
135, 69
135, 70
135, 71
135, 72
135, 73
135, 74
135, 75
135, 76
135, 77
135, 78
135, 79
135, 80
135, 81
135, 82
135, 83
135, 84
135, 85
135, 86
135, 87
135, 88
135, 89
135, 90
135, 91
135, 92
135, 93
135, 94
135, 95
135, 96
135, 97
135, 98
135, 99
135, 100
135, 101
135, 102
135, 103
135, 104
135, 105
135, 106
135, 107
135, 108
135, 109
135, 110
135, 111
135, 112
135, 113
135, 114
135, 115
135, 116
135, 117
135, 118
135, 119
135, 120
135, 121
135, 122
135, 123
135, 124
135, 125
135, 126
135, 127
135, 128
135, 129
135, 130
135, 131
135, 132
135, 133
135, 134
135, 135
135, 136
135, 137
135, 138
135, 139
135, 140
135, 141
135, 142
135, 143
135, 144
135, 145
135, 146
135, 147
135, 148
135, 149
135, 150
135, 151
135, 152
135, 153
135, 154
135, 155
135, 156
135, 157
135, 158
135, 159
135, 160
135, 161
135, 162
135, 163
135, 164
135, 165
135, 166
135, 167
135, 168
135, 169
135, 170
135, 171
135, 172
135, 173
135, 174
135, 175
135, 176
135, 177
135, 178
135, 179
135, 180
135, 181
135, 182
135, 183
135, 184
135, 185
135, 186
135, 187
135, 188
135, 189
135, 190
135, 191
135, 192
135, 193
135, 194
135, 195
135, 196
135, 197
135, 198
135, 199
135, 200
135, 201
135, 202
135, 203
135, 204
135, 205
135, 206
135, 207
135, 208
135, 209
135, 210
136, 52
136, 53
136, 54
136, 55
136, 56
136, 57
136, 58
136, 59
136, 60
136, 61
136, 62
136, 63
136, 64
136, 65
136, 66
136, 67
136, 68
136, 69
136, 70
136, 71
136, 72
136, 73
136, 74
136, 75
136, 76
136, 77
136, 78
136, 79
136, 80
136, 81
136, 82
136, 83
136, 84
136, 85
136, 86
136, 87
136, 88
136, 89
136, 90
136, 91
136, 92
136, 93
136, 94
136, 95
136, 96
136, 97
136, 98
136, 99
136, 100
136, 101
136, 102
136, 103
136, 104
136, 105
136, 106
136, 107
136, 108
136, 109
136, 110
136, 111
136, 112
136, 113
136, 114
136, 115
136, 116
136, 117
136, 118
136, 119
136, 120
136, 121
136, 122
136, 123
136, 124
136, 125
136, 126
136, 127
136, 128
136, 129
136, 130
136, 131
136, 132
136, 133
136, 134
136, 135
136, 136
136, 137
136, 138
136, 139
136, 140
136, 141
136, 142
136, 143
136, 144
136, 145
136, 146
136, 147
136, 148
136, 149
136, 150
136, 151
136, 152
136, 153
136, 154
136, 155
136, 156
136, 157
136, 158
136, 159
136, 160
136, 161
136, 162
136, 163
136, 164
136, 165
136, 166
136, 167
136, 168
136, 169
136, 170
136, 171
136, 172
136, 173
136, 174
136, 175
136, 176
136, 177
136, 178
136, 179
136, 180
136, 181
136, 182
136, 183
136, 184
136, 185
136, 186
136, 187
136, 188
136, 189
136, 190
136, 191
136, 192
136, 193
136, 194
136, 195
136, 196
136, 197
136, 198
136, 199
136, 200
136, 201
136, 202
136, 203
136, 204
136, 205
136, 206
136, 207
136, 208
136, 209
136, 210
137, 53
137, 54
137, 55
137, 56
137, 57
137, 58
137, 59
137, 60
137, 61
137, 62
137, 63
137, 64
137, 65
137, 66
137, 67
137, 68
137, 69
137, 70
137, 71
137, 72
137, 73
137, 74
137, 75
137, 76
137, 77
137, 78
137, 79
137, 80
137, 81
137, 82
137, 83
137, 84
137, 85
137, 86
137, 87
137, 88
137, 89
137, 90
137, 91
137, 92
137, 93
137, 94
137, 95
137, 96
137, 97
137, 98
137, 99
137, 100
137, 101
137, 102
137, 103
137, 104
137, 105
137, 106
137, 107
137, 108
137, 109
137, 110
137, 111
137, 112
137, 113
137, 114
137, 115
137, 116
137, 117
137, 118
137, 119
137, 120
137, 121
137, 122
137, 123
137, 124
137, 125
137, 126
137, 127
137, 128
137, 129
137, 130
137, 131
137, 132
137, 133
137, 134
137, 135
137, 136
137, 137
137, 138
137, 139
137, 140
137, 141
137, 142
137, 143
137, 144
137, 145
137, 146
137, 147
137, 148
137, 149
137, 150
137, 151
137, 152
137, 153
137, 154
137, 155
137, 156
137, 157
137, 158
137, 159
137, 160
137, 161
137, 162
137, 163
137, 164
137, 165
137, 166
137, 167
137, 168
137, 169
137, 170
137, 171
137, 172
137, 173
137, 174
137, 175
137, 176
137, 177
137, 178
137, 179
137, 180
137, 181
137, 182
137, 183
137, 184
137, 185
137, 186
137, 187
137, 188
137, 189
137, 190
137, 191
137, 192
137, 193
137, 194
137, 195
137, 196
137, 197
137, 198
137, 199
137, 200
137, 201
137, 202
137, 203
137, 204
137, 205
137, 206
137, 207
137, 208
137, 209
137, 210
138, 53
138, 54
138, 55
138, 56
138, 57
138, 58
138, 59
138, 60
138, 61
138, 62
138, 63
138, 64
138, 65
138, 66
138, 67
138, 68
138, 69
138, 70
138, 71
138, 72
138, 73
138, 74
138, 75
138, 76
138, 77
138, 78
138, 79
138, 80
138, 81
138, 82
138, 83
138, 84
138, 85
138, 86
138, 87
138, 88
138, 89
138, 90
138, 91
138, 92
138, 93
138, 94
138, 95
138, 96
138, 97
138, 98
138, 99
138, 100
138, 101
138, 102
138, 103
138, 104
138, 105
138, 106
138, 107
138, 108
138, 109
138, 110
138, 111
138, 112
138, 113
138, 114
138, 115
138, 116
138, 117
138, 118
138, 119
138, 120
138, 121
138, 122
138, 123
138, 124
138, 125
138, 126
138, 127
138, 128
138, 129
138, 130
138, 131
138, 132
138, 133
138, 134
138, 135
138, 136
138, 137
138, 138
138, 139
138, 140
138, 141
138, 142
138, 143
138, 144
138, 145
138, 146
138, 147
138, 148
138, 149
138, 150
138, 151
138, 152
138, 153
138, 154
138, 155
138, 156
138, 157
138, 158
138, 159
138, 160
138, 161
138, 162
138, 163
138, 164
138, 165
138, 166
138, 167
138, 168
138, 169
138, 170
138, 171
138, 172
138, 173
138, 174
138, 175
138, 176
138, 177
138, 178
138, 179
138, 180
138, 181
138, 182
138, 183
138, 184
138, 185
138, 186
138, 187
138, 188
138, 189
138, 190
138, 191
138, 192
138, 193
138, 194
138, 195
138, 196
138, 197
138, 198
138, 199
138, 200
138, 201
138, 202
138, 203
138, 204
138, 205
138, 206
138, 207
138, 208
138, 209
138, 210
139, 54
139, 55
139, 56
139, 57
139, 58
139, 59
139, 60
139, 61
139, 62
139, 63
139, 64
139, 65
139, 66
139, 67
139, 68
139, 69
139, 70
139, 71
139, 72
139, 73
139, 74
139, 75
139, 76
139, 77
139, 78
139, 79
139, 80
139, 81
139, 82
139, 83
139, 84
139, 85
139, 86
139, 87
139, 88
139, 89
139, 90
139, 91
139, 92
139, 93
139, 94
139, 98
139, 99
139, 100
139, 101
139, 102
139, 103
139, 104
139, 105
139, 106
139, 107
139, 108
139, 109
139, 110
139, 111
139, 112
139, 113
139, 114
139, 115
139, 116
139, 117
139, 118
139, 119
139, 120
139, 121
139, 122
139, 123
139, 124
139, 125
139, 126
139, 127
139, 128
139, 129
139, 130
139, 131
139, 132
139, 133
139, 134
139, 135
139, 136
139, 137
139, 138
139, 139
139, 140
139, 141
139, 142
139, 143
139, 144
139, 145
139, 146
139, 147
139, 148
139, 149
139, 150
139, 151
139, 152
139, 153
139, 154
139, 155
139, 156
139, 157
139, 158
139, 159
139, 160
139, 161
139, 162
139, 163
139, 164
139, 165
139, 166
139, 167
139, 168
139, 169
139, 170
139, 171
139, 172
139, 173
139, 174
139, 175
139, 176
139, 177
139, 178
139, 179
139, 180
139, 181
139, 182
139, 183
139, 184
139, 185
139, 186
139, 187
139, 188
139, 189
139, 190
139, 191
139, 192
139, 193
139, 194
139, 195
139, 196
139, 197
139, 198
139, 199
139, 200
139, 201
139, 202
139, 203
139, 204
139, 205
139, 206
139, 207
139, 208
139, 209
139, 210
140, 61
140, 62
140, 63
140, 64
140, 65
140, 66
140, 67
140, 68
140, 69
140, 70
140, 71
140, 72
140, 73
140, 74
140, 75
140, 76
140, 77
140, 78
140, 79
140, 80
140, 81
140, 82
140, 83
140, 84
140, 85
140, 86
140, 87
140, 88
140, 89
140, 90
140, 91
140, 92
140, 104
140, 105
140, 106
140, 107
140, 108
140, 109
140, 110
140, 111
140, 112
140, 113
140, 114
140, 115
140, 116
140, 117
140, 118
140, 119
140, 120
140, 121
140, 122
140, 123
140, 124
140, 125
140, 126
140, 127
140, 128
140, 129
140, 130
140, 131
140, 132
140, 133
140, 134
140, 135
140, 136
140, 137
140, 138
140, 139
140, 140
140, 141
140, 142
140, 143
140, 144
140, 145
140, 146
140, 147
140, 148
140, 149
140, 150
140, 151
140, 152
140, 153
140, 154
140, 155
140, 156
140, 157
140, 158
140, 159
140, 160
140, 161
140, 162
140, 163
140, 164
140, 165
140, 166
140, 167
140, 168
140, 169
140, 170
140, 171
140, 172
140, 173
140, 174
140, 175
140, 176
140, 177
140, 178
140, 179
140, 180
140, 181
140, 182
140, 183
140, 184
140, 185
140, 186
140, 187
140, 188
140, 189
140, 190
140, 191
140, 192
140, 193
140, 194
140, 195
140, 196
140, 197
140, 198
140, 199
140, 200
140, 201
140, 202
140, 203
140, 204
140, 205
140, 206
140, 207
140, 208
140, 209
140, 210
141, 66
141, 67
141, 68
141, 69
141, 70
141, 71
141, 72
141, 73
141, 74
141, 75
141, 76
141, 77
141, 78
141, 79
141, 80
141, 81
141, 82
141, 83
141, 84
141, 85
141, 86
141, 87
141, 88
141, 89
141, 90
141, 108
141, 109
141, 110
141, 111
141, 112
141, 113
141, 114
141, 115
141, 116
141, 117
141, 118
141, 119
141, 120
141, 121
141, 122
141, 123
141, 124
141, 125
141, 126
141, 127
141, 128
141, 129
141, 130
141, 131
141, 132
141, 133
141, 134
141, 135
141, 136
141, 137
141, 138
141, 139
141, 140
141, 141
141, 142
141, 143
141, 144
141, 145
141, 146
141, 147
141, 148
141, 149
141, 150
141, 151
141, 152
141, 153
141, 154
141, 155
141, 156
141, 157
141, 158
141, 159
141, 160
141, 161
141, 162
141, 163
141, 164
141, 165
141, 166
141, 167
141, 168
141, 169
141, 170
141, 171
141, 172
141, 173
141, 174
141, 175
141, 176
141, 177
141, 178
141, 179
141, 180
141, 181
141, 182
141, 183
141, 184
141, 185
141, 186
141, 187
141, 188
141, 189
141, 190
141, 191
141, 192
141, 193
141, 194
141, 195
141, 196
141, 197
141, 198
141, 199
141, 200
141, 201
141, 202
141, 203
141, 204
141, 205
141, 206
141, 207
141, 208
141, 209
141, 210
142, 109
142, 110
142, 111
142, 112
142, 113
142, 114
142, 115
142, 116
142, 117
142, 118
142, 119
142, 120
142, 121
142, 122
142, 123
142, 124
142, 125
142, 126
142, 127
142, 128
142, 129
142, 130
142, 131
142, 132
142, 133
142, 134
142, 135
142, 136
142, 137
142, 138
142, 139
142, 140
142, 141
142, 142
142, 143
142, 144
142, 145
142, 146
142, 147
142, 148
142, 149
142, 150
142, 151
142, 152
142, 153
142, 154
142, 155
142, 156
142, 157
142, 158
142, 159
142, 160
142, 161
142, 162
142, 163
142, 164
142, 165
142, 166
142, 167
142, 168
142, 169
142, 170
142, 171
142, 172
142, 173
142, 174
142, 175
142, 176
142, 177
142, 178
142, 179
142, 180
142, 181
142, 182
142, 183
142, 184
142, 185
142, 186
142, 187
142, 188
142, 189
142, 190
142, 191
142, 192
142, 193
142, 194
142, 195
142, 196
142, 197
142, 198
142, 199
142, 200
142, 201
142, 202
142, 203
142, 204
142, 205
142, 206
142, 207
142, 208
142, 209
142, 210
142, 211
143, 110
143, 111
143, 112
143, 113
143, 114
143, 115
143, 116
143, 117
143, 118
143, 119
143, 120
143, 121
143, 122
143, 123
143, 124
143, 125
143, 126
143, 127
143, 128
143, 129
143, 130
143, 131
143, 132
143, 133
143, 134
143, 135
143, 136
143, 137
143, 138
143, 139
143, 140
143, 141
143, 142
143, 143
143, 144
143, 145
143, 146
143, 147
143, 148
143, 149
143, 150
143, 151
143, 152
143, 153
143, 154
143, 155
143, 156
143, 157
143, 158
143, 159
143, 160
143, 161
143, 162
143, 163
143, 164
143, 165
143, 166
143, 167
143, 168
143, 169
143, 170
143, 171
143, 172
143, 173
143, 174
143, 175
143, 176
143, 177
143, 178
143, 179
143, 180
143, 181
143, 182
143, 183
143, 184
143, 185
143, 186
143, 187
143, 188
143, 189
143, 190
143, 191
143, 192
143, 193
143, 194
143, 195
143, 196
143, 197
143, 198
143, 199
143, 200
143, 201
143, 202
143, 203
143, 204
143, 205
143, 206
143, 207
143, 208
143, 209
143, 210
143, 211
144, 110
144, 111
144, 112
144, 113
144, 114
144, 115
144, 116
144, 117
144, 118
144, 119
144, 120
144, 121
144, 122
144, 123
144, 124
144, 125
144, 126
144, 127
144, 128
144, 129
144, 130
144, 131
144, 132
144, 133
144, 134
144, 135
144, 136
144, 137
144, 138
144, 139
144, 140
144, 141
144, 142
144, 143
144, 144
144, 145
144, 146
144, 147
144, 148
144, 149
144, 150
144, 151
144, 152
144, 153
144, 154
144, 155
144, 156
144, 157
144, 158
144, 159
144, 160
144, 161
144, 162
144, 163
144, 164
144, 165
144, 166
144, 167
144, 168
144, 169
144, 170
144, 171
144, 172
144, 173
144, 174
144, 175
144, 176
144, 177
144, 178
144, 179
144, 180
144, 181
144, 182
144, 183
144, 184
144, 185
144, 186
144, 187
144, 188
144, 189
144, 190
144, 191
144, 192
144, 193
144, 194
144, 195
144, 196
144, 197
144, 198
144, 199
144, 200
144, 201
144, 202
144, 203
144, 204
144, 205
144, 206
144, 207
144, 208
144, 209
144, 210
144, 211
145, 110
145, 111
145, 112
145, 113
145, 114
145, 115
145, 116
145, 117
145, 118
145, 119
145, 120
145, 121
145, 122
145, 123
145, 124
145, 125
145, 126
145, 127
145, 128
145, 129
145, 130
145, 131
145, 132
145, 133
145, 134
145, 135
145, 136
145, 137
145, 138
145, 139
145, 140
145, 141
145, 142
145, 143
145, 144
145, 145
145, 146
145, 147
145, 148
145, 149
145, 150
145, 151
145, 152
145, 153
145, 154
145, 155
145, 156
145, 157
145, 158
145, 159
145, 160
145, 161
145, 162
145, 163
145, 164
145, 165
145, 166
145, 167
145, 168
145, 169
145, 170
145, 171
145, 172
145, 173
145, 174
145, 175
145, 176
145, 177
145, 178
145, 179
145, 180
145, 181
145, 182
145, 183
145, 184
145, 185
145, 186
145, 187
145, 188
145, 189
145, 190
145, 191
145, 192
145, 193
145, 194
145, 195
145, 196
145, 197
145, 198
145, 199
145, 200
145, 201
145, 202
145, 203
145, 204
145, 205
145, 206
145, 207
145, 208
145, 209
145, 210
145, 211
146, 110
146, 111
146, 112
146, 113
146, 114
146, 115
146, 116
146, 117
146, 118
146, 119
146, 120
146, 121
146, 122
146, 123
146, 124
146, 125
146, 126
146, 127
146, 128
146, 129
146, 130
146, 131
146, 132
146, 133
146, 134
146, 135
146, 136
146, 137
146, 138
146, 139
146, 140
146, 141
146, 142
146, 143
146, 144
146, 145
146, 146
146, 147
146, 148
146, 149
146, 150
146, 151
146, 152
146, 153
146, 154
146, 155
146, 156
146, 157
146, 158
146, 159
146, 160
146, 161
146, 162
146, 163
146, 164
146, 165
146, 166
146, 167
146, 168
146, 169
146, 170
146, 171
146, 172
146, 173
146, 174
146, 175
146, 176
146, 177
146, 178
146, 179
146, 180
146, 181
146, 182
146, 183
146, 184
146, 185
146, 186
146, 187
146, 188
146, 189
146, 190
146, 191
146, 192
146, 193
146, 194
146, 195
146, 196
146, 197
146, 198
146, 199
146, 200
146, 201
146, 202
146, 203
146, 204
146, 205
146, 206
146, 207
146, 208
146, 209
146, 210
146, 211
146, 212
147, 111
147, 112
147, 113
147, 114
147, 115
147, 116
147, 117
147, 118
147, 119
147, 120
147, 121
147, 122
147, 123
147, 124
147, 125
147, 126
147, 127
147, 128
147, 129
147, 130
147, 131
147, 132
147, 133
147, 134
147, 135
147, 136
147, 137
147, 138
147, 139
147, 140
147, 141
147, 142
147, 143
147, 144
147, 145
147, 146
147, 147
147, 148
147, 149
147, 150
147, 151
147, 152
147, 153
147, 154
147, 155
147, 156
147, 157
147, 158
147, 159
147, 160
147, 161
147, 162
147, 163
147, 164
147, 165
147, 166
147, 167
147, 168
147, 169
147, 170
147, 171
147, 172
147, 173
147, 174
147, 175
147, 176
147, 177
147, 178
147, 179
147, 180
147, 181
147, 182
147, 183
147, 184
147, 185
147, 186
147, 187
147, 188
147, 189
147, 190
147, 191
147, 192
147, 193
147, 194
147, 195
147, 196
147, 197
147, 198
147, 199
147, 200
147, 201
147, 202
147, 203
147, 204
147, 205
147, 206
147, 207
147, 208
147, 209
147, 210
147, 211
147, 212
148, 111
148, 112
148, 113
148, 114
148, 115
148, 116
148, 117
148, 118
148, 119
148, 120
148, 121
148, 122
148, 123
148, 124
148, 125
148, 126
148, 127
148, 128
148, 129
148, 130
148, 131
148, 132
148, 133
148, 134
148, 135
148, 136
148, 137
148, 138
148, 139
148, 140
148, 141
148, 142
148, 143
148, 144
148, 145
148, 146
148, 147
148, 148
148, 149
148, 150
148, 151
148, 152
148, 153
148, 154
148, 155
148, 156
148, 157
148, 158
148, 159
148, 160
148, 161
148, 162
148, 163
148, 164
148, 165
148, 166
148, 167
148, 168
148, 169
148, 170
148, 171
148, 172
148, 173
148, 174
148, 175
148, 176
148, 177
148, 178
148, 179
148, 180
148, 181
148, 182
148, 183
148, 184
148, 185
148, 186
148, 187
148, 188
148, 189
148, 190
148, 191
148, 192
148, 193
148, 194
148, 195
148, 196
148, 197
148, 198
148, 199
148, 200
148, 201
148, 202
148, 203
148, 204
148, 205
148, 206
148, 207
148, 208
148, 209
148, 210
148, 211
148, 212
148, 213
149, 111
149, 112
149, 113
149, 114
149, 115
149, 116
149, 117
149, 118
149, 119
149, 120
149, 121
149, 122
149, 123
149, 124
149, 125
149, 126
149, 127
149, 128
149, 129
149, 130
149, 131
149, 132
149, 133
149, 134
149, 135
149, 136
149, 137
149, 138
149, 139
149, 140
149, 141
149, 142
149, 143
149, 144
149, 145
149, 146
149, 147
149, 148
149, 149
149, 150
149, 151
149, 152
149, 153
149, 154
149, 155
149, 156
149, 157
149, 158
149, 159
149, 160
149, 161
149, 162
149, 163
149, 164
149, 165
149, 166
149, 167
149, 168
149, 169
149, 170
149, 171
149, 172
149, 173
149, 174
149, 175
149, 176
149, 177
149, 178
149, 179
149, 180
149, 181
149, 182
149, 183
149, 184
149, 185
149, 186
149, 187
149, 188
149, 189
149, 190
149, 191
149, 192
149, 193
149, 194
149, 195
149, 196
149, 197
149, 198
149, 199
149, 200
149, 201
149, 202
149, 203
149, 204
149, 205
149, 206
149, 207
149, 208
149, 209
149, 210
149, 211
149, 212
149, 213
150, 111
150, 112
150, 113
150, 114
150, 115
150, 116
150, 117
150, 118
150, 119
150, 120
150, 121
150, 122
150, 123
150, 124
150, 125
150, 126
150, 127
150, 128
150, 129
150, 130
150, 131
150, 132
150, 133
150, 134
150, 135
150, 136
150, 137
150, 138
150, 139
150, 140
150, 141
150, 142
150, 143
150, 144
150, 145
150, 146
150, 147
150, 148
150, 149
150, 150
150, 151
150, 152
150, 153
150, 154
150, 155
150, 156
150, 157
150, 158
150, 159
150, 160
150, 161
150, 162
150, 163
150, 164
150, 165
150, 166
150, 167
150, 168
150, 169
150, 170
150, 171
150, 172
150, 173
150, 174
150, 175
150, 176
150, 177
150, 178
150, 179
150, 180
150, 181
150, 182
150, 183
150, 184
150, 185
150, 186
150, 187
150, 188
150, 189
150, 190
150, 191
150, 192
150, 193
150, 194
150, 195
150, 196
150, 197
150, 198
150, 199
150, 200
150, 201
150, 202
150, 203
150, 204
150, 205
150, 206
150, 207
150, 208
150, 209
150, 210
150, 211
150, 212
150, 213
150, 214
151, 110
151, 111
151, 112
151, 113
151, 114
151, 115
151, 116
151, 117
151, 118
151, 119
151, 120
151, 121
151, 122
151, 123
151, 124
151, 125
151, 126
151, 127
151, 128
151, 129
151, 130
151, 131
151, 132
151, 133
151, 134
151, 135
151, 136
151, 137
151, 138
151, 139
151, 140
151, 141
151, 142
151, 143
151, 144
151, 145
151, 146
151, 147
151, 148
151, 149
151, 150
151, 151
151, 152
151, 153
151, 154
151, 155
151, 156
151, 157
151, 158
151, 159
151, 160
151, 161
151, 162
151, 163
151, 164
151, 165
151, 166
151, 167
151, 168
151, 169
151, 170
151, 171
151, 172
151, 173
151, 174
151, 175
151, 176
151, 177
151, 178
151, 179
151, 180
151, 181
151, 182
151, 183
151, 184
151, 185
151, 186
151, 187
151, 188
151, 189
151, 190
151, 191
151, 192
151, 193
151, 194
151, 195
151, 196
151, 197
151, 198
151, 199
151, 200
151, 201
151, 202
151, 203
151, 204
151, 205
151, 206
151, 207
151, 208
151, 209
151, 210
151, 211
151, 212
151, 213
151, 214
152, 110
152, 111
152, 112
152, 113
152, 114
152, 115
152, 116
152, 117
152, 118
152, 119
152, 120
152, 121
152, 122
152, 123
152, 124
152, 125
152, 126
152, 127
152, 128
152, 129
152, 130
152, 131
152, 132
152, 133
152, 134
152, 135
152, 136
152, 137
152, 138
152, 139
152, 140
152, 141
152, 142
152, 143
152, 144
152, 145
152, 146
152, 147
152, 148
152, 149
152, 150
152, 151
152, 152
152, 153
152, 154
152, 155
152, 156
152, 157
152, 158
152, 159
152, 160
152, 161
152, 162
152, 163
152, 164
152, 165
152, 166
152, 167
152, 168
152, 169
152, 170
152, 171
152, 172
152, 173
152, 174
152, 175
152, 176
152, 177
152, 178
152, 179
152, 180
152, 181
152, 182
152, 183
152, 184
152, 185
152, 186
152, 187
152, 188
152, 189
152, 190
152, 191
152, 192
152, 193
152, 194
152, 195
152, 196
152, 197
152, 198
152, 199
152, 200
152, 201
152, 202
152, 203
152, 204
152, 205
152, 206
152, 207
152, 208
152, 209
152, 210
152, 211
152, 212
152, 213
152, 214
152, 215
153, 111
153, 112
153, 113
153, 114
153, 115
153, 116
153, 117
153, 118
153, 119
153, 120
153, 121
153, 122
153, 123
153, 124
153, 125
153, 126
153, 127
153, 128
153, 129
153, 130
153, 131
153, 132
153, 133
153, 134
153, 135
153, 136
153, 137
153, 138
153, 139
153, 140
153, 141
153, 142
153, 143
153, 144
153, 145
153, 146
153, 147
153, 148
153, 149
153, 150
153, 151
153, 152
153, 153
153, 154
153, 155
153, 156
153, 157
153, 158
153, 159
153, 160
153, 161
153, 162
153, 163
153, 164
153, 165
153, 166
153, 167
153, 168
153, 169
153, 170
153, 171
153, 172
153, 173
153, 174
153, 175
153, 176
153, 177
153, 178
153, 179
153, 180
153, 181
153, 182
153, 183
153, 184
153, 185
153, 186
153, 187
153, 188
153, 189
153, 190
153, 191
153, 192
153, 193
153, 194
153, 195
153, 196
153, 197
153, 198
153, 199
153, 200
153, 201
153, 202
153, 203
153, 204
153, 205
153, 206
153, 207
153, 208
153, 209
153, 210
153, 211
153, 212
153, 213
153, 214
153, 215
154, 111
154, 112
154, 113
154, 114
154, 115
154, 116
154, 117
154, 118
154, 119
154, 120
154, 121
154, 122
154, 123
154, 124
154, 125
154, 126
154, 127
154, 128
154, 129
154, 130
154, 131
154, 132
154, 133
154, 134
154, 135
154, 136
154, 137
154, 138
154, 139
154, 140
154, 141
154, 142
154, 143
154, 144
154, 145
154, 146
154, 147
154, 148
154, 149
154, 150
154, 151
154, 152
154, 153
154, 154
154, 155
154, 156
154, 157
154, 158
154, 159
154, 160
154, 161
154, 162
154, 163
154, 164
154, 165
154, 166
154, 167
154, 168
154, 169
154, 170
154, 171
154, 172
154, 173
154, 174
154, 175
154, 176
154, 177
154, 178
154, 179
154, 180
154, 181
154, 182
154, 183
154, 184
154, 185
154, 186
154, 187
154, 188
154, 189
154, 190
154, 191
154, 192
154, 193
154, 194
154, 195
154, 196
154, 197
154, 198
154, 199
154, 200
154, 201
154, 202
154, 203
154, 204
154, 205
154, 206
154, 207
154, 208
154, 209
154, 210
154, 211
154, 212
154, 213
154, 214
154, 215
155, 111
155, 112
155, 113
155, 114
155, 115
155, 116
155, 117
155, 118
155, 119
155, 120
155, 121
155, 122
155, 123
155, 124
155, 125
155, 126
155, 127
155, 128
155, 129
155, 130
155, 131
155, 132
155, 133
155, 134
155, 135
155, 136
155, 137
155, 138
155, 139
155, 140
155, 141
155, 142
155, 143
155, 144
155, 145
155, 146
155, 147
155, 148
155, 149
155, 150
155, 151
155, 152
155, 153
155, 154
155, 155
155, 156
155, 157
155, 158
155, 159
155, 160
155, 161
155, 162
155, 163
155, 164
155, 165
155, 166
155, 167
155, 168
155, 169
155, 170
155, 171
155, 172
155, 173
155, 174
155, 175
155, 176
155, 177
155, 178
155, 179
155, 180
155, 181
155, 182
155, 183
155, 184
155, 185
155, 186
155, 187
155, 188
155, 189
155, 190
155, 191
155, 192
155, 193
155, 194
155, 195
155, 196
155, 197
155, 198
155, 199
155, 200
155, 201
155, 202
155, 203
155, 204
155, 205
155, 206
155, 207
155, 208
155, 209
155, 210
155, 211
155, 212
155, 213
155, 214
155, 215
156, 111
156, 112
156, 113
156, 114
156, 115
156, 116
156, 117
156, 118
156, 119
156, 120
156, 121
156, 122
156, 123
156, 124
156, 125
156, 126
156, 127
156, 128
156, 129
156, 130
156, 131
156, 132
156, 133
156, 134
156, 135
156, 136
156, 137
156, 138
156, 139
156, 140
156, 141
156, 142
156, 143
156, 144
156, 145
156, 146
156, 147
156, 148
156, 149
156, 150
156, 151
156, 152
156, 153
156, 154
156, 155
156, 156
156, 157
156, 158
156, 159
156, 160
156, 161
156, 162
156, 163
156, 164
156, 165
156, 166
156, 167
156, 168
156, 169
156, 170
156, 171
156, 172
156, 173
156, 174
156, 175
156, 176
156, 177
156, 178
156, 179
156, 180
156, 181
156, 182
156, 183
156, 184
156, 185
156, 186
156, 187
156, 188
156, 189
156, 190
156, 191
156, 192
156, 193
156, 194
156, 195
156, 196
156, 197
156, 198
156, 199
156, 200
156, 201
156, 202
156, 203
156, 204
156, 205
156, 206
156, 207
156, 208
156, 209
156, 210
156, 211
156, 212
156, 213
156, 214
156, 215
157, 111
157, 112
157, 113
157, 114
157, 115
157, 116
157, 117
157, 118
157, 119
157, 120
157, 121
157, 122
157, 123
157, 124
157, 125
157, 126
157, 127
157, 128
157, 129
157, 130
157, 131
157, 132
157, 133
157, 134
157, 135
157, 136
157, 137
157, 138
157, 139
157, 140
157, 141
157, 142
157, 143
157, 144
157, 145
157, 146
157, 147
157, 148
157, 149
157, 150
157, 151
157, 152
157, 153
157, 154
157, 155
157, 156
157, 157
157, 158
157, 159
157, 160
157, 161
157, 162
157, 163
157, 164
157, 165
157, 166
157, 167
157, 168
157, 169
157, 170
157, 171
157, 172
157, 173
157, 174
157, 175
157, 176
157, 177
157, 178
157, 179
157, 180
157, 181
157, 182
157, 183
157, 184
157, 185
157, 186
157, 187
157, 188
157, 189
157, 190
157, 191
157, 192
157, 193
157, 194
157, 195
157, 196
157, 197
157, 198
157, 199
157, 200
157, 201
157, 202
157, 203
157, 204
157, 205
157, 206
157, 207
157, 208
157, 209
157, 210
157, 211
157, 212
157, 213
157, 214
158, 111
158, 112
158, 113
158, 114
158, 115
158, 116
158, 117
158, 118
158, 119
158, 120
158, 121
158, 122
158, 123
158, 124
158, 125
158, 126
158, 127
158, 128
158, 129
158, 130
158, 131
158, 132
158, 133
158, 134
158, 135
158, 136
158, 137
158, 138
158, 139
158, 140
158, 141
158, 142
158, 143
158, 144
158, 145
158, 146
158, 147
158, 148
158, 149
158, 150
158, 151
158, 152
158, 153
158, 154
158, 155
158, 156
158, 157
158, 158
158, 159
158, 160
158, 161
158, 162
158, 163
158, 164
158, 165
158, 166
158, 167
158, 168
158, 169
158, 170
158, 171
158, 172
158, 173
158, 174
158, 175
158, 176
158, 177
158, 178
158, 179
158, 180
158, 181
158, 182
158, 183
158, 184
158, 185
158, 186
158, 187
158, 188
158, 189
158, 190
158, 191
158, 192
158, 193
158, 194
158, 195
158, 196
158, 197
158, 198
158, 199
158, 200
158, 201
158, 202
158, 203
158, 204
158, 205
158, 206
158, 207
158, 208
158, 209
158, 210
158, 211
158, 212
158, 213
158, 214
159, 111
159, 112
159, 113
159, 114
159, 115
159, 116
159, 117
159, 118
159, 119
159, 120
159, 121
159, 122
159, 123
159, 124
159, 125
159, 126
159, 127
159, 128
159, 129
159, 130
159, 131
159, 132
159, 133
159, 134
159, 135
159, 136
159, 137
159, 138
159, 139
159, 140
159, 141
159, 142
159, 143
159, 144
159, 145
159, 146
159, 147
159, 148
159, 149
159, 150
159, 151
159, 152
159, 153
159, 154
159, 155
159, 156
159, 157
159, 158
159, 159
159, 160
159, 161
159, 162
159, 163
159, 164
159, 165
159, 166
159, 167
159, 168
159, 169
159, 170
159, 171
159, 172
159, 173
159, 174
159, 175
159, 176
159, 177
159, 178
159, 179
159, 180
159, 181
159, 182
159, 183
159, 184
159, 185
159, 186
159, 187
159, 188
159, 189
159, 190
159, 191
159, 192
159, 193
159, 194
159, 195
159, 196
159, 197
159, 198
159, 199
159, 200
159, 201
159, 202
159, 203
159, 204
159, 205
159, 206
159, 207
159, 208
159, 209
159, 210
159, 211
159, 212
159, 213
159, 214
160, 111
160, 112
160, 113
160, 114
160, 115
160, 116
160, 117
160, 118
160, 119
160, 120
160, 121
160, 122
160, 123
160, 124
160, 125
160, 126
160, 127
160, 128
160, 129
160, 130
160, 131
160, 132
160, 133
160, 134
160, 135
160, 136
160, 137
160, 138
160, 139
160, 140
160, 141
160, 142
160, 143
160, 144
160, 145
160, 146
160, 147
160, 148
160, 149
160, 150
160, 151
160, 152
160, 153
160, 154
160, 155
160, 156
160, 157
160, 158
160, 159
160, 160
160, 161
160, 162
160, 163
160, 164
160, 165
160, 166
160, 167
160, 168
160, 169
160, 170
160, 171
160, 172
160, 173
160, 174
160, 175
160, 176
160, 177
160, 178
160, 179
160, 180
160, 181
160, 182
160, 183
160, 184
160, 185
160, 186
160, 187
160, 188
160, 189
160, 190
160, 191
160, 192
160, 193
160, 194
160, 195
160, 196
160, 197
160, 198
160, 199
160, 200
160, 201
160, 202
160, 203
160, 204
160, 205
160, 206
160, 207
160, 208
160, 209
160, 210
160, 211
160, 212
160, 213
161, 111
161, 112
161, 113
161, 114
161, 115
161, 116
161, 117
161, 118
161, 119
161, 120
161, 121
161, 122
161, 123
161, 124
161, 125
161, 126
161, 127
161, 128
161, 129
161, 130
161, 131
161, 132
161, 133
161, 134
161, 135
161, 136
161, 137
161, 138
161, 139
161, 140
161, 141
161, 142
161, 143
161, 144
161, 145
161, 146
161, 147
161, 148
161, 149
161, 150
161, 151
161, 152
161, 153
161, 154
161, 155
161, 156
161, 157
161, 158
161, 159
161, 160
161, 161
161, 162
161, 163
161, 164
161, 165
161, 166
161, 167
161, 168
161, 169
161, 170
161, 171
161, 172
161, 173
161, 174
161, 175
161, 176
161, 177
161, 178
161, 179
161, 180
161, 181
161, 182
161, 183
161, 184
161, 185
161, 186
161, 187
161, 188
161, 189
161, 190
161, 191
161, 192
161, 193
161, 194
161, 195
161, 196
161, 197
161, 198
161, 199
161, 200
161, 201
161, 202
161, 203
161, 204
161, 205
161, 206
161, 207
161, 208
161, 209
161, 210
161, 211
162, 112
162, 113
162, 114
162, 115
162, 116
162, 117
162, 118
162, 119
162, 120
162, 121
162, 122
162, 123
162, 124
162, 125
162, 126
162, 127
162, 128
162, 129
162, 130
162, 131
162, 132
162, 133
162, 134
162, 135
162, 136
162, 137
162, 138
162, 139
162, 140
162, 141
162, 142
162, 143
162, 144
162, 145
162, 146
162, 147
162, 148
162, 149
162, 150
162, 151
162, 152
162, 153
162, 154
162, 155
162, 156
162, 157
162, 158
162, 159
162, 160
162, 161
162, 162
162, 163
162, 164
162, 165
162, 166
162, 167
162, 168
162, 169
162, 170
162, 171
162, 172
162, 173
162, 174
162, 175
162, 176
162, 177
162, 178
162, 179
162, 180
162, 181
162, 182
162, 183
162, 184
162, 185
162, 186
162, 187
162, 188
162, 189
162, 190
162, 191
162, 192
162, 193
162, 194
162, 195
162, 196
162, 197
162, 198
162, 199
162, 200
162, 201
162, 202
162, 203
162, 204
162, 205
162, 206
162, 207
162, 208
163, 112
163, 113
163, 114
163, 115
163, 116
163, 117
163, 118
163, 119
163, 120
163, 121
163, 122
163, 123
163, 124
163, 125
163, 126
163, 127
163, 128
163, 129
163, 130
163, 131
163, 132
163, 133
163, 134
163, 135
163, 136
163, 137
163, 138
163, 139
163, 140
163, 141
163, 142
163, 143
163, 144
163, 145
163, 146
163, 147
163, 148
163, 149
163, 150
163, 151
163, 152
163, 153
163, 154
163, 155
163, 156
163, 157
163, 158
163, 159
163, 160
163, 161
163, 162
163, 163
163, 164
163, 165
163, 166
163, 167
163, 168
163, 169
163, 170
163, 171
163, 172
163, 173
163, 174
163, 175
163, 176
163, 177
163, 178
163, 179
163, 180
163, 181
163, 182
163, 183
163, 184
163, 185
163, 186
163, 187
163, 188
163, 189
163, 190
163, 191
163, 192
163, 193
163, 194
163, 195
163, 196
163, 197
163, 198
163, 199
163, 200
163, 201
163, 202
163, 203
163, 204
164, 112
164, 113
164, 114
164, 115
164, 116
164, 117
164, 118
164, 119
164, 120
164, 121
164, 122
164, 123
164, 124
164, 125
164, 126
164, 127
164, 128
164, 129
164, 130
164, 131
164, 132
164, 133
164, 134
164, 135
164, 136
164, 137
164, 138
164, 139
164, 140
164, 141
164, 142
164, 143
164, 144
164, 145
164, 146
164, 147
164, 148
164, 149
164, 150
164, 151
164, 152
164, 153
164, 154
164, 155
164, 156
164, 157
164, 158
164, 159
164, 160
164, 161
164, 162
164, 163
164, 164
164, 165
164, 166
164, 167
164, 168
164, 169
164, 170
164, 171
164, 172
164, 173
164, 174
164, 175
164, 176
164, 177
164, 178
164, 179
164, 180
164, 181
164, 182
164, 183
164, 184
164, 185
164, 186
164, 187
164, 188
164, 189
164, 190
164, 191
164, 192
164, 193
164, 194
164, 195
164, 196
164, 197
164, 198
164, 199
164, 200
165, 113
165, 114
165, 115
165, 116
165, 117
165, 118
165, 119
165, 120
165, 121
165, 122
165, 123
165, 124
165, 125
165, 126
165, 127
165, 128
165, 129
165, 130
165, 131
165, 132
165, 133
165, 134
165, 135
165, 136
165, 137
165, 138
165, 139
165, 140
165, 141
165, 142
165, 143
165, 144
165, 145
165, 146
165, 147
165, 148
165, 149
165, 150
165, 151
165, 152
165, 153
165, 154
165, 155
165, 156
165, 157
165, 158
165, 159
165, 160
165, 161
165, 162
165, 163
165, 164
165, 165
165, 166
165, 167
165, 168
165, 169
165, 170
165, 171
165, 172
165, 173
165, 174
165, 175
165, 176
165, 177
165, 178
165, 179
165, 180
165, 181
165, 182
165, 183
165, 184
165, 185
165, 186
165, 187
165, 188
165, 189
165, 190
165, 191
165, 192
165, 193
165, 194
165, 195
166, 113
166, 114
166, 115
166, 116
166, 117
166, 118
166, 119
166, 120
166, 121
166, 122
166, 123
166, 124
166, 125
166, 126
166, 127
166, 128
166, 129
166, 130
166, 131
166, 132
166, 133
166, 134
166, 135
166, 136
166, 137
166, 138
166, 139
166, 140
166, 141
166, 142
166, 143
166, 144
166, 145
166, 146
166, 147
166, 148
166, 149
166, 150
166, 151
166, 152
166, 153
166, 154
166, 155
166, 156
166, 157
166, 158
166, 159
166, 160
166, 161
166, 162
166, 163
166, 164
166, 165
166, 166
166, 167
166, 168
166, 169
166, 170
166, 171
166, 172
166, 173
166, 174
166, 175
166, 176
166, 177
166, 178
166, 179
166, 180
166, 181
166, 182
166, 183
166, 184
166, 185
166, 186
166, 187
166, 188
166, 189
166, 190
166, 191
167, 115
167, 116
167, 117
167, 118
167, 119
167, 120
167, 121
167, 122
167, 123
167, 124
167, 125
167, 126
167, 127
167, 128
167, 129
167, 130
167, 131
167, 132
167, 133
167, 134
167, 135
167, 136
167, 137
167, 138
167, 139
167, 140
167, 141
167, 142
167, 143
167, 144
167, 145
167, 146
167, 147
167, 148
167, 149
167, 150
167, 151
167, 152
167, 153
167, 154
167, 155
167, 156
167, 157
167, 158
167, 159
167, 160
167, 161
167, 162
167, 163
167, 164
167, 165
167, 166
167, 167
167, 168
167, 169
167, 170
167, 175
167, 176
167, 177
167, 178
167, 179
167, 180
167, 181
167, 182
167, 183
167, 184
167, 185
167, 186
168, 117
168, 118
168, 119
168, 120
168, 121
168, 122
168, 123
168, 124
168, 125
168, 126
168, 127
168, 128
168, 129
168, 130
168, 131
168, 132
168, 133
168, 134
168, 135
168, 136
168, 137
168, 138
168, 139
168, 140
168, 141
168, 142
168, 143
168, 144
168, 145
168, 146
168, 147
168, 148
168, 149
168, 150
168, 151
168, 152
168, 153
168, 154
168, 155
168, 156
168, 157
169, 121
169, 122
169, 123
169, 124
169, 125
169, 126
169, 127
169, 128
169, 129
169, 130
169, 131
169, 132
169, 133
169, 134
169, 135
169, 136
169, 137
169, 138
169, 139
169, 140
169, 141
169, 142
169, 143
169, 144
169, 145
169, 146
169, 147
169, 148
169, 149
169, 150
169, 151
170, 127
170, 128
170, 129
170, 130
170, 131
170, 132
170, 133
