5, 83
5, 84
5, 85
5, 86
5, 87
5, 88
5, 89
5, 90
5, 91
5, 92
5, 93
5, 94
5, 95
5, 96
5, 97
5, 98
5, 99
5, 100
5, 101
5, 102
5, 103
5, 104
5, 105
5, 106
5, 107
5, 108
5, 109
5, 110
5, 111
5, 112
5, 113
5, 114
5, 115
5, 116
5, 117
5, 118
5, 119
5, 120
5, 121
5, 122
5, 123
5, 124
5, 125
5, 126
5, 127
5, 128
5, 129
5, 130
5, 131
5, 132
5, 133
5, 134
5, 135
5, 136
5, 137
5, 138
5, 139
6, 79
6, 80
6, 81
6, 82
6, 83
6, 84
6, 85
6, 86
6, 87
6, 88
6, 89
6, 90
6, 91
6, 92
6, 93
6, 94
6, 95
6, 96
6, 97
6, 98
6, 99
6, 100
6, 101
6, 102
6, 103
6, 104
6, 105
6, 106
6, 107
6, 108
6, 109
6, 110
6, 111
6, 112
6, 113
6, 114
6, 115
6, 116
6, 117
6, 118
6, 119
6, 120
6, 121
6, 122
6, 123
6, 124
6, 125
6, 126
6, 127
6, 128
6, 129
6, 130
6, 131
6, 132
6, 133
6, 134
6, 135
6, 136
6, 137
6, 138
6, 139
6, 140
6, 141
7, 77
7, 78
7, 79
7, 80
7, 81
7, 82
7, 83
7, 84
7, 85
7, 86
7, 87
7, 88
7, 89
7, 90
7, 91
7, 92
7, 93
7, 94
7, 95
7, 96
7, 97
7, 98
7, 99
7, 100
7, 101
7, 102
7, 103
7, 104
7, 105
7, 106
7, 107
7, 108
7, 109
7, 110
7, 111
7, 112
7, 113
7, 114
7, 115
7, 116
7, 117
7, 118
7, 119
7, 120
7, 121
7, 122
7, 123
7, 124
7, 125
7, 126
7, 127
7, 128
7, 129
7, 130
7, 131
7, 132
7, 133
7, 134
7, 135
7, 136
7, 137
7, 138
7, 139
7, 140
7, 141
7, 142
7, 143
8, 76
8, 77
8, 78
8, 79
8, 80
8, 81
8, 82
8, 83
8, 84
8, 85
8, 86
8, 87
8, 88
8, 89
8, 90
8, 91
8, 92
8, 93
8, 94
8, 95
8, 96
8, 97
8, 98
8, 99
8, 100
8, 101
8, 102
8, 103
8, 104
8, 105
8, 106
8, 107
8, 108
8, 109
8, 110
8, 111
8, 112
8, 113
8, 114
8, 115
8, 116
8, 117
8, 118
8, 119
8, 120
8, 121
8, 122
8, 123
8, 124
8, 125
8, 126
8, 127
8, 128
8, 129
8, 130
8, 131
8, 132
8, 133
8, 134
8, 135
8, 136
8, 137
8, 138
8, 139
8, 140
8, 141
8, 142
8, 143
8, 144
8, 145
9, 75
9, 76
9, 77
9, 78
9, 79
9, 80
9, 81
9, 82
9, 83
9, 84
9, 85
9, 86
9, 87
9, 88
9, 89
9, 90
9, 91
9, 92
9, 93
9, 94
9, 95
9, 96
9, 97
9, 98
9, 99
9, 100
9, 101
9, 102
9, 103
9, 104
9, 105
9, 106
9, 107
9, 108
9, 109
9, 110
9, 111
9, 112
9, 113
9, 114
9, 115
9, 116
9, 117
9, 118
9, 119
9, 120
9, 121
9, 122
9, 123
9, 124
9, 125
9, 126
9, 127
9, 128
9, 129
9, 130
9, 131
9, 132
9, 133
9, 134
9, 135
9, 136
9, 137
9, 138
9, 139
9, 140
9, 141
9, 142
9, 143
9, 144
9, 145
9, 146
9, 147
10, 74
10, 75
10, 76
10, 77
10, 78
10, 79
10, 80
10, 81
10, 82
10, 83
10, 84
10, 85
10, 86
10, 87
10, 88
10, 89
10, 90
10, 91
10, 92
10, 93
10, 94
10, 95
10, 96
10, 97
10, 98
10, 99
10, 100
10, 101
10, 102
10, 103
10, 104
10, 105
10, 106
10, 107
10, 108
10, 109
10, 110
10, 111
10, 112
10, 113
10, 114
10, 115
10, 116
10, 117
10, 118
10, 119
10, 120
10, 121
10, 122
10, 123
10, 124
10, 125
10, 126
10, 127
10, 128
10, 129
10, 130
10, 131
10, 132
10, 133
10, 134
10, 135
10, 136
10, 137
10, 138
10, 139
10, 140
10, 141
10, 142
10, 143
10, 144
10, 145
10, 146
10, 147
10, 148
11, 73
11, 74
11, 75
11, 76
11, 77
11, 78
11, 79
11, 80
11, 81
11, 82
11, 83
11, 84
11, 85
11, 86
11, 87
11, 88
11, 89
11, 90
11, 91
11, 92
11, 93
11, 94
11, 95
11, 96
11, 97
11, 98
11, 99
11, 100
11, 101
11, 102
11, 103
11, 104
11, 105
11, 106
11, 107
11, 108
11, 109
11, 110
11, 111
11, 112
11, 113
11, 114
11, 115
11, 116
11, 117
11, 118
11, 119
11, 120
11, 121
11, 122
11, 123
11, 124
11, 125
11, 126
11, 127
11, 128
11, 129
11, 130
11, 131
11, 132
11, 133
11, 134
11, 135
11, 136
11, 137
11, 138
11, 139
11, 140
11, 141
11, 142
11, 143
11, 144
11, 145
11, 146
11, 147
11, 148
11, 149
12, 72
12, 73
12, 74
12, 75
12, 76
12, 77
12, 78
12, 79
12, 80
12, 81
12, 82
12, 83
12, 84
12, 85
12, 86
12, 87
12, 88
12, 89
12, 90
12, 91
12, 92
12, 93
12, 94
12, 95
12, 96
12, 97
12, 98
12, 99
12, 100
12, 101
12, 102
12, 103
12, 104
12, 105
12, 106
12, 107
12, 108
12, 109
12, 110
12, 111
12, 112
12, 113
12, 114
12, 115
12, 116
12, 117
12, 118
12, 119
12, 120
12, 121
12, 122
12, 123
12, 124
12, 125
12, 126
12, 127
12, 128
12, 129
12, 130
12, 131
12, 132
12, 133
12, 134
12, 135
12, 136
12, 137
12, 138
12, 139
12, 140
12, 141
12, 142
12, 143
12, 144
12, 145
12, 146
12, 147
12, 148
12, 149
12, 150
12, 151
13, 71
13, 72
13, 73
13, 74
13, 75
13, 76
13, 77
13, 78
13, 79
13, 80
13, 81
13, 82
13, 83
13, 84
13, 85
13, 86
13, 87
13, 88
13, 89
13, 90
13, 91
13, 92
13, 93
13, 94
13, 95
13, 96
13, 97
13, 98
13, 99
13, 100
13, 101
13, 102
13, 103
13, 104
13, 105
13, 106
13, 107
13, 108
13, 109
13, 110
13, 111
13, 112
13, 113
13, 114
13, 115
13, 116
13, 117
13, 118
13, 119
13, 120
13, 121
13, 122
13, 123
13, 124
13, 125
13, 126
13, 127
13, 128
13, 129
13, 130
13, 131
13, 132
13, 133
13, 134
13, 135
13, 136
13, 137
13, 138
13, 139
13, 140
13, 141
13, 142
13, 143
13, 144
13, 145
13, 146
13, 147
13, 148
13, 149
13, 150
13, 151
14, 71
14, 72
14, 73
14, 74
14, 75
14, 76
14, 77
14, 78
14, 79
14, 80
14, 81
14, 82
14, 83
14, 84
14, 85
14, 86
14, 87
14, 88
14, 89
14, 90
14, 91
14, 92
14, 93
14, 94
14, 95
14, 96
14, 97
14, 98
14, 99
14, 100
14, 101
14, 102
14, 103
14, 104
14, 105
14, 106
14, 107
14, 108
14, 109
14, 110
14, 111
14, 112
14, 113
14, 114
14, 115
14, 116
14, 117
14, 118
14, 119
14, 120
14, 121
14, 122
14, 123
14, 124
14, 125
14, 126
14, 127
14, 128
14, 129
14, 130
14, 131
14, 132
14, 133
14, 134
14, 135
14, 136
14, 137
14, 138
14, 139
14, 140
14, 141
14, 142
14, 143
14, 144
14, 145
14, 146
14, 147
14, 148
14, 149
14, 150
14, 151
14, 152
15, 71
15, 72
15, 73
15, 74
15, 75
15, 76
15, 77
15, 78
15, 79
15, 80
15, 81
15, 82
15, 83
15, 84
15, 85
15, 86
15, 87
15, 88
15, 89
15, 90
15, 91
15, 92
15, 93
15, 94
15, 95
15, 96
15, 97
15, 98
15, 99
15, 100
15, 101
15, 102
15, 103
15, 104
15, 105
15, 106
15, 107
15, 108
15, 109
15, 110
15, 111
15, 112
15, 113
15, 114
15, 115
15, 116
15, 117
15, 118
15, 119
15, 120
15, 121
15, 122
15, 123
15, 124
15, 125
15, 126
15, 127
15, 128
15, 129
15, 130
15, 131
15, 132
15, 133
15, 134
15, 135
15, 136
15, 137
15, 138
15, 139
15, 140
15, 141
15, 142
15, 143
15, 144
15, 145
15, 146
15, 147
15, 148
15, 149
15, 150
15, 151
15, 152
15, 153
15, 154
16, 71
16, 72
16, 73
16, 74
16, 75
16, 76
16, 77
16, 78
16, 79
16, 80
16, 81
16, 82
16, 83
16, 84
16, 85
16, 86
16, 87
16, 88
16, 89
16, 90
16, 91
16, 92
16, 93
16, 94
16, 95
16, 96
16, 97
16, 98
16, 99
16, 100
16, 101
16, 102
16, 103
16, 104
16, 105
16, 106
16, 107
16, 108
16, 109
16, 110
16, 111
16, 112
16, 113
16, 114
16, 115
16, 116
16, 117
16, 118
16, 119
16, 120
16, 121
16, 122
16, 123
16, 124
16, 125
16, 126
16, 127
16, 128
16, 129
16, 130
16, 131
16, 132
16, 133
16, 134
16, 135
16, 136
16, 137
16, 138
16, 139
16, 140
16, 141
16, 142
16, 143
16, 144
16, 145
16, 146
16, 147
16, 148
16, 149
16, 150
16, 151
16, 152
16, 153
16, 154
16, 155
17, 71
17, 72
17, 73
17, 74
17, 75
17, 76
17, 77
17, 78
17, 79
17, 80
17, 81
17, 82
17, 83
17, 84
17, 85
17, 86
17, 87
17, 88
17, 89
17, 90
17, 91
17, 92
17, 93
17, 94
17, 95
17, 96
17, 97
17, 98
17, 99
17, 100
17, 101
17, 102
17, 103
17, 104
17, 105
17, 106
17, 107
17, 108
17, 109
17, 110
17, 111
17, 112
17, 113
17, 114
17, 115
17, 116
17, 117
17, 118
17, 119
17, 120
17, 121
17, 122
17, 123
17, 124
17, 125
17, 126
17, 127
17, 128
17, 129
17, 130
17, 131
17, 132
17, 133
17, 134
17, 135
17, 136
17, 137
17, 138
17, 139
17, 140
17, 141
17, 142
17, 143
17, 144
17, 145
17, 146
17, 147
17, 148
17, 149
17, 150
17, 151
17, 152
17, 153
17, 154
17, 155
17, 156
18, 71
18, 72
18, 73
18, 74
18, 75
18, 76
18, 77
18, 78
18, 79
18, 80
18, 81
18, 82
18, 83
18, 84
18, 85
18, 86
18, 87
18, 88
18, 89
18, 90
18, 91
18, 92
18, 93
18, 94
18, 95
18, 96
18, 97
18, 98
18, 99
18, 100
18, 101
18, 102
18, 103
18, 104
18, 105
18, 106
18, 107
18, 108
18, 109
18, 110
18, 111
18, 112
18, 113
18, 114
18, 115
18, 116
18, 117
18, 118
18, 119
18, 120
18, 121
18, 122
18, 123
18, 124
18, 125
18, 126
18, 127
18, 128
18, 129
18, 130
18, 131
18, 132
18, 133
18, 134
18, 135
18, 136
18, 137
18, 138
18, 139
18, 140
18, 141
18, 142
18, 143
18, 144
18, 145
18, 146
18, 147
18, 148
18, 149
18, 150
18, 151
18, 152
18, 153
18, 154
18, 155
18, 156
18, 157
19, 70
19, 71
19, 72
19, 73
19, 74
19, 75
19, 76
19, 77
19, 78
19, 79
19, 80
19, 81
19, 82
19, 83
19, 84
19, 85
19, 86
19, 87
19, 88
19, 89
19, 90
19, 91
19, 92
19, 93
19, 94
19, 95
19, 96
19, 97
19, 98
19, 99
19, 100
19, 101
19, 102
19, 103
19, 104
19, 105
19, 106
19, 107
19, 108
19, 109
19, 110
19, 111
19, 112
19, 113
19, 114
19, 115
19, 116
19, 117
19, 118
19, 119
19, 120
19, 121
19, 122
19, 123
19, 124
19, 125
19, 126
19, 127
19, 128
19, 129
19, 130
19, 131
19, 132
19, 133
19, 134
19, 135
19, 136
19, 137
19, 138
19, 139
19, 140
19, 141
19, 142
19, 143
19, 144
19, 145
19, 146
19, 147
19, 148
19, 149
19, 150
19, 151
19, 152
19, 153
19, 154
19, 155
19, 156
19, 157
19, 158
20, 70
20, 71
20, 72
20, 73
20, 74
20, 75
20, 76
20, 77
20, 78
20, 79
20, 80
20, 81
20, 82
20, 83
20, 84
20, 85
20, 86
20, 87
20, 88
20, 89
20, 90
20, 91
20, 92
20, 93
20, 94
20, 95
20, 96
20, 97
20, 98
20, 99
20, 100
20, 101
20, 102
20, 103
20, 104
20, 105
20, 106
20, 107
20, 108
20, 109
20, 110
20, 111
20, 112
20, 113
20, 114
20, 115
20, 116
20, 117
20, 118
20, 119
20, 120
20, 121
20, 122
20, 123
20, 124
20, 125
20, 126
20, 127
20, 128
20, 129
20, 130
20, 131
20, 132
20, 133
20, 134
20, 135
20, 136
20, 137
20, 138
20, 139
20, 140
20, 141
20, 142
20, 143
20, 144
20, 145
20, 146
20, 147
20, 148
20, 149
20, 150
20, 151
20, 152
20, 153
20, 154
20, 155
20, 156
20, 157
20, 158
20, 159
21, 70
21, 71
21, 72
21, 73
21, 74
21, 75
21, 76
21, 77
21, 78
21, 79
21, 80
21, 81
21, 82
21, 83
21, 84
21, 85
21, 86
21, 87
21, 88
21, 89
21, 90
21, 91
21, 92
21, 93
21, 94
21, 95
21, 96
21, 97
21, 98
21, 99
21, 100
21, 101
21, 102
21, 103
21, 104
21, 105
21, 106
21, 107
21, 108
21, 109
21, 110
21, 111
21, 112
21, 113
21, 114
21, 115
21, 116
21, 117
21, 118
21, 119
21, 120
21, 121
21, 122
21, 123
21, 124
21, 125
21, 126
21, 127
21, 128
21, 129
21, 130
21, 131
21, 132
21, 133
21, 134
21, 135
21, 136
21, 137
21, 138
21, 139
21, 140
21, 141
21, 142
21, 143
21, 144
21, 145
21, 146
21, 147
21, 148
21, 149
21, 150
21, 151
21, 152
21, 153
21, 154
21, 155
21, 156
21, 157
21, 158
21, 159
21, 160
22, 70
22, 71
22, 72
22, 73
22, 74
22, 75
22, 76
22, 77
22, 78
22, 79
22, 80
22, 81
22, 82
22, 83
22, 84
22, 85
22, 86
22, 87
22, 88
22, 89
22, 90
22, 91
22, 92
22, 93
22, 94
22, 95
22, 96
22, 97
22, 98
22, 99
22, 100
22, 101
22, 102
22, 103
22, 104
22, 105
22, 106
22, 107
22, 108
22, 109
22, 110
22, 111
22, 112
22, 113
22, 114
22, 115
22, 116
22, 117
22, 118
22, 119
22, 120
22, 121
22, 122
22, 123
22, 124
22, 125
22, 126
22, 127
22, 128
22, 129
22, 130
22, 131
22, 132
22, 133
22, 134
22, 135
22, 136
22, 137
22, 138
22, 139
22, 140
22, 141
22, 142
22, 143
22, 144
22, 145
22, 146
22, 147
22, 148
22, 149
22, 150
22, 151
22, 152
22, 153
22, 154
22, 155
22, 156
22, 157
22, 158
22, 159
22, 160
23, 70
23, 71
23, 72
23, 73
23, 74
23, 75
23, 76
23, 77
23, 78
23, 79
23, 80
23, 81
23, 82
23, 83
23, 84
23, 85
23, 86
23, 87
23, 88
23, 89
23, 90
23, 91
23, 92
23, 93
23, 94
23, 95
23, 96
23, 97
23, 98
23, 99
23, 100
23, 101
23, 102
23, 103
23, 104
23, 105
23, 106
23, 107
23, 108
23, 109
23, 110
23, 111
23, 112
23, 113
23, 114
23, 115
23, 116
23, 117
23, 118
23, 119
23, 120
23, 121
23, 122
23, 123
23, 124
23, 125
23, 126
23, 127
23, 128
23, 129
23, 130
23, 131
23, 132
23, 133
23, 134
23, 135
23, 136
23, 137
23, 138
23, 139
23, 140
23, 141
23, 142
23, 143
23, 144
23, 145
23, 146
23, 147
23, 148
23, 149
23, 150
23, 151
23, 152
23, 153
23, 154
23, 155
23, 156
23, 157
23, 158
23, 159
23, 160
23, 161
24, 69
24, 70
24, 71
24, 72
24, 73
24, 74
24, 75
24, 76
24, 77
24, 78
24, 79
24, 80
24, 81
24, 82
24, 83
24, 84
24, 85
24, 86
24, 87
24, 88
24, 89
24, 90
24, 91
24, 92
24, 93
24, 94
24, 95
24, 96
24, 97
24, 98
24, 99
24, 100
24, 101
24, 102
24, 103
24, 104
24, 105
24, 106
24, 107
24, 108
24, 109
24, 110
24, 111
24, 112
24, 113
24, 114
24, 115
24, 116
24, 117
24, 118
24, 119
24, 120
24, 121
24, 122
24, 123
24, 124
24, 125
24, 126
24, 127
24, 128
24, 129
24, 130
24, 131
24, 132
24, 133
24, 134
24, 135
24, 136
24, 137
24, 138
24, 139
24, 140
24, 141
24, 142
24, 143
24, 144
24, 145
24, 146
24, 147
24, 148
24, 149
24, 150
24, 151
24, 152
24, 153
24, 154
24, 155
24, 156
24, 157
24, 158
24, 159
24, 160
24, 161
25, 69
25, 70
25, 71
25, 72
25, 73
25, 74
25, 75
25, 76
25, 77
25, 78
25, 79
25, 80
25, 81
25, 82
25, 83
25, 84
25, 85
25, 86
25, 87
25, 88
25, 89
25, 90
25, 91
25, 92
25, 93
25, 94
25, 95
25, 96
25, 97
25, 98
25, 99
25, 100
25, 101
25, 102
25, 103
25, 104
25, 105
25, 106
25, 107
25, 108
25, 109
25, 110
25, 111
25, 112
25, 113
25, 114
25, 115
25, 116
25, 117
25, 118
25, 119
25, 120
25, 121
25, 122
25, 123
25, 124
25, 125
25, 126
25, 127
25, 128
25, 129
25, 130
25, 131
25, 132
25, 133
25, 134
25, 135
25, 136
25, 137
25, 138
25, 139
25, 140
25, 141
25, 142
25, 143
25, 144
25, 145
25, 146
25, 147
25, 148
25, 149
25, 150
25, 151
25, 152
25, 153
25, 154
25, 155
25, 156
25, 157
25, 158
25, 159
25, 160
25, 161
26, 69
26, 70
26, 71
26, 72
26, 73
26, 74
26, 75
26, 76
26, 77
26, 78
26, 79
26, 80
26, 81
26, 82
26, 83
26, 84
26, 85
26, 86
26, 87
26, 88
26, 89
26, 90
26, 91
26, 92
26, 93
26, 94
26, 95
26, 96
26, 97
26, 98
26, 99
26, 100
26, 101
26, 102
26, 103
26, 104
26, 105
26, 106
26, 107
26, 108
26, 109
26, 110
26, 111
26, 112
26, 113
26, 114
26, 115
26, 116
26, 117
26, 118
26, 119
26, 120
26, 121
26, 122
26, 123
26, 124
26, 125
26, 126
26, 127
26, 128
26, 129
26, 130
26, 131
26, 132
26, 133
26, 134
26, 135
26, 136
26, 137
26, 138
26, 139
26, 140
26, 141
26, 142
26, 143
26, 144
26, 145
26, 146
26, 147
26, 148
26, 149
26, 150
26, 151
26, 152
26, 153
26, 154
26, 155
26, 156
26, 157
26, 158
26, 159
26, 160
26, 161
26, 162
27, 69
27, 70
27, 71
27, 72
27, 73
27, 74
27, 75
27, 76
27, 77
27, 78
27, 79
27, 80
27, 81
27, 82
27, 83
27, 84
27, 85
27, 86
27, 87
27, 88
27, 89
27, 90
27, 91
27, 92
27, 93
27, 94
27, 95
27, 96
27, 97
27, 98
27, 99
27, 100
27, 101
27, 102
27, 103
27, 104
27, 105
27, 106
27, 107
27, 108
27, 109
27, 110
27, 111
27, 112
27, 113
27, 114
27, 115
27, 116
27, 117
27, 118
27, 119
27, 120
27, 121
27, 122
27, 123
27, 124
27, 125
27, 126
27, 127
27, 128
27, 129
27, 130
27, 131
27, 132
27, 133
27, 134
27, 135
27, 136
27, 137
27, 138
27, 139
27, 140
27, 141
27, 142
27, 143
27, 144
27, 145
27, 146
27, 147
27, 148
27, 149
27, 150
27, 151
27, 152
27, 153
27, 154
27, 155
27, 156
27, 157
27, 158
27, 159
27, 160
27, 161
27, 162
28, 70
28, 71
28, 72
28, 73
28, 74
28, 75
28, 76
28, 77
28, 78
28, 79
28, 80
28, 81
28, 82
28, 83
28, 84
28, 85
28, 86
28, 87
28, 88
28, 89
28, 90
28, 91
28, 92
28, 93
28, 94
28, 95
28, 96
28, 97
28, 98
28, 99
28, 100
28, 101
28, 102
28, 103
28, 104
28, 105
28, 106
28, 107
28, 108
28, 109
28, 110
28, 111
28, 112
28, 113
28, 114
28, 115
28, 116
28, 117
28, 118
28, 119
28, 120
28, 121
28, 122
28, 123
28, 124
28, 125
28, 126
28, 127
28, 128
28, 129
28, 130
28, 131
28, 132
28, 133
28, 134
28, 135
28, 136
28, 137
28, 138
28, 139
28, 140
28, 141
28, 142
28, 143
28, 144
28, 145
28, 146
28, 147
28, 148
28, 149
28, 150
28, 151
28, 152
28, 153
28, 154
28, 155
28, 156
28, 157
28, 158
28, 159
28, 160
28, 161
28, 162
29, 70
29, 71
29, 72
29, 73
29, 74
29, 75
29, 76
29, 77
29, 78
29, 79
29, 80
29, 81
29, 82
29, 83
29, 84
29, 85
29, 86
29, 87
29, 88
29, 89
29, 90
29, 91
29, 92
29, 93
29, 94
29, 95
29, 96
29, 97
29, 98
29, 99
29, 100
29, 101
29, 102
29, 103
29, 104
29, 105
29, 106
29, 107
29, 108
29, 109
29, 110
29, 111
29, 112
29, 113
29, 114
29, 115
29, 116
29, 117
29, 118
29, 119
29, 120
29, 121
29, 122
29, 123
29, 124
29, 125
29, 126
29, 127
29, 128
29, 129
29, 130
29, 131
29, 132
29, 133
29, 134
29, 135
29, 136
29, 137
29, 138
29, 139
29, 140
29, 141
29, 142
29, 143
29, 144
29, 145
29, 146
29, 147
29, 148
29, 149
29, 150
29, 151
29, 152
29, 153
29, 154
29, 155
29, 156
29, 157
29, 158
29, 159
29, 160
29, 161
29, 162
29, 163
30, 69
30, 70
30, 71
30, 72
30, 73
30, 74
30, 75
30, 76
30, 77
30, 78
30, 79
30, 80
30, 81
30, 82
30, 83
30, 84
30, 85
30, 86
30, 87
30, 88
30, 89
30, 90
30, 91
30, 92
30, 93
30, 94
30, 95
30, 96
30, 97
30, 98
30, 99
30, 100
30, 101
30, 102
30, 103
30, 104
30, 105
30, 106
30, 107
30, 108
30, 109
30, 110
30, 111
30, 112
30, 113
30, 114
30, 115
30, 116
30, 117
30, 118
30, 119
30, 120
30, 121
30, 122
30, 123
30, 124
30, 125
30, 126
30, 127
30, 128
30, 129
30, 130
30, 131
30, 132
30, 133
30, 134
30, 135
30, 136
30, 137
30, 138
30, 139
30, 140
30, 141
30, 142
30, 143
30, 144
30, 145
30, 146
30, 147
30, 148
30, 149
30, 150
30, 151
30, 152
30, 153
30, 154
30, 155
30, 156
30, 157
30, 158
30, 159
30, 160
30, 161
30, 162
30, 163
31, 69
31, 70
31, 71
31, 72
31, 73
31, 74
31, 75
31, 76
31, 77
31, 78
31, 79
31, 80
31, 81
31, 82
31, 83
31, 84
31, 85
31, 86
31, 87
31, 88
31, 89
31, 90
31, 91
31, 92
31, 93
31, 94
31, 95
31, 96
31, 97
31, 98
31, 99
31, 100
31, 101
31, 102
31, 103
31, 104
31, 105
31, 106
31, 107
31, 108
31, 109
31, 110
31, 111
31, 112
31, 113
31, 114
31, 115
31, 116
31, 117
31, 118
31, 119
31, 120
31, 121
31, 122
31, 123
31, 124
31, 125
31, 126
31, 127
31, 128
31, 129
31, 130
31, 131
31, 132
31, 133
31, 134
31, 135
31, 136
31, 137
31, 138
31, 139
31, 140
31, 141
31, 142
31, 143
31, 144
31, 145
31, 146
31, 147
31, 148
31, 149
31, 150
31, 151
31, 152
31, 153
31, 154
31, 155
31, 156
31, 157
31, 158
31, 159
31, 160
31, 161
31, 162
31, 163
32, 69
32, 70
32, 71
32, 72
32, 73
32, 74
32, 75
32, 76
32, 77
32, 78
32, 79
32, 80
32, 81
32, 82
32, 83
32, 84
32, 85
32, 86
32, 87
32, 88
32, 89
32, 90
32, 91
32, 92
32, 93
32, 94
32, 95
32, 96
32, 97
32, 98
32, 99
32, 100
32, 101
32, 102
32, 103
32, 104
32, 105
32, 106
32, 107
32, 108
32, 109
32, 110
32, 111
32, 112
32, 113
32, 114
32, 115
32, 116
32, 117
32, 118
32, 119
32, 120
32, 121
32, 122
32, 123
32, 124
32, 125
32, 126
32, 127
32, 128
32, 129
32, 130
32, 131
32, 132
32, 133
32, 134
32, 135
32, 136
32, 137
32, 138
32, 139
32, 140
32, 141
32, 142
32, 143
32, 144
32, 145
32, 146
32, 147
32, 148
32, 149
32, 150
32, 151
32, 152
32, 153
32, 154
32, 155
32, 156
32, 157
32, 158
32, 159
32, 160
32, 161
32, 162
32, 163
33, 70
33, 71
33, 72
33, 73
33, 74
33, 75
33, 76
33, 77
33, 78
33, 79
33, 80
33, 81
33, 82
33, 83
33, 84
33, 85
33, 86
33, 87
33, 88
33, 89
33, 90
33, 91
33, 92
33, 93
33, 94
33, 95
33, 96
33, 97
33, 98
33, 99
33, 100
33, 101
33, 102
33, 103
33, 104
33, 105
33, 106
33, 107
33, 108
33, 109
33, 110
33, 111
33, 112
33, 113
33, 114
33, 115
33, 116
33, 117
33, 118
33, 119
33, 120
33, 121
33, 122
33, 123
33, 124
33, 125
33, 126
33, 127
33, 128
33, 129
33, 130
33, 131
33, 132
33, 133
33, 134
33, 135
33, 136
33, 137
33, 138
33, 139
33, 140
33, 141
33, 142
33, 143
33, 144
33, 145
33, 146
33, 147
33, 148
33, 149
33, 150
33, 151
33, 152
33, 153
33, 154
33, 155
33, 156
33, 157
33, 158
33, 159
33, 160
33, 161
33, 162
33, 163
34, 70
34, 71
34, 72
34, 73
34, 74
34, 75
34, 76
34, 77
34, 78
34, 79
34, 80
34, 81
34, 82
34, 83
34, 84
34, 85
34, 86
34, 87
34, 88
34, 89
34, 90
34, 91
34, 92
34, 93
34, 94
34, 95
34, 96
34, 97
34, 98
34, 99
34, 100
34, 101
34, 102
34, 103
34, 104
34, 105
34, 106
34, 107
34, 108
34, 109
34, 110
34, 111
34, 112
34, 113
34, 114
34, 115
34, 116
34, 117
34, 118
34, 119
34, 120
34, 121
34, 122
34, 123
34, 124
34, 125
34, 126
34, 127
34, 128
34, 129
34, 130
34, 131
34, 132
34, 133
34, 134
34, 135
34, 136
34, 137
34, 138
34, 139
34, 140
34, 141
34, 142
34, 143
34, 144
34, 145
34, 146
34, 147
34, 148
34, 149
34, 150
34, 151
34, 152
34, 153
34, 154
34, 155
34, 156
34, 157
34, 158
34, 159
34, 160
34, 161
34, 162
34, 163
35, 70
35, 71
35, 72
35, 73
35, 74
35, 75
35, 76
35, 77
35, 78
35, 79
35, 80
35, 81
35, 82
35, 83
35, 84
35, 85
35, 86
35, 87
35, 88
35, 89
35, 90
35, 91
35, 92
35, 93
35, 94
35, 95
35, 96
35, 97
35, 98
35, 99
35, 100
35, 101
35, 102
35, 103
35, 104
35, 105
35, 106
35, 107
35, 108
35, 109
35, 110
35, 111
35, 112
35, 113
35, 114
35, 115
35, 116
35, 117
35, 118
35, 119
35, 120
35, 121
35, 122
35, 123
35, 124
35, 125
35, 126
35, 127
35, 128
35, 129
35, 130
35, 131
35, 132
35, 133
35, 134
35, 135
35, 136
35, 137
35, 138
35, 139
35, 140
35, 141
35, 142
35, 143
35, 144
35, 145
35, 146
35, 147
35, 148
35, 149
35, 150
35, 151
35, 152
35, 153
35, 154
35, 155
35, 156
35, 157
35, 158
35, 159
35, 160
35, 161
35, 162
35, 163
36, 70
36, 71
36, 72
36, 73
36, 74
36, 75
36, 76
36, 77
36, 78
36, 79
36, 80
36, 81
36, 82
36, 83
36, 84
36, 85
36, 86
36, 87
36, 88
36, 89
36, 90
36, 91
36, 92
36, 93
36, 94
36, 95
36, 96
36, 97
36, 98
36, 99
36, 100
36, 101
36, 102
36, 103
36, 104
36, 105
36, 106
36, 107
36, 108
36, 109
36, 110
36, 111
36, 112
36, 113
36, 114
36, 115
36, 116
36, 117
36, 118
36, 119
36, 120
36, 121
36, 122
36, 123
36, 124
36, 125
36, 126
36, 127
36, 128
36, 129
36, 130
36, 131
36, 132
36, 133
36, 134
36, 135
36, 136
36, 137
36, 138
36, 139
36, 140
36, 141
36, 142
36, 143
36, 144
36, 145
36, 146
36, 147
36, 148
36, 149
36, 150
36, 151
36, 152
36, 153
36, 154
36, 155
36, 156
36, 157
36, 158
36, 159
36, 160
36, 161
36, 162
36, 163
37, 70
37, 71
37, 72
37, 73
37, 74
37, 75
37, 76
37, 77
37, 78
37, 79
37, 80
37, 81
37, 82
37, 83
37, 84
37, 85
37, 86
37, 87
37, 88
37, 89
37, 90
37, 91
37, 92
37, 93
37, 94
37, 95
37, 96
37, 97
37, 98
37, 99
37, 100
37, 101
37, 102
37, 103
37, 104
37, 105
37, 106
37, 107
37, 108
37, 109
37, 110
37, 111
37, 112
37, 113
37, 114
37, 115
37, 116
37, 117
37, 118
37, 119
37, 120
37, 121
37, 122
37, 123
37, 124
37, 125
37, 126
37, 127
37, 128
37, 129
37, 130
37, 131
37, 132
37, 133
37, 134
37, 135
37, 136
37, 137
37, 138
37, 139
37, 140
37, 141
37, 142
37, 143
37, 144
37, 145
37, 146
37, 147
37, 148
37, 149
37, 150
37, 151
37, 152
37, 153
37, 154
37, 155
37, 156
37, 157
37, 158
37, 159
37, 160
37, 161
37, 162
37, 163
38, 69
38, 70
38, 71
38, 72
38, 73
38, 74
38, 75
38, 76
38, 77
38, 78
38, 79
38, 80
38, 81
38, 82
38, 83
38, 84
38, 85
38, 86
38, 87
38, 88
38, 89
38, 90
38, 91
38, 92
38, 93
38, 94
38, 95
38, 96
38, 97
38, 98
38, 99
38, 100
38, 101
38, 102
38, 103
38, 104
38, 105
38, 106
38, 107
38, 108
38, 109
38, 110
38, 111
38, 112
38, 113
38, 114
38, 115
38, 116
38, 117
38, 118
38, 119
38, 120
38, 121
38, 122
38, 123
38, 124
38, 125
38, 126
38, 127
38, 128
38, 129
38, 130
38, 131
38, 132
38, 133
38, 134
38, 135
38, 136
38, 137
38, 138
38, 139
38, 140
38, 141
38, 142
38, 143
38, 144
38, 145
38, 146
38, 147
38, 148
38, 149
38, 150
38, 151
38, 152
38, 153
38, 154
38, 155
38, 156
38, 157
38, 158
38, 159
38, 160
38, 161
38, 162
38, 163
39, 69
39, 70
39, 71
39, 72
39, 73
39, 74
39, 75
39, 76
39, 77
39, 78
39, 79
39, 80
39, 81
39, 82
39, 83
39, 84
39, 85
39, 86
39, 87
39, 88
39, 89
39, 90
39, 91
39, 92
39, 93
39, 94
39, 95
39, 96
39, 97
39, 98
39, 99
39, 100
39, 101
39, 102
39, 103
39, 104
39, 105
39, 106
39, 107
39, 108
39, 109
39, 110
39, 111
39, 112
39, 113
39, 114
39, 115
39, 116
39, 117
39, 118
39, 119
39, 120
39, 121
39, 122
39, 123
39, 124
39, 125
39, 126
39, 127
39, 128
39, 129
39, 130
39, 131
39, 132
39, 133
39, 134
39, 135
39, 136
39, 137
39, 138
39, 139
39, 140
39, 141
39, 142
39, 143
39, 144
39, 145
39, 146
39, 147
39, 148
39, 149
39, 150
39, 151
39, 152
39, 153
39, 154
39, 155
39, 156
39, 157
39, 158
39, 159
39, 160
39, 161
39, 162
39, 163
39, 164
40, 69
40, 70
40, 71
40, 72
40, 73
40, 74
40, 75
40, 76
40, 77
40, 78
40, 79
40, 80
40, 81
40, 82
40, 83
40, 84
40, 85
40, 86
40, 87
40, 88
40, 89
40, 90
40, 91
40, 92
40, 93
40, 94
40, 95
40, 96
40, 97
40, 98
40, 99
40, 100
40, 101
40, 102
40, 103
40, 104
40, 105
40, 106
40, 107
40, 108
40, 109
40, 110
40, 111
40, 112
40, 113
40, 114
40, 115
40, 116
40, 117
40, 118
40, 119
40, 120
40, 121
40, 122
40, 123
40, 124
40, 125
40, 126
40, 127
40, 128
40, 129
40, 130
40, 131
40, 132
40, 133
40, 134
40, 135
40, 136
40, 137
40, 138
40, 139
40, 140
40, 141
40, 142
40, 143
40, 144
40, 145
40, 146
40, 147
40, 148
40, 149
40, 150
40, 151
40, 152
40, 153
40, 154
40, 155
40, 156
40, 157
40, 158
40, 159
40, 160
40, 161
40, 162
40, 163
40, 164
41, 69
41, 70
41, 71
41, 72
41, 73
41, 74
41, 75
41, 76
41, 77
41, 78
41, 79
41, 80
41, 81
41, 82
41, 83
41, 84
41, 85
41, 86
41, 87
41, 88
41, 89
41, 90
41, 91
41, 92
41, 93
41, 94
41, 95
41, 96
41, 97
41, 98
41, 99
41, 100
41, 101
41, 102
41, 103
41, 104
41, 105
41, 106
41, 107
41, 108
41, 109
41, 110
41, 111
41, 112
41, 113
41, 114
41, 115
41, 116
41, 117
41, 118
41, 119
41, 120
41, 121
41, 122
41, 123
41, 124
41, 125
41, 126
41, 127
41, 128
41, 129
41, 130
41, 131
41, 132
41, 133
41, 134
41, 135
41, 136
41, 137
41, 138
41, 139
41, 140
41, 141
41, 142
41, 143
41, 144
41, 145
41, 146
41, 147
41, 148
41, 149
41, 150
41, 151
41, 152
41, 153
41, 154
41, 155
41, 156
41, 157
41, 158
41, 159
41, 160
41, 161
41, 162
41, 163
41, 164
42, 69
42, 70
42, 71
42, 72
42, 73
42, 74
42, 75
42, 76
42, 77
42, 78
42, 79
42, 80
42, 81
42, 82
42, 83
42, 84
42, 85
42, 86
42, 87
42, 88
42, 89
42, 90
42, 91
42, 92
42, 93
42, 94
42, 95
42, 96
42, 97
42, 98
42, 99
42, 100
42, 101
42, 102
42, 103
42, 104
42, 105
42, 106
42, 107
42, 108
42, 109
42, 110
42, 111
42, 112
42, 113
42, 114
42, 115
42, 116
42, 117
42, 118
42, 119
42, 120
42, 121
42, 122
42, 123
42, 124
42, 125
42, 126
42, 127
42, 128
42, 129
42, 130
42, 131
42, 132
42, 133
42, 134
42, 135
42, 136
42, 137
42, 138
42, 139
42, 140
42, 141
42, 142
42, 143
42, 144
42, 145
42, 146
42, 147
42, 148
42, 149
42, 150
42, 151
42, 152
42, 153
42, 154
42, 155
42, 156
42, 157
42, 158
42, 159
42, 160
42, 161
42, 162
42, 163
42, 164
43, 69
43, 70
43, 71
43, 72
43, 73
43, 74
43, 75
43, 76
43, 77
43, 78
43, 79
43, 80
43, 81
43, 82
43, 83
43, 84
43, 85
43, 86
43, 87
43, 88
43, 89
43, 90
43, 91
43, 92
43, 93
43, 94
43, 95
43, 96
43, 97
43, 98
43, 99
43, 100
43, 101
43, 102
43, 103
43, 104
43, 105
43, 106
43, 107
43, 108
43, 109
43, 110
43, 111
43, 112
43, 113
43, 114
43, 115
43, 116
43, 117
43, 118
43, 119
43, 120
43, 121
43, 122
43, 123
43, 124
43, 125
43, 126
43, 127
43, 128
43, 129
43, 130
43, 131
43, 132
43, 133
43, 134
43, 135
43, 136
43, 137
43, 138
43, 139
43, 140
43, 141
43, 142
43, 143
43, 144
43, 145
43, 146
43, 147
43, 148
43, 149
43, 150
43, 151
43, 152
43, 153
43, 154
43, 155
43, 156
43, 157
43, 158
43, 159
43, 160
43, 161
43, 162
43, 163
43, 164
44, 69
44, 70
44, 71
44, 72
44, 73
44, 74
44, 75
44, 76
44, 77
44, 78
44, 79
44, 80
44, 81
44, 82
44, 83
44, 84
44, 85
44, 86
44, 87
44, 88
44, 89
44, 90
44, 91
44, 92
44, 93
44, 94
44, 95
44, 96
44, 97
44, 98
44, 99
44, 100
44, 101
44, 102
44, 103
44, 104
44, 105
44, 106
44, 107
44, 108
44, 109
44, 110
44, 111
44, 112
44, 113
44, 114
44, 115
44, 116
44, 117
44, 118
44, 119
44, 120
44, 121
44, 122
44, 123
44, 124
44, 125
44, 126
44, 127
44, 128
44, 129
44, 130
44, 131
44, 132
44, 133
44, 134
44, 135
44, 136
44, 137
44, 138
44, 139
44, 140
44, 141
44, 142
44, 143
44, 144
44, 145
44, 146
44, 147
44, 148
44, 149
44, 150
44, 151
44, 152
44, 153
44, 154
44, 155
44, 156
44, 157
44, 158
44, 159
44, 160
44, 161
44, 162
44, 163
44, 164
45, 69
45, 70
45, 71
45, 72
45, 73
45, 74
45, 75
45, 76
45, 77
45, 78
45, 79
45, 80
45, 81
45, 82
45, 83
45, 84
45, 85
45, 86
45, 87
45, 88
45, 89
45, 90
45, 91
45, 92
45, 93
45, 94
45, 95
45, 96
45, 97
45, 98
45, 99
45, 100
45, 101
45, 102
45, 103
45, 104
45, 105
45, 106
45, 107
45, 108
45, 109
45, 110
45, 111
45, 112
45, 113
45, 114
45, 115
45, 116
45, 117
45, 118
45, 119
45, 120
45, 121
45, 122
45, 123
45, 124
45, 125
45, 126
45, 127
45, 128
45, 129
45, 130
45, 131
45, 132
45, 133
45, 134
45, 135
45, 136
45, 137
45, 138
45, 139
45, 140
45, 141
45, 142
45, 143
45, 144
45, 145
45, 146
45, 147
45, 148
45, 149
45, 150
45, 151
45, 152
45, 153
45, 154
45, 155
45, 156
45, 157
45, 158
45, 159
45, 160
45, 161
45, 162
45, 163
45, 164
46, 68
46, 69
46, 70
46, 71
46, 72
46, 73
46, 74
46, 75
46, 76
46, 77
46, 78
46, 79
46, 80
46, 81
46, 82
46, 83
46, 84
46, 85
46, 86
46, 87
46, 88
46, 89
46, 90
46, 91
46, 92
46, 93
46, 94
46, 95
46, 96
46, 97
46, 98
46, 99
46, 100
46, 101
46, 102
46, 103
46, 104
46, 105
46, 106
46, 107
46, 108
46, 109
46, 110
46, 111
46, 112
46, 113
46, 114
46, 115
46, 116
46, 117
46, 118
46, 119
46, 120
46, 121
46, 122
46, 123
46, 124
46, 125
46, 126
46, 127
46, 128
46, 129
46, 130
46, 131
46, 132
46, 133
46, 134
46, 135
46, 136
46, 137
46, 138
46, 139
46, 140
46, 141
46, 142
46, 143
46, 144
46, 145
46, 146
46, 147
46, 148
46, 149
46, 150
46, 151
46, 152
46, 153
46, 154
46, 155
46, 156
46, 157
46, 158
46, 159
46, 160
46, 161
46, 162
46, 163
46, 164
47, 68
47, 69
47, 70
47, 71
47, 72
47, 73
47, 74
47, 75
47, 76
47, 77
47, 78
47, 79
47, 80
47, 81
47, 82
47, 83
47, 84
47, 85
47, 86
47, 87
47, 88
47, 89
47, 90
47, 91
47, 92
47, 93
47, 94
47, 95
47, 96
47, 97
47, 98
47, 99
47, 100
47, 101
47, 102
47, 103
47, 104
47, 105
47, 106
47, 107
47, 108
47, 109
47, 110
47, 111
47, 112
47, 113
47, 114
47, 115
47, 116
47, 117
47, 118
47, 119
47, 120
47, 121
47, 122
47, 123
47, 124
47, 125
47, 126
47, 127
47, 128
47, 129
47, 130
47, 131
47, 132
47, 133
47, 134
47, 135
47, 136
47, 137
47, 138
47, 139
47, 140
47, 141
47, 142
47, 143
47, 144
47, 145
47, 146
47, 147
47, 148
47, 149
47, 150
47, 151
47, 152
47, 153
47, 154
47, 155
47, 156
47, 157
47, 158
47, 159
47, 160
47, 161
47, 162
47, 163
47, 164
48, 68
48, 69
48, 70
48, 71
48, 72
48, 73
48, 74
48, 75
48, 76
48, 77
48, 78
48, 79
48, 80
48, 81
48, 82
48, 83
48, 84
48, 85
48, 86
48, 87
48, 88
48, 89
48, 90
48, 91
48, 92
48, 93
48, 94
48, 95
48, 96
48, 97
48, 98
48, 99
48, 100
48, 101
48, 102
48, 103
48, 104
48, 105
48, 106
48, 107
48, 108
48, 109
48, 110
48, 111
48, 112
48, 113
48, 114
48, 115
48, 116
48, 117
48, 118
48, 119
48, 120
48, 121
48, 122
48, 123
48, 124
48, 125
48, 126
48, 127
48, 128
48, 129
48, 130
48, 131
48, 132
48, 133
48, 134
48, 135
48, 136
48, 137
48, 138
48, 139
48, 140
48, 141
48, 142
48, 143
48, 144
48, 145
48, 146
48, 147
48, 148
48, 149
48, 150
48, 151
48, 152
48, 153
48, 154
48, 155
48, 156
48, 157
48, 158
48, 159
48, 160
48, 161
48, 162
48, 163
48, 164
48, 165
49, 68
49, 69
49, 70
49, 71
49, 72
49, 73
49, 74
49, 75
49, 76
49, 77
49, 78
49, 79
49, 80
49, 81
49, 82
49, 83
49, 84
49, 85
49, 86
49, 87
49, 88
49, 89
49, 90
49, 91
49, 92
49, 93
49, 94
49, 95
49, 96
49, 97
49, 98
49, 99
49, 100
49, 101
49, 102
49, 103
49, 104
49, 105
49, 106
49, 107
49, 108
49, 109
49, 110
49, 111
49, 112
49, 113
49, 114
49, 115
49, 116
49, 117
49, 118
49, 119
49, 120
49, 121
49, 122
49, 123
49, 124
49, 125
49, 126
49, 127
49, 128
49, 129
49, 130
49, 131
49, 132
49, 133
49, 134
49, 135
49, 136
49, 137
49, 138
49, 139
49, 140
49, 141
49, 142
49, 143
49, 144
49, 145
49, 146
49, 147
49, 148
49, 149
49, 150
49, 151
49, 152
49, 153
49, 154
49, 155
49, 156
49, 157
49, 158
49, 159
49, 160
49, 161
49, 162
49, 163
49, 164
49, 165
50, 68
50, 69
50, 70
50, 71
50, 72
50, 73
50, 74
50, 75
50, 76
50, 77
50, 78
50, 79
50, 80
50, 81
50, 82
50, 83
50, 84
50, 85
50, 86
50, 87
50, 88
50, 89
50, 90
50, 91
50, 92
50, 93
50, 94
50, 95
50, 96
50, 97
50, 98
50, 99
50, 100
50, 101
50, 102
50, 103
50, 104
50, 105
50, 106
50, 107
50, 108
50, 109
50, 110
50, 111
50, 112
50, 113
50, 114
50, 115
50, 116
50, 117
50, 118
50, 119
50, 120
50, 121
50, 122
50, 123
50, 124
50, 125
50, 126
50, 127
50, 128
50, 129
50, 130
50, 131
50, 132
50, 133
50, 134
50, 135
50, 136
50, 137
50, 138
50, 139
50, 140
50, 141
50, 142
50, 143
50, 144
50, 145
50, 146
50, 147
50, 148
50, 149
50, 150
50, 151
50, 152
50, 153
50, 154
50, 155
50, 156
50, 157
50, 158
50, 159
50, 160
50, 161
50, 162
50, 163
50, 164
50, 165
51, 68
51, 69
51, 70
51, 71
51, 72
51, 73
51, 74
51, 75
51, 76
51, 77
51, 78
51, 79
51, 80
51, 81
51, 82
51, 83
51, 84
51, 85
51, 86
51, 87
51, 88
51, 89
51, 90
51, 91
51, 92
51, 93
51, 94
51, 95
51, 96
51, 97
51, 98
51, 99
51, 100
51, 101
51, 102
51, 103
51, 104
51, 105
51, 106
51, 107
51, 108
51, 109
51, 110
51, 111
51, 112
51, 113
51, 114
51, 115
51, 116
51, 117
51, 118
51, 119
51, 120
51, 121
51, 122
51, 123
51, 124
51, 125
51, 126
51, 127
51, 128
51, 129
51, 130
51, 131
51, 132
51, 133
51, 134
51, 135
51, 136
51, 137
51, 138
51, 139
51, 140
51, 141
51, 142
51, 143
51, 144
51, 145
51, 146
51, 147
51, 148
51, 149
51, 150
51, 151
51, 152
51, 153
51, 154
51, 155
51, 156
51, 157
51, 158
51, 159
51, 160
51, 161
51, 162
51, 163
51, 164
51, 165
52, 68
52, 69
52, 70
52, 71
52, 72
52, 73
52, 74
52, 75
52, 76
52, 77
52, 78
52, 79
52, 80
52, 81
52, 82
52, 83
52, 84
52, 85
52, 86
52, 87
52, 88
52, 89
52, 90
52, 91
52, 92
52, 93
52, 94
52, 95
52, 96
52, 97
52, 98
52, 99
52, 100
52, 101
52, 102
52, 103
52, 104
52, 105
52, 106
52, 107
52, 108
52, 109
52, 110
52, 111
52, 112
52, 113
52, 114
52, 115
52, 116
52, 117
52, 118
52, 119
52, 120
52, 121
52, 122
52, 123
52, 124
52, 125
52, 126
52, 127
52, 128
52, 129
52, 130
52, 131
52, 132
52, 133
52, 134
52, 135
52, 136
52, 137
52, 138
52, 139
52, 140
52, 141
52, 142
52, 143
52, 144
52, 145
52, 146
52, 147
52, 148
52, 149
52, 150
52, 151
52, 152
52, 153
52, 154
52, 155
52, 156
52, 157
52, 158
52, 159
52, 160
52, 161
52, 162
52, 163
52, 164
52, 165
53, 68
53, 69
53, 70
53, 71
53, 72
53, 73
53, 74
53, 75
53, 76
53, 77
53, 78
53, 79
53, 80
53, 81
53, 82
53, 83
53, 84
53, 85
53, 86
53, 87
53, 88
53, 89
53, 90
53, 91
53, 92
53, 93
53, 94
53, 95
53, 96
53, 97
53, 98
53, 99
53, 100
53, 101
53, 102
53, 103
53, 104
53, 105
53, 106
53, 107
53, 108
53, 109
53, 110
53, 111
53, 112
53, 113
53, 114
53, 115
53, 116
53, 117
53, 118
53, 119
53, 120
53, 121
53, 122
53, 123
53, 124
53, 125
53, 126
53, 127
53, 128
53, 129
53, 130
53, 131
53, 132
53, 133
53, 134
53, 135
53, 136
53, 137
53, 138
53, 139
53, 140
53, 141
53, 142
53, 143
53, 144
53, 145
53, 146
53, 147
53, 148
53, 149
53, 150
53, 151
53, 152
53, 153
53, 154
53, 155
53, 156
53, 157
53, 158
53, 159
53, 160
53, 161
53, 162
53, 163
53, 164
53, 165
54, 67
54, 68
54, 69
54, 70
54, 71
54, 72
54, 73
54, 74
54, 75
54, 76
54, 77
54, 78
54, 79
54, 80
54, 81
54, 82
54, 83
54, 84
54, 85
54, 86
54, 87
54, 88
54, 89
54, 90
54, 91
54, 92
54, 93
54, 94
54, 95
54, 96
54, 97
54, 98
54, 99
54, 100
54, 101
54, 102
54, 103
54, 104
54, 105
54, 106
54, 107
54, 108
54, 109
54, 110
54, 111
54, 112
54, 113
54, 114
54, 115
54, 116
54, 117
54, 118
54, 119
54, 120
54, 121
54, 122
54, 123
54, 124
54, 125
54, 126
54, 127
54, 128
54, 129
54, 130
54, 131
54, 132
54, 133
54, 134
54, 135
54, 136
54, 137
54, 138
54, 139
54, 140
54, 141
54, 142
54, 143
54, 144
54, 145
54, 146
54, 147
54, 148
54, 149
54, 150
54, 151
54, 152
54, 153
54, 154
54, 155
54, 156
54, 157
54, 158
54, 159
54, 160
54, 161
54, 162
54, 163
54, 164
54, 165
55, 67
55, 68
55, 69
55, 70
55, 71
55, 72
55, 73
55, 74
55, 75
55, 76
55, 77
55, 78
55, 79
55, 80
55, 81
55, 82
55, 83
55, 84
55, 85
55, 86
55, 87
55, 88
55, 89
55, 90
55, 91
55, 92
55, 93
55, 94
55, 95
55, 96
55, 97
55, 98
55, 99
55, 100
55, 101
55, 102
55, 103
55, 104
55, 105
55, 106
55, 107
55, 108
55, 109
55, 110
55, 111
55, 112
55, 113
55, 114
55, 115
55, 116
55, 117
55, 118
55, 119
55, 120
55, 121
55, 122
55, 123
55, 124
55, 125
55, 126
55, 127
55, 128
55, 129
55, 130
55, 131
55, 132
55, 133
55, 134
55, 135
55, 136
55, 137
55, 138
55, 139
55, 140
55, 141
55, 142
55, 143
55, 144
55, 145
55, 146
55, 147
55, 148
55, 149
55, 150
55, 151
55, 152
55, 153
55, 154
55, 155
55, 156
55, 157
55, 158
55, 159
55, 160
55, 161
55, 162
55, 163
55, 164
55, 165
56, 67
56, 68
56, 69
56, 70
56, 71
56, 72
56, 73
56, 74
56, 75
56, 76
56, 77
56, 78
56, 79
56, 80
56, 81
56, 82
56, 83
56, 84
56, 85
56, 86
56, 87
56, 88
56, 89
56, 90
56, 91
56, 92
56, 93
56, 94
56, 95
56, 96
56, 97
56, 98
56, 99
56, 100
56, 101
56, 102
56, 103
56, 104
56, 105
56, 106
56, 107
56, 108
56, 109
56, 110
56, 111
56, 112
56, 113
56, 114
56, 115
56, 116
56, 117
56, 118
56, 119
56, 120
56, 121
56, 122
56, 123
56, 124
56, 125
56, 126
56, 127
56, 128
56, 129
56, 130
56, 131
56, 132
56, 133
56, 134
56, 135
56, 136
56, 137
56, 138
56, 139
56, 140
56, 141
56, 142
56, 143
56, 144
56, 145
56, 146
56, 147
56, 148
56, 149
56, 150
56, 151
56, 152
56, 153
56, 154
56, 155
56, 156
56, 157
56, 158
56, 159
56, 160
56, 161
56, 162
56, 163
56, 164
56, 165
57, 67
57, 68
57, 69
57, 70
57, 71
57, 72
57, 73
57, 74
57, 75
57, 76
57, 77
57, 78
57, 79
57, 80
57, 81
57, 82
57, 83
57, 84
57, 85
57, 86
57, 87
57, 88
57, 89
57, 90
57, 91
57, 92
57, 93
57, 94
57, 95
57, 96
57, 97
57, 98
57, 99
57, 100
57, 101
57, 102
57, 103
57, 104
57, 105
57, 106
57, 107
57, 108
57, 109
57, 110
57, 111
57, 112
57, 113
57, 114
57, 115
57, 116
57, 117
57, 118
57, 119
57, 120
57, 121
57, 122
57, 123
57, 124
57, 125
57, 126
57, 127
57, 128
57, 129
57, 130
57, 131
57, 132
57, 133
57, 134
57, 135
57, 136
57, 137
57, 138
57, 139
57, 140
57, 141
57, 142
57, 143
57, 144
57, 145
57, 146
57, 147
57, 148
57, 149
57, 150
57, 151
57, 152
57, 153
57, 154
57, 155
57, 156
57, 157
57, 158
57, 159
57, 160
57, 161
57, 162
57, 163
57, 164
57, 165
58, 67
58, 68
58, 69
58, 70
58, 71
58, 72
58, 73
58, 74
58, 75
58, 76
58, 77
58, 78
58, 79
58, 80
58, 81
58, 82
58, 83
58, 84
58, 85
58, 86
58, 87
58, 88
58, 89
58, 90
58, 91
58, 92
58, 93
58, 94
58, 95
58, 96
58, 97
58, 98
58, 99
58, 100
58, 101
58, 102
58, 103
58, 104
58, 105
58, 106
58, 107
58, 108
58, 109
58, 110
58, 111
58, 112
58, 113
58, 114
58, 115
58, 116
58, 117
58, 118
58, 119
58, 120
58, 121
58, 122
58, 123
58, 124
58, 125
58, 126
58, 127
58, 128
58, 129
58, 130
58, 131
58, 132
58, 133
58, 134
58, 135
58, 136
58, 137
58, 138
58, 139
58, 140
58, 141
58, 142
58, 143
58, 144
58, 145
58, 146
58, 147
58, 148
58, 149
58, 150
58, 151
58, 152
58, 153
58, 154
58, 155
58, 156
58, 157
58, 158
58, 159
58, 160
58, 161
58, 162
58, 163
58, 164
58, 165
59, 67
59, 68
59, 69
59, 70
59, 71
59, 72
59, 73
59, 74
59, 75
59, 76
59, 77
59, 78
59, 79
59, 80
59, 81
59, 82
59, 83
59, 84
59, 85
59, 86
59, 87
59, 88
59, 89
59, 90
59, 91
59, 92
59, 93
59, 94
59, 95
59, 96
59, 97
59, 98
59, 99
59, 100
59, 101
59, 102
59, 103
59, 104
59, 105
59, 106
59, 107
59, 108
59, 109
59, 110
59, 111
59, 112
59, 113
59, 114
59, 115
59, 116
59, 117
59, 118
59, 119
59, 120
59, 121
59, 122
59, 123
59, 124
59, 125
59, 126
59, 127
59, 128
59, 129
59, 130
59, 131
59, 132
59, 133
59, 134
59, 135
59, 136
59, 137
59, 138
59, 139
59, 140
59, 141
59, 142
59, 143
59, 144
59, 145
59, 146
59, 147
59, 148
59, 149
59, 150
59, 151
59, 152
59, 153
59, 154
59, 155
59, 156
59, 157
59, 158
59, 159
59, 160
59, 161
59, 162
59, 163
59, 164
59, 165
59, 166
60, 67
60, 68
60, 69
60, 70
60, 71
60, 72
60, 73
60, 74
60, 75
60, 76
60, 77
60, 78
60, 79
60, 80
60, 81
60, 82
60, 83
60, 84
60, 85
60, 86
60, 87
60, 88
60, 89
60, 90
60, 91
60, 92
60, 93
60, 94
60, 95
60, 96
60, 97
60, 98
60, 99
60, 100
60, 101
60, 102
60, 103
60, 104
60, 105
60, 106
60, 107
60, 108
60, 109
60, 110
60, 111
60, 112
60, 113
60, 114
60, 115
60, 116
60, 117
60, 118
60, 119
60, 120
60, 121
60, 122
60, 123
60, 124
60, 125
60, 126
60, 127
60, 128
60, 129
60, 130
60, 131
60, 132
60, 133
60, 134
60, 135
60, 136
60, 137
60, 138
60, 139
60, 140
60, 141
60, 142
60, 143
60, 144
60, 145
60, 146
60, 147
60, 148
60, 149
60, 150
60, 151
60, 152
60, 153
60, 154
60, 155
60, 156
60, 157
60, 158
60, 159
60, 160
60, 161
60, 162
60, 163
60, 164
60, 165
61, 67
61, 68
61, 69
61, 70
61, 71
61, 72
61, 73
61, 74
61, 75
61, 76
61, 77
61, 78
61, 79
61, 80
61, 81
61, 82
61, 83
61, 84
61, 85
61, 86
61, 87
61, 88
61, 89
61, 90
61, 91
61, 92
61, 93
61, 94
61, 95
61, 96
61, 97
61, 98
61, 99
61, 100
61, 101
61, 102
61, 103
61, 104
61, 105
61, 106
61, 107
61, 108
61, 109
61, 110
61, 111
61, 112
61, 113
61, 114
61, 115
61, 116
61, 117
61, 118
61, 119
61, 120
61, 121
61, 122
61, 123
61, 124
61, 125
61, 126
61, 127
61, 128
61, 129
61, 130
61, 131
61, 132
61, 133
61, 134
61, 135
61, 136
61, 137
61, 138
61, 139
61, 140
61, 141
61, 142
61, 143
61, 144
61, 145
61, 146
61, 147
61, 148
61, 149
61, 150
61, 151
61, 152
61, 153
61, 154
61, 155
61, 156
61, 157
61, 158
61, 159
61, 160
61, 161
61, 162
61, 163
61, 164
61, 165
62, 67
62, 68
62, 69
62, 70
62, 71
62, 72
62, 73
62, 74
62, 75
62, 76
62, 77
62, 78
62, 79
62, 80
62, 81
62, 82
62, 83
62, 84
62, 85
62, 86
62, 87
62, 88
62, 89
62, 90
62, 91
62, 92
62, 93
62, 94
62, 95
62, 96
62, 97
62, 98
62, 99
62, 100
62, 101
62, 102
62, 103
62, 104
62, 105
62, 106
62, 107
62, 108
62, 109
62, 110
62, 111
62, 112
62, 113
62, 114
62, 115
62, 116
62, 117
62, 118
62, 119
62, 120
62, 121
62, 122
62, 123
62, 124
62, 125
62, 126
62, 127
62, 128
62, 129
62, 130
62, 131
62, 132
62, 133
62, 134
62, 135
62, 136
62, 137
62, 138
62, 139
62, 140
62, 141
62, 142
62, 143
62, 144
62, 145
62, 146
62, 147
62, 148
62, 149
62, 150
62, 151
62, 152
62, 153
62, 154
62, 155
62, 156
62, 157
62, 158
62, 159
62, 160
62, 161
62, 162
62, 163
62, 164
63, 67
63, 68
63, 69
63, 70
63, 71
63, 72
63, 73
63, 74
63, 75
63, 76
63, 77
63, 78
63, 79
63, 80
63, 81
63, 82
63, 83
63, 84
63, 85
63, 86
63, 87
63, 88
63, 89
63, 90
63, 91
63, 92
63, 93
63, 94
63, 95
63, 96
63, 97
63, 98
63, 99
63, 100
63, 101
63, 102
63, 103
63, 104
63, 105
63, 106
63, 107
63, 108
63, 109
63, 110
63, 111
63, 112
63, 113
63, 114
63, 115
63, 116
63, 117
63, 118
63, 119
63, 120
63, 121
63, 122
63, 123
63, 124
63, 125
63, 126
63, 127
63, 128
63, 129
63, 130
63, 131
63, 132
63, 133
63, 134
63, 135
63, 136
63, 137
63, 138
63, 139
63, 140
63, 141
63, 142
63, 143
63, 144
63, 145
63, 146
63, 147
63, 148
63, 149
63, 150
63, 151
63, 152
63, 153
63, 154
63, 155
63, 156
63, 157
63, 158
63, 159
63, 160
63, 161
63, 162
63, 163
64, 67
64, 68
64, 69
64, 70
64, 71
64, 72
64, 73
64, 74
64, 75
64, 76
64, 77
64, 78
64, 79
64, 80
64, 81
64, 82
64, 83
64, 84
64, 85
64, 86
64, 87
64, 88
64, 89
64, 90
64, 91
64, 92
64, 93
64, 94
64, 95
64, 96
64, 97
64, 98
64, 99
64, 100
64, 101
64, 102
64, 103
64, 104
64, 105
64, 106
64, 107
64, 108
64, 109
64, 110
64, 111
64, 112
64, 113
64, 114
64, 115
64, 116
64, 117
64, 118
64, 119
64, 120
64, 121
64, 122
64, 123
64, 124
64, 125
64, 126
64, 127
64, 128
64, 129
64, 130
64, 131
64, 132
64, 133
64, 134
64, 135
64, 136
64, 137
64, 138
64, 139
64, 140
64, 141
64, 142
64, 143
64, 144
64, 145
64, 146
64, 147
64, 148
64, 149
64, 150
64, 151
64, 152
64, 153
64, 154
64, 155
64, 156
64, 157
64, 158
64, 159
64, 160
64, 161
65, 67
65, 68
65, 69
65, 70
65, 71
65, 72
65, 73
65, 74
65, 75
65, 76
65, 77
65, 78
65, 79
65, 80
65, 81
65, 82
65, 83
65, 84
65, 85
65, 86
65, 87
65, 88
65, 89
65, 90
65, 91
65, 92
65, 93
65, 94
65, 95
65, 96
65, 97
65, 98
65, 99
65, 100
65, 101
65, 102
65, 103
65, 104
65, 105
65, 106
65, 107
65, 108
65, 109
65, 110
65, 111
65, 112
65, 113
65, 114
65, 115
65, 116
65, 117
65, 118
65, 119
65, 120
65, 121
65, 122
65, 123
65, 124
65, 125
65, 126
65, 127
65, 128
65, 129
65, 130
65, 131
65, 132
65, 133
65, 134
65, 135
65, 136
65, 137
65, 138
65, 139
65, 140
65, 141
65, 142
65, 143
65, 144
65, 145
65, 146
65, 147
65, 148
65, 149
65, 150
65, 151
65, 152
65, 153
65, 154
65, 155
65, 156
65, 157
66, 67
66, 68
66, 69
66, 70
66, 71
66, 72
66, 73
66, 74
66, 75
66, 76
66, 77
66, 78
66, 79
66, 80
66, 81
66, 82
66, 83
66, 84
66, 85
66, 86
66, 87
66, 88
66, 89
66, 90
66, 91
66, 92
66, 93
66, 94
66, 95
66, 96
66, 97
66, 98
66, 99
66, 100
66, 101
66, 102
66, 103
66, 104
66, 105
66, 106
66, 107
66, 108
66, 109
66, 110
66, 111
66, 112
66, 113
66, 114
66, 115
66, 116
66, 117
66, 118
66, 119
66, 120
66, 121
66, 122
66, 123
66, 124
66, 125
66, 126
66, 127
66, 128
66, 129
66, 130
66, 131
66, 132
66, 133
66, 134
66, 135
66, 136
66, 137
66, 138
66, 139
66, 140
66, 141
66, 142
66, 143
66, 144
66, 145
66, 146
66, 147
66, 148
66, 149
66, 150
66, 151
66, 152
67, 67
67, 68
67, 69
67, 70
67, 71
67, 72
67, 73
67, 74
67, 75
67, 76
67, 77
67, 78
67, 79
67, 80
67, 81
67, 82
67, 83
67, 84
67, 85
67, 86
67, 87
67, 88
67, 89
67, 90
67, 91
67, 92
67, 93
67, 94
67, 95
67, 96
67, 97
67, 98
67, 99
67, 100
67, 101
67, 102
67, 103
67, 104
67, 105
67, 106
67, 107
67, 108
67, 109
67, 110
67, 111
67, 112
67, 113
67, 114
67, 115
67, 116
67, 117
67, 118
67, 119
67, 120
67, 121
67, 122
67, 123
67, 124
67, 125
67, 126
67, 127
67, 128
67, 129
67, 130
67, 131
67, 132
67, 133
67, 134
67, 135
67, 136
67, 137
67, 138
67, 139
67, 140
67, 141
67, 142
67, 143
67, 144
67, 145
68, 67
68, 68
68, 69
68, 70
68, 71
68, 72
68, 73
68, 74
68, 75
68, 76
68, 77
68, 78
68, 79
68, 80
68, 81
68, 82
68, 83
68, 84
68, 85
68, 86
68, 87
68, 88
68, 89
68, 90
68, 91
68, 92
68, 93
68, 94
68, 95
68, 96
68, 97
68, 98
68, 99
68, 100
68, 101
68, 102
68, 103
68, 104
68, 105
68, 106
68, 107
68, 108
68, 109
68, 110
68, 111
68, 112
68, 113
68, 114
68, 115
68, 116
68, 117
68, 118
68, 119
68, 120
68, 121
68, 122
68, 123
68, 124
68, 125
68, 126
68, 127
68, 128
68, 129
68, 130
68, 131
68, 132
68, 133
68, 134
68, 135
68, 136
68, 137
68, 138
68, 139
68, 140
68, 141
68, 142
69, 67
69, 68
69, 69
69, 70
69, 71
69, 72
69, 73
69, 74
69, 75
69, 76
69, 77
69, 78
69, 79
69, 80
69, 81
69, 82
69, 83
69, 84
69, 85
69, 86
69, 87
69, 88
69, 89
69, 90
69, 91
69, 92
69, 93
69, 94
69, 95
69, 96
69, 97
69, 98
69, 99
69, 100
69, 101
69, 102
69, 103
69, 104
69, 105
69, 106
69, 107
69, 108
69, 109
69, 110
69, 111
69, 112
69, 113
69, 114
69, 115
69, 116
69, 117
69, 118
69, 119
69, 120
69, 121
69, 122
69, 123
69, 124
69, 125
69, 126
69, 127
69, 128
69, 129
69, 130
69, 131
69, 132
69, 133
69, 134
69, 135
69, 136
69, 137
69, 138
69, 139
69, 140
69, 141
70, 67
70, 68
70, 69
70, 70
70, 71
70, 72
70, 73
70, 74
70, 75
70, 76
70, 77
70, 78
70, 79
70, 80
70, 81
70, 82
70, 83
70, 84
70, 85
70, 86
70, 87
70, 88
70, 89
70, 90
70, 91
70, 92
70, 93
70, 94
70, 95
70, 96
70, 97
70, 98
70, 99
70, 100
70, 101
70, 102
70, 103
70, 104
70, 105
70, 106
70, 107
70, 108
70, 109
70, 110
70, 111
70, 112
70, 113
70, 114
70, 115
70, 116
70, 117
70, 118
70, 119
70, 120
70, 121
70, 122
70, 123
70, 124
70, 125
70, 126
70, 127
70, 128
70, 129
70, 130
70, 131
70, 132
70, 133
70, 134
70, 135
70, 136
70, 137
70, 138
70, 139
71, 67
71, 68
71, 69
71, 70
71, 71
71, 72
71, 73
71, 74
71, 75
71, 76
71, 77
71, 78
71, 79
71, 80
71, 81
71, 82
71, 83
71, 84
71, 85
71, 86
71, 87
71, 88
71, 89
71, 90
71, 91
71, 92
71, 93
71, 94
71, 95
71, 96
71, 97
71, 98
71, 99
71, 100
71, 101
71, 102
71, 103
71, 104
71, 105
71, 106
71, 107
71, 108
71, 109
71, 110
71, 111
71, 112
71, 113
71, 114
71, 115
71, 116
71, 117
71, 118
71, 119
71, 120
71, 121
71, 122
71, 123
71, 124
71, 125
71, 126
71, 127
71, 128
71, 129
71, 130
71, 131
71, 132
71, 133
71, 134
71, 135
71, 136
71, 137
71, 138
72, 67
72, 68
72, 69
72, 70
72, 71
72, 72
72, 73
72, 74
72, 75
72, 76
72, 77
72, 78
72, 79
72, 80
72, 81
72, 82
72, 83
72, 84
72, 85
72, 86
72, 87
72, 88
72, 89
72, 90
72, 91
72, 92
72, 93
72, 94
72, 95
72, 96
72, 97
72, 98
72, 99
72, 100
72, 101
72, 102
72, 103
72, 104
72, 105
72, 106
72, 107
72, 108
72, 109
72, 110
72, 111
72, 112
72, 113
72, 114
72, 115
72, 116
72, 117
72, 118
72, 119
72, 120
72, 121
72, 122
72, 123
72, 124
72, 125
72, 126
72, 127
72, 128
72, 129
72, 130
72, 131
72, 132
72, 133
72, 134
72, 135
72, 136
73, 67
73, 68
73, 69
73, 70
73, 71
73, 72
73, 73
73, 74
73, 75
73, 76
73, 77
73, 78
73, 79
73, 80
73, 81
73, 82
73, 83
73, 84
73, 85
73, 86
73, 87
73, 88
73, 89
73, 90
73, 91
73, 92
73, 93
73, 94
73, 95
73, 96
73, 97
73, 98
73, 99
73, 100
73, 101
73, 102
73, 103
73, 104
73, 105
73, 106
73, 107
73, 108
73, 109
73, 110
73, 111
73, 112
73, 113
73, 114
73, 115
73, 116
73, 117
73, 118
73, 119
73, 120
73, 121
73, 122
73, 123
73, 124
73, 125
73, 126
73, 127
73, 128
73, 129
73, 130
73, 131
73, 132
73, 133
73, 134
73, 135
74, 67
74, 68
74, 69
74, 70
74, 71
74, 72
74, 73
74, 74
74, 75
74, 76
74, 77
74, 78
74, 79
74, 80
74, 81
74, 82
74, 83
74, 84
74, 85
74, 86
74, 87
74, 88
74, 89
74, 90
74, 91
74, 92
74, 93
74, 94
74, 95
74, 96
74, 97
74, 98
74, 99
74, 100
74, 101
74, 102
74, 103
74, 104
74, 105
74, 106
74, 107
74, 108
74, 109
74, 110
74, 111
74, 112
74, 113
74, 114
74, 115
74, 116
74, 117
74, 118
74, 119
74, 120
74, 121
74, 122
74, 123
74, 124
74, 125
74, 126
74, 127
74, 128
74, 129
74, 130
74, 131
74, 132
74, 133
75, 67
75, 68
75, 69
75, 70
75, 71
75, 72
75, 73
75, 74
75, 75
75, 76
75, 77
75, 78
75, 79
75, 80
75, 81
75, 82
75, 83
75, 84
75, 85
75, 86
75, 87
75, 88
75, 89
75, 90
75, 91
75, 92
75, 93
75, 94
75, 95
75, 96
75, 97
75, 98
75, 99
75, 100
75, 101
75, 102
75, 103
75, 104
75, 105
75, 106
75, 107
75, 108
75, 109
75, 110
75, 111
75, 112
75, 113
75, 114
75, 115
75, 116
75, 117
75, 118
75, 119
75, 120
75, 121
75, 122
75, 123
75, 124
75, 125
75, 126
75, 127
75, 128
75, 129
75, 130
75, 131
76, 67
76, 68
76, 69
76, 70
76, 71
76, 72
76, 73
76, 74
76, 75
76, 76
76, 77
76, 78
76, 79
76, 80
76, 81
76, 82
76, 83
76, 84
76, 85
76, 86
76, 87
76, 88
76, 89
76, 90
76, 91
76, 92
76, 93
76, 94
76, 95
76, 96
76, 97
76, 98
76, 99
76, 100
76, 101
76, 102
76, 103
76, 104
76, 105
76, 106
76, 107
76, 108
76, 109
76, 110
76, 111
76, 112
76, 113
76, 114
76, 115
76, 116
76, 117
76, 118
76, 119
76, 120
76, 121
76, 122
76, 123
76, 124
76, 125
76, 126
76, 127
76, 128
76, 129
77, 67
77, 68
77, 69
77, 70
77, 71
77, 72
77, 73
77, 74
77, 75
77, 76
77, 77
77, 78
77, 79
77, 80
77, 81
77, 82
77, 83
77, 84
77, 85
77, 86
77, 87
77, 88
77, 89
77, 90
77, 91
77, 92
77, 93
77, 94
77, 95
77, 96
77, 97
77, 98
77, 99
77, 100
77, 101
77, 102
77, 103
77, 104
77, 105
77, 106
77, 107
77, 108
77, 109
77, 110
77, 111
77, 112
77, 113
77, 114
77, 115
77, 116
77, 117
77, 118
77, 119
77, 120
77, 121
77, 122
77, 123
77, 124
77, 125
77, 126
77, 127
78, 67
78, 68
78, 69
78, 70
78, 71
78, 72
78, 73
78, 74
78, 75
78, 76
78, 77
78, 78
78, 79
78, 80
78, 81
78, 82
78, 83
78, 84
78, 85
78, 86
78, 87
78, 88
78, 89
78, 90
78, 91
78, 92
78, 93
78, 94
78, 95
78, 96
78, 97
78, 98
78, 99
78, 100
78, 101
78, 102
78, 103
78, 104
78, 105
78, 106
78, 107
78, 108
78, 109
78, 110
78, 111
78, 112
78, 113
78, 114
78, 115
78, 116
78, 117
78, 118
78, 119
78, 120
78, 121
78, 122
78, 123
78, 124
78, 125
78, 126
79, 67
79, 68
79, 69
79, 70
79, 71
79, 72
79, 73
79, 74
79, 75
79, 76
79, 77
79, 78
79, 79
79, 80
79, 81
79, 82
79, 83
79, 84
79, 85
79, 86
79, 87
79, 88
79, 89
79, 90
79, 91
79, 92
79, 93
79, 94
79, 95
79, 96
79, 97
79, 98
79, 99
79, 100
79, 101
79, 102
79, 103
79, 104
79, 105
79, 106
79, 107
79, 108
79, 109
79, 110
79, 111
79, 112
79, 113
79, 114
79, 115
79, 116
79, 117
79, 118
79, 119
79, 120
79, 121
79, 122
79, 123
79, 124
80, 67
80, 68
80, 69
80, 70
80, 71
80, 72
80, 73
80, 74
80, 75
80, 76
80, 77
80, 78
80, 79
80, 80
80, 81
80, 82
80, 83
80, 84
80, 85
80, 86
80, 87
80, 88
80, 89
80, 90
80, 91
80, 92
80, 93
80, 94
80, 95
80, 96
80, 97
80, 98
80, 99
80, 100
80, 101
80, 102
80, 103
80, 104
80, 105
80, 106
80, 107
80, 108
80, 109
80, 110
80, 111
80, 112
80, 113
80, 114
80, 115
80, 116
80, 117
81, 68
81, 69
81, 70
81, 71
81, 72
81, 73
81, 74
81, 75
81, 76
81, 77
81, 78
81, 79
81, 80
81, 81
81, 82
81, 83
81, 84
81, 85
81, 86
81, 87
81, 88
81, 89
81, 90
81, 91
81, 92
81, 93
81, 94
81, 95
81, 96
81, 97
81, 98
81, 99
81, 100
81, 101
81, 102
81, 103
81, 104
81, 105
81, 106
81, 107
81, 108
81, 109
81, 110
81, 111
82, 68
82, 69
82, 70
82, 71
82, 72
82, 73
82, 74
82, 75
82, 76
82, 77
82, 78
82, 79
82, 80
82, 81
82, 82
82, 83
82, 84
82, 85
82, 86
82, 87
82, 88
82, 89
82, 90
82, 91
82, 92
82, 93
82, 94
82, 95
82, 96
82, 97
82, 98
82, 99
82, 100
82, 101
82, 102
82, 103
82, 104
82, 105
82, 106
82, 107
82, 108
83, 68
83, 69
83, 70
83, 71
83, 72
83, 73
83, 74
83, 75
83, 76
83, 77
83, 78
83, 79
83, 80
83, 81
83, 82
83, 83
83, 84
83, 85
83, 86
83, 87
83, 88
83, 89
83, 90
83, 91
83, 92
83, 93
83, 94
83, 95
83, 96
83, 97
83, 98
83, 99
83, 100
83, 101
83, 102
83, 103
83, 104
84, 69
84, 70
84, 71
84, 72
84, 73
84, 74
84, 75
84, 76
84, 77
84, 78
84, 79
84, 80
84, 81
84, 82
84, 83
84, 84
84, 85
84, 86
84, 87
84, 88
84, 89
84, 90
84, 91
84, 92
84, 93
84, 94
84, 95
84, 96
84, 97
84, 98
84, 99
84, 100
85, 71
85, 72
85, 73
85, 74
85, 75
85, 76
85, 77
85, 78
85, 79
85, 80
85, 81
85, 82
85, 83
85, 84
85, 85
85, 86
85, 87
85, 88
85, 89
85, 90
85, 91
85, 92
