43, 34
43, 35
43, 36
43, 37
44, 33
44, 34
44, 35
44, 36
44, 37
44, 38
45, 32
45, 33
45, 34
45, 35
45, 36
45, 37
45, 38
45, 39
46, 31
46, 32
46, 33
46, 34
46, 35
46, 36
46, 37
46, 38
46, 39
46, 40
47, 31
47, 32
47, 33
47, 34
47, 35
47, 36
47, 37
47, 38
47, 39
47, 40
47, 41
48, 30
48, 31
48, 32
48, 33
48, 34
48, 35
48, 36
48, 37
48, 38
48, 39
48, 40
48, 41
48, 42
48, 55
48, 56
49, 29
49, 30
49, 31
49, 32
49, 33
49, 34
49, 35
49, 36
49, 37
49, 38
49, 39
49, 40
49, 41
49, 42
49, 43
49, 54
49, 55
49, 56
49, 57
50, 28
50, 29
50, 30
50, 31
50, 32
50, 33
50, 34
50, 35
50, 36
50, 37
50, 38
50, 39
50, 40
50, 41
50, 42
50, 43
50, 44
50, 53
50, 54
50, 55
50, 56
50, 57
50, 58
51, 27
51, 28
51, 29
51, 30
51, 31
51, 32
51, 33
51, 34
51, 35
51, 36
51, 37
51, 38
51, 39
51, 40
51, 41
51, 42
51, 43
51, 44
51, 45
51, 52
51, 53
51, 54
51, 55
51, 56
51, 57
51, 58
51, 59
52, 26
52, 27
52, 28
52, 29
52, 30
52, 31
52, 32
52, 33
52, 34
52, 35
52, 36
52, 37
52, 38
52, 39
52, 40
52, 41
52, 42
52, 43
52, 44
52, 45
52, 46
52, 51
52, 52
52, 53
52, 54
52, 55
52, 56
52, 57
52, 58
52, 59
53, 26
53, 27
53, 28
53, 29
53, 30
53, 31
53, 32
53, 33
53, 34
53, 35
53, 36
53, 37
53, 38
53, 39
53, 40
53, 41
53, 42
53, 43
53, 44
53, 45
53, 46
53, 47
53, 48
53, 49
53, 50
53, 51
53, 52
53, 53
53, 54
53, 55
53, 56
53, 57
53, 58
53, 59
53, 60
54, 25
54, 26
54, 27
54, 28
54, 29
54, 30
54, 31
54, 32
54, 33
54, 34
54, 35
54, 36
54, 37
54, 38
54, 39
54, 40
54, 41
54, 42
54, 43
54, 44
54, 45
54, 46
54, 47
54, 48
54, 49
54, 50
54, 51
54, 52
54, 53
54, 54
54, 55
54, 56
54, 57
54, 58
54, 59
54, 60
55, 25
55, 26
55, 27
55, 28
55, 29
55, 30
55, 31
55, 32
55, 33
55, 34
55, 35
55, 36
55, 37
55, 38
55, 39
55, 40
55, 41
55, 42
55, 43
55, 44
55, 45
55, 46
55, 47
55, 48
55, 49
55, 50
55, 51
55, 52
55, 53
55, 54
55, 55
55, 56
55, 57
55, 58
55, 59
55, 60
56, 23
56, 24
56, 25
56, 26
56, 27
56, 28
56, 29
56, 30
56, 31
56, 32
56, 33
56, 34
56, 35
56, 36
56, 37
56, 38
56, 39
56, 40
56, 41
56, 42
56, 43
56, 44
56, 45
56, 46
56, 47
56, 48
56, 49
56, 50
56, 51
56, 52
56, 53
56, 54
56, 55
56, 56
56, 57
56, 58
56, 59
56, 60
57, 24
57, 25
57, 26
57, 27
57, 28
57, 29
57, 30
57, 31
57, 32
57, 33
57, 34
57, 35
57, 36
57, 37
57, 38
57, 39
57, 40
57, 41
57, 42
57, 43
57, 44
57, 45
57, 46
57, 47
57, 48
57, 49
57, 50
57, 51
57, 52
57, 53
57, 54
57, 55
57, 56
57, 57
57, 58
57, 59
57, 60
58, 25
58, 26
58, 27
58, 28
58, 29
58, 30
58, 31
58, 32
58, 33
58, 34
58, 35
58, 36
58, 37
58, 38
58, 39
58, 40
58, 41
58, 42
58, 43
58, 44
58, 45
58, 46
58, 47
58, 48
58, 49
58, 50
58, 51
58, 52
58, 53
58, 54
58, 55
58, 56
58, 57
58, 58
58, 59
58, 60
59, 25
59, 26
59, 27
59, 28
59, 29
59, 30
59, 31
59, 32
59, 33
59, 34
59, 35
59, 36
59, 37
59, 38
59, 39
59, 40
59, 41
59, 42
59, 43
59, 44
59, 45
59, 46
59, 47
59, 48
59, 49
59, 50
59, 51
59, 52
59, 53
59, 54
59, 55
59, 56
59, 57
59, 58
59, 59
59, 60
60, 22
60, 23
60, 24
60, 25
60, 26
60, 27
60, 28
60, 29
60, 30
60, 31
60, 32
60, 33
60, 34
60, 35
60, 36
60, 37
60, 38
60, 39
60, 40
60, 41
60, 42
60, 43
60, 44
60, 45
60, 46
60, 47
60, 48
60, 49
60, 50
60, 51
60, 52
60, 53
60, 54
60, 55
60, 56
60, 57
60, 58
60, 59
60, 60
61, 21
61, 22
61, 23
61, 24
61, 25
61, 26
61, 27
61, 28
61, 29
61, 30
61, 31
61, 32
61, 33
61, 34
61, 35
61, 36
61, 37
61, 38
61, 39
61, 40
61, 41
61, 42
61, 43
61, 44
61, 45
61, 46
61, 47
61, 48
61, 49
61, 50
61, 51
61, 52
61, 53
61, 54
61, 55
61, 56
61, 57
61, 58
61, 59
61, 60
62, 21
62, 22
62, 23
62, 24
62, 25
62, 26
62, 27
62, 28
62, 29
62, 30
62, 31
62, 32
62, 33
62, 34
62, 35
62, 36
62, 37
62, 38
62, 39
62, 40
62, 41
62, 42
62, 43
62, 44
62, 45
62, 46
62, 47
62, 48
62, 49
62, 50
62, 51
62, 52
62, 53
62, 54
62, 55
62, 56
62, 57
62, 58
62, 59
62, 60
63, 21
63, 22
63, 23
63, 24
63, 25
63, 26
63, 27
63, 28
63, 29
63, 30
63, 31
63, 32
63, 33
63, 34
63, 35
63, 36
63, 37
63, 38
63, 39
63, 40
63, 41
63, 42
63, 43
63, 44
63, 45
63, 46
63, 47
63, 48
63, 49
63, 50
63, 51
63, 52
63, 53
63, 54
63, 55
63, 56
63, 57
63, 58
63, 59
64, 21
64, 22
64, 23
64, 24
64, 25
64, 26
64, 27
64, 28
64, 29
64, 30
64, 31
64, 32
64, 33
64, 34
64, 35
64, 36
64, 37
64, 38
64, 39
64, 40
64, 41
64, 42
64, 43
64, 44
64, 45
64, 46
64, 47
64, 48
64, 49
64, 50
64, 51
64, 52
64, 53
64, 54
64, 55
64, 56
64, 57
64, 58
64, 59
64, 60
65, 21
65, 22
65, 23
65, 24
65, 25
65, 26
65, 27
65, 28
65, 29
65, 30
65, 31
65, 32
65, 33
65, 34
65, 35
65, 36
65, 37
65, 38
65, 39
65, 40
65, 41
65, 42
65, 43
65, 44
65, 45
65, 46
65, 47
65, 48
65, 49
65, 50
65, 51
65, 52
65, 53
65, 54
65, 55
65, 56
65, 57
65, 58
65, 59
65, 60
66, 21
66, 22
66, 23
66, 24
66, 25
66, 26
66, 27
66, 28
66, 29
66, 30
66, 31
66, 32
66, 33
66, 34
66, 35
66, 36
66, 37
66, 38
66, 39
66, 40
66, 41
66, 42
66, 43
66, 44
66, 45
66, 46
66, 47
66, 48
66, 49
66, 50
66, 51
66, 52
66, 53
66, 54
66, 55
66, 56
66, 57
66, 58
66, 59
66, 60
67, 20
67, 21
67, 22
67, 23
67, 24
67, 25
67, 26
67, 27
67, 28
67, 29
67, 30
67, 31
67, 32
67, 33
67, 34
67, 35
67, 36
67, 37
67, 38
67, 39
67, 40
67, 41
67, 42
67, 43
67, 44
67, 45
67, 46
67, 47
67, 48
67, 49
67, 50
67, 51
67, 52
67, 53
67, 54
67, 55
67, 56
67, 57
67, 58
67, 59
67, 60
68, 20
68, 21
68, 22
68, 23
68, 24
68, 25
68, 26
68, 27
68, 28
68, 29
68, 30
68, 31
68, 32
68, 33
68, 34
68, 35
68, 36
68, 37
68, 38
68, 39
68, 40
68, 41
68, 42
68, 43
68, 44
68, 45
68, 46
68, 47
68, 48
68, 49
68, 50
68, 51
68, 52
68, 53
68, 54
68, 55
68, 56
68, 57
68, 58
68, 59
68, 60
69, 20
69, 21
69, 22
69, 23
69, 24
69, 25
69, 26
69, 27
69, 28
69, 29
69, 30
69, 31
69, 32
69, 33
69, 34
69, 35
69, 36
69, 37
69, 38
69, 39
69, 40
69, 41
69, 42
69, 43
69, 44
69, 45
69, 46
69, 47
69, 48
69, 49
69, 50
69, 51
69, 52
69, 53
69, 54
69, 55
69, 56
69, 57
69, 58
69, 59
69, 60
70, 20
70, 21
70, 22
70, 23
70, 24
70, 25
70, 26
70, 27
70, 28
70, 29
70, 30
70, 31
70, 32
70, 33
70, 34
70, 35
70, 36
70, 37
70, 38
70, 39
70, 40
70, 41
70, 42
70, 43
70, 44
70, 45
70, 46
70, 47
70, 48
70, 49
70, 50
70, 51
70, 52
70, 53
70, 54
70, 55
70, 56
70, 57
70, 58
70, 59
70, 60
71, 20
71, 21
71, 22
71, 23
71, 24
71, 25
71, 26
71, 27
71, 28
71, 29
71, 30
71, 31
71, 32
71, 33
71, 34
71, 35
71, 36
71, 37
71, 38
71, 39
71, 40
71, 41
71, 42
71, 43
71, 44
71, 45
71, 46
71, 47
71, 48
71, 49
71, 50
71, 51
71, 52
71, 53
71, 54
71, 55
71, 56
71, 57
71, 58
71, 59
71, 60
71, 61
72, 20
72, 21
72, 22
72, 23
72, 24
72, 25
72, 26
72, 27
72, 28
72, 29
72, 30
72, 31
72, 32
72, 33
72, 34
72, 35
72, 36
72, 37
72, 38
72, 39
72, 40
72, 41
72, 42
72, 43
72, 44
72, 45
72, 46
72, 47
72, 48
72, 49
72, 50
72, 51
72, 52
72, 53
72, 54
72, 55
72, 56
72, 57
72, 58
72, 59
72, 60
72, 61
73, 20
73, 21
73, 22
73, 23
73, 24
73, 25
73, 26
73, 27
73, 28
73, 29
73, 30
73, 31
73, 32
73, 33
73, 34
73, 35
73, 36
73, 37
73, 38
73, 39
73, 40
73, 41
73, 42
73, 43
73, 44
73, 45
73, 46
73, 47
73, 48
73, 49
73, 50
73, 51
73, 52
73, 53
73, 54
73, 55
73, 56
73, 57
73, 58
73, 59
73, 60
73, 61
74, 20
74, 21
74, 22
74, 23
74, 24
74, 25
74, 26
74, 27
74, 28
74, 29
74, 30
74, 31
74, 32
74, 33
74, 34
74, 35
74, 36
74, 37
74, 38
74, 39
74, 40
74, 41
74, 42
74, 43
74, 44
74, 45
74, 46
74, 47
74, 48
74, 49
74, 50
74, 51
74, 52
74, 53
74, 54
74, 55
74, 56
74, 57
74, 58
74, 59
74, 60
74, 61
75, 20
75, 21
75, 22
75, 23
75, 24
75, 25
75, 26
75, 27
75, 28
75, 29
75, 30
75, 31
75, 32
75, 33
75, 34
75, 35
75, 36
75, 37
75, 38
75, 39
75, 40
75, 41
75, 42
75, 43
75, 44
75, 45
75, 46
75, 47
75, 48
75, 49
75, 50
75, 51
75, 52
75, 53
75, 54
75, 55
75, 56
75, 57
75, 58
75, 59
75, 60
75, 61
76, 20
76, 21
76, 22
76, 23
76, 24
76, 25
76, 26
76, 27
76, 28
76, 29
76, 30
76, 31
76, 32
76, 33
76, 34
76, 35
76, 36
76, 37
76, 38
76, 39
76, 40
76, 41
76, 42
76, 43
76, 44
76, 45
76, 46
76, 47
76, 48
76, 49
76, 50
76, 51
76, 52
76, 53
76, 54
76, 55
76, 56
76, 57
76, 58
76, 59
76, 60
76, 61
76, 62
77, 20
77, 21
77, 22
77, 23
77, 24
77, 25
77, 26
77, 27
77, 28
77, 29
77, 30
77, 31
77, 32
77, 33
77, 34
77, 35
77, 36
77, 37
77, 38
77, 39
77, 40
77, 41
77, 42
77, 43
77, 44
77, 45
77, 46
77, 47
77, 48
77, 49
77, 50
77, 51
77, 52
77, 53
77, 54
77, 55
77, 56
77, 57
77, 58
77, 59
77, 60
77, 61
77, 62
78, 20
78, 21
78, 22
78, 23
78, 24
78, 25
78, 26
78, 27
78, 28
78, 29
78, 30
78, 31
78, 32
78, 33
78, 34
78, 35
78, 36
78, 37
78, 38
78, 39
78, 40
78, 41
78, 42
78, 43
78, 44
78, 45
78, 46
78, 47
78, 48
78, 49
78, 50
78, 51
78, 52
78, 53
78, 54
78, 55
78, 56
78, 57
78, 58
78, 59
78, 60
78, 61
78, 62
79, 20
79, 21
79, 22
79, 23
79, 24
79, 25
79, 26
79, 27
79, 28
79, 29
79, 30
79, 31
79, 32
79, 33
79, 34
79, 35
79, 36
79, 37
79, 38
79, 39
79, 40
79, 41
79, 42
79, 43
79, 44
79, 45
79, 46
79, 47
79, 48
79, 49
79, 50
79, 51
79, 52
79, 53
79, 54
79, 55
79, 56
79, 57
79, 58
79, 59
79, 60
79, 61
79, 62
80, 20
80, 21
80, 22
80, 23
80, 24
80, 25
80, 26
80, 27
80, 28
80, 29
80, 30
80, 31
80, 32
80, 33
80, 34
80, 35
80, 36
80, 37
80, 38
80, 39
80, 40
80, 41
80, 42
80, 43
80, 44
80, 45
80, 46
80, 47
80, 48
80, 49
80, 50
80, 51
80, 52
80, 53
80, 54
80, 55
80, 56
80, 57
80, 58
80, 59
80, 60
80, 61
80, 62
81, 20
81, 21
81, 22
81, 23
81, 24
81, 25
81, 26
81, 27
81, 28
81, 29
81, 30
81, 31
81, 32
81, 33
81, 34
81, 35
81, 36
81, 37
81, 38
81, 39
81, 40
81, 41
81, 42
81, 43
81, 44
81, 45
81, 46
81, 47
81, 48
81, 49
81, 50
81, 51
81, 52
81, 53
81, 54
81, 55
81, 56
81, 57
81, 58
81, 59
81, 60
81, 61
81, 62
82, 20
82, 21
82, 22
82, 23
82, 24
82, 25
82, 26
82, 27
82, 28
82, 29
82, 30
82, 31
82, 32
82, 33
82, 34
82, 35
82, 36
82, 37
82, 38
82, 39
82, 40
82, 41
82, 42
82, 43
82, 44
82, 45
82, 46
82, 47
82, 48
82, 49
82, 50
82, 51
82, 52
82, 53
82, 54
82, 55
82, 56
82, 57
82, 58
82, 59
82, 60
82, 61
82, 62
83, 20
83, 21
83, 22
83, 23
83, 24
83, 25
83, 26
83, 27
83, 28
83, 29
83, 30
83, 31
83, 32
83, 33
83, 34
83, 35
83, 36
83, 37
83, 38
83, 39
83, 40
83, 41
83, 42
83, 43
83, 44
83, 45
83, 46
83, 47
83, 48
83, 49
83, 50
83, 51
83, 52
83, 53
83, 54
83, 55
83, 56
83, 57
83, 58
83, 59
83, 60
83, 61
83, 62
84, 20
84, 21
84, 22
84, 23
84, 24
84, 25
84, 26
84, 27
84, 28
84, 29
84, 30
84, 31
84, 32
84, 33
84, 34
84, 35
84, 36
84, 37
84, 38
84, 39
84, 40
84, 41
84, 42
84, 43
84, 44
84, 45
84, 46
84, 47
84, 48
84, 49
84, 50
84, 51
84, 52
84, 53
84, 54
84, 55
84, 56
84, 57
84, 58
84, 59
84, 60
84, 61
84, 62
85, 20
85, 21
85, 22
85, 23
85, 24
85, 25
85, 26
85, 27
85, 28
85, 29
85, 30
85, 31
85, 32
85, 33
85, 34
85, 35
85, 36
85, 37
85, 38
85, 39
85, 40
85, 41
85, 42
85, 43
85, 44
85, 45
85, 46
85, 47
85, 48
85, 49
85, 50
85, 51
85, 52
85, 53
85, 54
85, 55
85, 56
85, 57
85, 58
85, 59
85, 60
85, 61
85, 62
86, 20
86, 21
86, 22
86, 23
86, 24
86, 25
86, 26
86, 27
86, 28
86, 29
86, 30
86, 31
86, 32
86, 33
86, 34
86, 35
86, 36
86, 37
86, 38
86, 39
86, 40
86, 41
86, 42
86, 43
86, 44
86, 45
86, 46
86, 47
86, 48
86, 49
86, 50
86, 51
86, 52
86, 53
86, 54
86, 55
86, 56
86, 57
86, 58
86, 59
86, 60
86, 61
86, 62
86, 63
87, 20
87, 21
87, 22
87, 23
87, 24
87, 25
87, 26
87, 27
87, 28
87, 29
87, 30
87, 31
87, 32
87, 33
87, 34
87, 35
87, 36
87, 37
87, 38
87, 39
87, 40
87, 41
87, 42
87, 43
87, 44
87, 45
87, 46
87, 47
87, 48
87, 49
87, 50
87, 51
87, 52
87, 53
87, 54
87, 55
87, 56
87, 57
87, 58
87, 59
87, 60
87, 61
87, 62
87, 63
88, 20
88, 21
88, 22
88, 23
88, 24
88, 25
88, 26
88, 27
88, 28
88, 29
88, 30
88, 31
88, 32
88, 33
88, 34
88, 35
88, 36
88, 37
88, 38
88, 39
88, 40
88, 41
88, 42
88, 43
88, 44
88, 45
88, 46
88, 47
88, 48
88, 49
88, 50
88, 51
88, 52
88, 53
88, 54
88, 55
88, 56
88, 57
88, 58
88, 59
88, 60
88, 61
88, 62
88, 63
89, 20
89, 21
89, 22
89, 23
89, 24
89, 25
89, 26
89, 27
89, 28
89, 29
89, 30
89, 31
89, 32
89, 33
89, 34
89, 35
89, 36
89, 37
89, 38
89, 39
89, 40
89, 41
89, 42
89, 43
89, 44
89, 45
89, 46
89, 47
89, 48
89, 49
89, 50
89, 51
89, 52
89, 53
89, 54
89, 55
89, 56
89, 57
89, 58
89, 59
89, 60
89, 61
89, 62
89, 63
90, 20
90, 21
90, 22
90, 23
90, 24
90, 25
90, 26
90, 27
90, 28
90, 29
90, 30
90, 31
90, 32
90, 33
90, 34
90, 35
90, 36
90, 37
90, 38
90, 39
90, 40
90, 41
90, 42
90, 43
90, 44
90, 45
90, 46
90, 47
90, 48
90, 49
90, 50
90, 51
90, 52
90, 53
90, 54
90, 55
90, 56
90, 57
90, 58
90, 59
90, 60
90, 61
90, 62
90, 63
91, 20
91, 21
91, 22
91, 23
91, 24
91, 25
91, 26
91, 27
91, 28
91, 29
91, 30
91, 31
91, 32
91, 33
91, 34
91, 35
91, 36
91, 37
91, 38
91, 39
91, 40
91, 41
91, 42
91, 43
91, 44
91, 45
91, 46
91, 47
91, 48
91, 49
91, 50
91, 51
91, 52
91, 53
91, 54
91, 55
91, 56
91, 57
91, 58
91, 59
91, 60
91, 61
91, 62
91, 63
92, 20
92, 21
92, 22
92, 23
92, 24
92, 25
92, 26
92, 27
92, 28
92, 29
92, 30
92, 31
92, 32
92, 33
92, 34
92, 35
92, 36
92, 37
92, 38
92, 39
92, 40
92, 41
92, 42
92, 43
92, 44
92, 45
92, 46
92, 47
92, 48
92, 49
92, 50
92, 51
92, 52
92, 53
92, 54
92, 55
92, 56
92, 57
92, 58
92, 59
92, 60
92, 61
92, 62
92, 63
93, 20
93, 21
93, 22
93, 23
93, 24
93, 25
93, 26
93, 27
93, 28
93, 29
93, 30
93, 31
93, 32
93, 33
93, 34
93, 35
93, 36
93, 37
93, 38
93, 39
93, 40
93, 41
93, 42
93, 43
93, 44
93, 45
93, 46
93, 47
93, 48
93, 49
93, 50
93, 51
93, 52
93, 53
93, 54
93, 55
93, 56
93, 57
93, 58
93, 59
93, 60
93, 61
93, 62
93, 63
94, 20
94, 21
94, 22
94, 23
94, 24
94, 25
94, 26
94, 27
94, 28
94, 29
94, 30
94, 31
94, 32
94, 33
94, 34
94, 35
94, 36
94, 37
94, 38
94, 39
94, 40
94, 41
94, 42
94, 43
94, 44
94, 45
94, 46
94, 47
94, 48
94, 49
94, 50
94, 51
94, 52
94, 53
94, 54
94, 55
94, 56
94, 57
94, 58
94, 59
94, 60
94, 61
94, 62
94, 63
95, 24
95, 25
95, 26
95, 27
95, 28
95, 29
95, 30
95, 31
95, 32
95, 33
95, 34
95, 35
95, 36
95, 37
95, 38
95, 39
95, 40
95, 41
95, 42
95, 43
95, 44
95, 45
95, 46
95, 47
95, 48
95, 49
95, 50
95, 51
95, 52
95, 53
95, 54
95, 55
95, 56
95, 57
95, 58
95, 59
95, 60
95, 61
95, 62
95, 63
95, 64
96, 27
96, 28
96, 29
96, 30
96, 31
96, 32
96, 33
96, 34
96, 35
96, 36
96, 37
96, 38
96, 39
96, 40
96, 41
96, 42
96, 43
96, 44
96, 45
96, 46
96, 47
96, 48
96, 49
96, 50
96, 51
96, 52
96, 53
96, 54
96, 55
96, 56
96, 57
96, 58
96, 59
96, 60
96, 61
96, 62
96, 63
96, 64
97, 29
97, 30
97, 31
97, 32
97, 33
97, 34
97, 35
97, 36
97, 37
97, 38
97, 39
97, 40
97, 41
97, 42
97, 43
97, 44
97, 45
97, 46
97, 47
97, 48
97, 49
97, 50
97, 51
97, 52
97, 53
97, 54
97, 55
97, 56
97, 57
97, 58
97, 59
97, 60
97, 61
97, 62
97, 63
97, 64
98, 31
98, 32
98, 33
98, 34
98, 35
98, 36
98, 37
98, 38
98, 39
98, 40
98, 41
98, 42
98, 43
98, 44
98, 45
98, 46
98, 47
98, 48
98, 49
98, 50
98, 51
98, 52
98, 53
98, 54
98, 55
98, 56
98, 57
98, 58
98, 59
98, 60
98, 61
98, 62
98, 63
98, 64
99, 35
99, 36
99, 37
99, 38
99, 39
99, 40
99, 41
99, 42
99, 43
99, 44
99, 45
99, 46
99, 47
99, 48
99, 49
99, 50
99, 51
99, 52
99, 53
99, 54
99, 55
99, 56
99, 57
99, 58
99, 59
99, 60
99, 61
99, 62
99, 63
99, 64
100, 38
100, 39
100, 40
100, 41
100, 42
100, 43
100, 44
100, 45
100, 46
100, 47
100, 48
100, 49
100, 50
100, 51
100, 52
100, 53
100, 54
100, 55
100, 56
100, 57
100, 58
100, 59
100, 60
100, 61
100, 62
100, 63
100, 64
101, 41
101, 42
101, 43
101, 44
101, 45
101, 46
101, 47
101, 48
101, 49
101, 50
101, 51
101, 52
101, 53
101, 54
101, 55
101, 56
101, 57
101, 58
101, 59
101, 60
101, 61
101, 62
101, 63
101, 64
101, 65
102, 43
102, 44
102, 45
102, 46
102, 47
102, 48
102, 49
102, 50
102, 51
102, 52
102, 53
102, 54
102, 55
102, 56
102, 57
102, 58
102, 59
102, 60
102, 61
102, 62
102, 63
102, 64
102, 65
103, 45
103, 46
103, 47
103, 48
103, 49
103, 50
103, 51
103, 52
103, 53
103, 54
103, 55
103, 56
103, 57
103, 58
103, 59
103, 60
103, 61
103, 62
103, 63
103, 64
103, 65
104, 47
104, 48
104, 49
104, 50
104, 51
104, 52
104, 53
104, 54
104, 55
104, 56
104, 57
104, 58
104, 59
104, 60
104, 61
104, 62
104, 63
104, 64
104, 65
105, 49
105, 50
105, 51
105, 52
105, 53
105, 54
105, 55
105, 56
105, 57
105, 58
105, 59
105, 60
105, 61
105, 62
105, 63
105, 64
105, 65
106, 50
106, 51
106, 52
106, 53
106, 54
106, 55
106, 56
106, 57
106, 58
106, 59
106, 60
106, 61
106, 62
106, 63
106, 64
106, 65
107, 51
107, 52
107, 53
107, 54
107, 55
107, 56
107, 57
107, 58
107, 59
107, 60
107, 61
107, 62
107, 63
107, 64
107, 65
108, 52
108, 53
108, 54
108, 55
108, 56
108, 57
108, 58
108, 59
108, 60
108, 61
108, 62
108, 63
108, 64
108, 65
109, 53
109, 54
109, 55
109, 56
109, 57
109, 58
109, 59
109, 60
109, 61
109, 62
109, 63
109, 64
109, 65
110, 58
110, 59
110, 60
110, 61
110, 62
