18, 9
18, 10
18, 11
18, 12
19, 8
19, 9
19, 10
19, 11
19, 12
19, 13
20, 7
20, 8
20, 9
20, 10
20, 11
20, 12
20, 13
20, 23
20, 24
20, 25
21, 6
21, 7
21, 8
21, 9
21, 10
21, 11
21, 12
21, 13
21, 22
21, 23
21, 24
21, 25
21, 26
21, 27
21, 28
21, 29
21, 30
22, 6
22, 7
22, 8
22, 9
22, 10
22, 11
22, 12
22, 13
22, 22
22, 23
22, 24
22, 25
22, 26
22, 27
22, 28
22, 29
22, 30
22, 31
23, 5
23, 6
23, 7
23, 8
23, 9
23, 10
23, 11
23, 12
23, 13
23, 22
23, 23
23, 24
23, 25
23, 26
23, 27
23, 28
23, 29
23, 30
23, 31
23, 32
23, 33
24, 5
24, 6
24, 7
24, 8
24, 9
24, 10
24, 11
24, 12
24, 13
24, 22
24, 23
24, 24
24, 25
24, 26
24, 27
24, 28
24, 29
24, 30
24, 31
24, 32
24, 33
24, 34
24, 35
24, 36
25, 4
25, 5
25, 6
25, 7
25, 8
25, 9
25, 10
25, 11
25, 12
25, 13
25, 22
25, 23
25, 24
25, 25
25, 26
25, 27
25, 28
25, 29
25, 30
25, 31
25, 32
25, 33
25, 34
25, 35
25, 36
25, 37
26, 4
26, 5
26, 6
26, 7
26, 8
26, 9
26, 10
26, 11
26, 12
26, 13
26, 22
26, 23
26, 24
26, 25
26, 26
26, 27
26, 28
26, 29
26, 30
26, 31
26, 32
26, 33
26, 34
26, 35
26, 36
26, 37
27, 4
27, 5
27, 6
27, 7
27, 8
27, 9
27, 10
27, 11
27, 12
27, 13
27, 22
27, 23
27, 24
27, 25
27, 26
27, 27
27, 28
27, 29
27, 30
27, 31
27, 32
27, 33
27, 34
27, 35
27, 36
27, 37
28, 4
28, 5
28, 6
28, 7
28, 8
28, 9
28, 10
28, 11
28, 12
28, 13
28, 22
28, 23
28, 24
28, 25
28, 26
28, 27
28, 28
28, 29
28, 30
28, 31
28, 32
28, 33
28, 34
28, 35
28, 36
28, 37
28, 38
29, 4
29, 5
29, 6
29, 7
29, 8
29, 9
29, 10
29, 11
29, 12
29, 13
29, 22
29, 23
29, 24
29, 25
29, 26
29, 27
29, 28
29, 29
29, 30
29, 31
29, 32
29, 33
29, 34
29, 35
29, 36
29, 37
29, 38
30, 4
30, 5
30, 6
30, 7
30, 8
30, 9
30, 10
30, 11
30, 12
30, 13
30, 22
30, 23
30, 24
30, 25
30, 26
30, 27
30, 28
30, 29
30, 30
30, 31
30, 32
30, 33
30, 34
30, 35
30, 36
30, 37
30, 38
31, 3
31, 4
31, 5
31, 6
31, 7
31, 8
31, 9
31, 10
31, 11
31, 12
31, 13
31, 22
31, 23
31, 24
31, 25
31, 26
31, 27
31, 28
31, 29
31, 30
31, 31
31, 32
31, 33
31, 34
31, 35
31, 36
31, 37
31, 38
32, 3
32, 4
32, 5
32, 6
32, 7
32, 8
32, 9
32, 10
32, 11
32, 12
32, 13
32, 22
32, 23
32, 24
32, 25
32, 26
32, 27
32, 28
32, 29
32, 30
32, 31
32, 32
32, 33
32, 34
32, 35
32, 36
32, 37
32, 38
33, 3
33, 4
33, 5
33, 6
33, 7
33, 8
33, 9
33, 10
33, 11
33, 12
33, 13
33, 22
33, 23
33, 24
33, 25
33, 26
33, 27
33, 28
33, 29
33, 30
33, 31
33, 32
33, 33
33, 34
33, 35
33, 36
33, 37
33, 38
34, 3
34, 4
34, 5
34, 6
34, 7
34, 8
34, 9
34, 10
34, 11
34, 12
34, 13
34, 22
34, 23
34, 24
34, 25
34, 26
34, 27
34, 28
34, 29
34, 30
34, 31
34, 32
34, 33
34, 34
34, 35
34, 36
34, 37
34, 38
35, 3
35, 4
35, 5
35, 6
35, 7
35, 8
35, 9
35, 10
35, 11
35, 12
35, 13
35, 21
35, 22
35, 23
35, 24
35, 25
35, 26
35, 27
35, 28
35, 29
35, 30
35, 31
35, 32
35, 33
35, 34
35, 35
35, 36
35, 37
35, 38
36, 3
36, 4
36, 5
36, 6
36, 7
36, 8
36, 9
36, 10
36, 11
36, 12
36, 13
36, 21
36, 22
36, 23
36, 24
36, 25
36, 26
36, 27
36, 28
36, 29
36, 30
36, 31
36, 32
36, 33
36, 34
36, 35
36, 36
36, 37
36, 38
37, 3
37, 4
37, 5
37, 6
37, 7
37, 8
37, 9
37, 10
37, 11
37, 12
37, 13
37, 22
37, 23
37, 24
37, 25
37, 26
37, 27
37, 28
37, 29
37, 30
37, 31
37, 32
37, 33
37, 34
37, 35
37, 36
37, 37
38, 3
38, 4
38, 5
38, 6
38, 7
38, 8
38, 9
38, 10
38, 11
38, 12
38, 13
38, 22
38, 23
38, 24
38, 25
38, 26
38, 27
38, 28
38, 29
38, 30
38, 31
38, 32
38, 33
38, 34
38, 35
38, 36
38, 37
39, 3
39, 4
39, 5
39, 6
39, 7
39, 8
39, 9
39, 10
39, 11
39, 12
39, 13
39, 22
39, 23
39, 24
39, 25
39, 26
39, 27
39, 28
39, 29
39, 30
39, 31
39, 32
39, 33
39, 34
39, 35
39, 36
39, 37
40, 3
40, 4
40, 5
40, 6
40, 7
40, 8
40, 9
40, 10
40, 11
40, 12
40, 13
40, 22
40, 23
40, 24
40, 25
40, 26
40, 27
40, 28
40, 29
40, 30
40, 31
40, 32
40, 33
40, 34
41, 3
41, 4
41, 5
41, 6
41, 7
41, 8
41, 9
41, 10
41, 11
41, 12
41, 22
41, 23
41, 24
41, 25
41, 26
41, 27
41, 28
41, 29
41, 30
41, 31
41, 32
41, 33
42, 3
42, 4
42, 5
42, 6
42, 7
42, 8
42, 9
42, 10
42, 11
42, 12
42, 22
42, 23
42, 24
42, 25
42, 26
42, 27
42, 28
42, 29
42, 30
42, 31
42, 32
42, 33
43, 3
43, 4
43, 5
43, 6
43, 7
43, 8
43, 9
43, 10
43, 11
43, 12
43, 22
43, 23
43, 24
43, 25
43, 26
43, 27
43, 28
43, 29
43, 30
43, 31
43, 32
43, 33
44, 3
44, 4
44, 5
44, 6
44, 7
44, 8
44, 9
44, 10
44, 11
44, 12
44, 22
44, 23
44, 24
44, 25
44, 26
44, 27
44, 28
44, 29
44, 30
44, 31
44, 32
45, 3
45, 4
45, 5
45, 6
45, 7
45, 8
45, 9
45, 10
45, 11
45, 12
45, 22
45, 23
45, 24
45, 25
45, 26
45, 27
45, 28
45, 29
45, 30
45, 31
45, 32
46, 3
46, 4
46, 5
46, 6
46, 7
46, 8
46, 9
46, 10
46, 11
46, 12
46, 22
46, 23
46, 24
46, 25
46, 26
46, 27
46, 28
46, 29
46, 30
46, 31
46, 32
47, 3
47, 4
47, 5
47, 6
47, 7
47, 8
47, 9
47, 10
47, 11
47, 12
47, 22
47, 23
47, 24
47, 25
47, 26
47, 27
47, 28
47, 29
47, 30
48, 3
48, 4
48, 5
48, 6
48, 7
48, 8
48, 9
48, 10
48, 11
48, 12
48, 22
48, 23
48, 24
48, 25
48, 26
48, 27
48, 28
48, 29
48, 30
49, 3
49, 4
49, 5
49, 6
49, 7
49, 8
49, 9
49, 10
49, 11
49, 12
49, 22
49, 23
49, 24
49, 25
49, 26
49, 27
49, 28
49, 29
49, 30
50, 3
50, 4
50, 5
50, 6
50, 7
50, 8
50, 9
50, 10
50, 11
50, 12
50, 22
50, 23
50, 24
50, 25
50, 26
50, 27
50, 28
50, 29
50, 30
51, 3
51, 4
51, 5
51, 6
51, 7
51, 8
51, 9
51, 10
51, 11
51, 12
51, 22
51, 23
51, 24
51, 25
51, 26
51, 27
51, 28
51, 29
51, 30
52, 3
52, 4
52, 5
52, 6
52, 7
52, 8
52, 9
52, 10
52, 11
52, 12
52, 22
52, 23
52, 24
52, 25
52, 26
52, 27
52, 28
52, 29
53, 3
53, 4
53, 5
53, 6
53, 7
53, 8
53, 9
53, 10
53, 11
53, 12
53, 22
53, 23
53, 24
53, 25
53, 26
53, 27
53, 28
53, 29
54, 3
54, 4
54, 5
54, 6
54, 7
54, 8
54, 9
54, 10
54, 11
54, 12
54, 22
54, 23
54, 24
54, 25
54, 26
54, 27
54, 28
54, 29
55, 3
55, 4
55, 5
55, 6
55, 7
55, 8
55, 9
55, 10
55, 11
55, 22
55, 23
55, 24
55, 25
55, 26
55, 27
55, 28
55, 29
56, 3
56, 4
56, 5
56, 6
56, 7
56, 8
56, 9
56, 10
56, 11
56, 22
56, 23
56, 24
56, 25
56, 26
56, 27
56, 28
56, 29
57, 3
57, 4
57, 5
57, 6
57, 7
57, 8
57, 9
57, 10
57, 11
57, 21
57, 22
57, 23
57, 24
57, 25
57, 26
57, 27
57, 28
57, 29
58, 3
58, 4
58, 5
58, 6
58, 7
58, 8
58, 9
58, 10
58, 11
58, 21
58, 22
58, 23
58, 24
58, 25
58, 26
58, 27
58, 28
58, 29
59, 3
59, 4
59, 5
59, 6
59, 7
59, 8
59, 9
59, 10
59, 11
59, 21
59, 22
59, 23
59, 24
59, 25
59, 26
59, 27
59, 28
59, 29
60, 3
60, 4
60, 5
60, 6
60, 7
60, 8
60, 9
60, 10
60, 11
60, 21
60, 22
60, 23
60, 24
60, 25
60, 26
60, 27
60, 28
60, 29
61, 3
61, 4
61, 5
61, 6
61, 7
61, 8
61, 9
61, 10
61, 11
61, 21
61, 22
61, 23
61, 24
61, 25
61, 26
62, 3
62, 4
62, 5
62, 6
62, 7
62, 8
62, 9
62, 10
62, 11
62, 21
62, 22
62, 23
62, 24
62, 25
63, 3
63, 4
63, 5
63, 6
63, 7
63, 8
63, 9
63, 10
63, 11
63, 20
63, 21
63, 22
63, 23
63, 24
63, 25
64, 3
64, 4
64, 5
64, 6
64, 7
64, 8
64, 9
64, 10
64, 11
64, 20
64, 21
64, 22
64, 23
64, 24
64, 25
65, 3
65, 4
65, 5
65, 6
65, 7
65, 8
65, 9
65, 10
65, 11
65, 20
65, 21
65, 22
65, 23
65, 24
65, 25
66, 3
66, 4
66, 5
66, 6
66, 7
66, 8
66, 9
66, 10
66, 11
66, 19
66, 20
66, 21
66, 22
66, 23
66, 24
66, 25
67, 3
67, 4
67, 5
67, 6
67, 7
67, 8
67, 9
67, 10
67, 11
67, 12
67, 13
67, 17
67, 18
67, 19
67, 20
67, 21
67, 22
67, 23
67, 24
67, 25
68, 3
68, 4
68, 5
68, 6
68, 7
68, 8
68, 9
68, 10
68, 11
68, 12
68, 13
68, 14
68, 15
68, 16
68, 17
68, 18
68, 19
68, 20
68, 21
68, 22
68, 23
68, 24
68, 25
69, 3
69, 4
69, 5
69, 6
69, 7
69, 8
69, 9
69, 10
69, 11
69, 12
69, 13
69, 14
69, 15
69, 16
69, 17
69, 18
69, 19
69, 20
69, 21
69, 22
69, 23
69, 24
70, 3
70, 4
70, 5
70, 6
70, 7
70, 8
70, 9
70, 10
70, 11
70, 12
70, 13
70, 14
70, 15
70, 16
70, 17
70, 18
70, 19
70, 20
70, 21
70, 22
70, 23
70, 24
71, 3
71, 4
71, 5
71, 6
71, 7
71, 8
71, 9
71, 10
71, 11
71, 12
71, 13
71, 14
71, 15
71, 16
71, 17
71, 18
71, 19
71, 20
71, 21
71, 22
71, 23
71, 24
72, 3
72, 4
72, 5
72, 6
72, 7
72, 8
72, 9
72, 10
72, 11
72, 12
72, 13
72, 14
72, 15
72, 16
72, 17
72, 18
72, 19
72, 20
72, 21
72, 22
72, 23
72, 24
73, 3
73, 4
73, 5
73, 6
73, 7
73, 8
73, 9
73, 10
73, 11
73, 12
73, 13
73, 14
73, 15
73, 16
73, 17
73, 18
73, 19
73, 20
73, 21
73, 22
73, 23
73, 24
74, 3
74, 4
74, 5
74, 6
74, 7
74, 8
74, 9
74, 10
74, 11
74, 12
74, 13
74, 14
74, 15
74, 16
74, 17
74, 18
74, 19
74, 20
74, 21
74, 22
74, 23
75, 3
75, 4
75, 5
75, 6
75, 7
75, 8
75, 9
75, 10
75, 11
75, 12
75, 13
75, 14
75, 15
75, 16
75, 17
75, 18
75, 19
75, 20
75, 21
75, 22
75, 23
76, 3
76, 4
76, 5
76, 6
76, 7
76, 8
76, 9
76, 10
76, 11
76, 12
76, 13
76, 14
76, 15
76, 16
76, 17
76, 18
76, 19
76, 20
76, 21
76, 22
76, 23
77, 3
77, 4
77, 5
77, 6
77, 7
77, 8
77, 9
77, 10
77, 11
77, 12
77, 13
77, 14
77, 15
77, 16
77, 17
77, 18
77, 19
77, 20
77, 21
77, 22
77, 23
78, 3
78, 4
78, 5
78, 6
78, 7
78, 8
78, 9
78, 10
78, 11
78, 12
78, 13
78, 14
78, 15
78, 16
78, 17
78, 18
78, 19
78, 20
78, 21
78, 22
78, 23
79, 3
79, 4
79, 5
79, 6
79, 7
79, 8
79, 9
79, 10
79, 11
79, 12
79, 13
79, 14
79, 15
79, 16
79, 17
79, 18
79, 19
79, 20
79, 21
79, 22
79, 23
80, 3
80, 4
80, 5
80, 6
80, 7
80, 8
80, 9
80, 10
80, 11
80, 12
80, 13
80, 14
80, 15
80, 16
80, 17
80, 18
80, 19
80, 20
80, 21
80, 22
80, 23
81, 3
81, 4
81, 5
81, 6
81, 7
81, 8
81, 9
81, 10
81, 11
81, 12
81, 13
81, 14
81, 15
81, 16
81, 17
81, 18
81, 19
81, 20
81, 21
81, 22
81, 23
82, 3
82, 4
82, 5
82, 6
82, 7
82, 8
82, 9
82, 10
82, 11
82, 12
82, 13
82, 14
82, 15
82, 16
82, 17
82, 18
82, 19
82, 20
82, 21
82, 22
82, 23
82, 24
83, 3
83, 4
83, 5
83, 6
83, 7
83, 8
83, 9
83, 10
83, 11
83, 12
83, 13
83, 14
83, 15
83, 16
83, 17
83, 18
83, 19
83, 20
83, 21
83, 22
83, 23
83, 24
84, 3
84, 4
84, 5
84, 6
84, 7
84, 8
84, 9
84, 10
84, 11
84, 12
84, 13
84, 14
84, 15
84, 16
84, 17
84, 18
84, 19
84, 20
84, 21
84, 22
84, 23
84, 24
85, 3
85, 4
85, 5
85, 6
85, 7
85, 8
85, 9
85, 10
85, 11
85, 12
85, 13
85, 14
85, 15
85, 16
85, 17
85, 18
85, 19
85, 20
85, 21
85, 22
85, 23
85, 24
86, 3
86, 4
86, 5
86, 6
86, 7
86, 8
86, 9
86, 10
86, 11
86, 12
86, 13
86, 14
86, 15
86, 16
86, 17
86, 18
86, 19
86, 20
86, 21
86, 22
86, 23
86, 24
87, 3
87, 4
87, 5
87, 6
87, 7
87, 8
87, 9
87, 10
87, 11
87, 12
87, 13
87, 14
87, 15
87, 16
87, 17
87, 18
87, 19
87, 20
87, 21
87, 22
87, 23
87, 24
88, 3
88, 4
88, 5
88, 6
88, 7
88, 8
88, 9
88, 10
88, 11
88, 12
88, 13
88, 14
88, 15
88, 16
88, 17
88, 18
88, 19
88, 20
88, 21
88, 22
88, 23
88, 24
89, 3
89, 4
89, 5
89, 6
89, 7
89, 8
89, 9
89, 10
89, 11
89, 12
89, 13
89, 14
89, 15
89, 16
89, 17
89, 18
89, 19
89, 20
89, 21
89, 22
89, 23
89, 24
90, 3
90, 4
90, 5
90, 6
90, 7
90, 8
90, 9
90, 10
90, 11
90, 12
90, 13
90, 14
90, 15
90, 16
90, 17
90, 18
90, 19
90, 20
90, 21
90, 22
90, 23
90, 24
91, 3
91, 4
91, 5
91, 6
91, 7
91, 8
91, 9
91, 10
91, 11
91, 12
91, 13
91, 14
91, 15
91, 16
91, 17
91, 18
91, 19
91, 20
91, 21
91, 22
91, 23
92, 3
92, 4
92, 5
92, 6
92, 7
92, 8
92, 9
92, 10
92, 11
92, 12
92, 13
92, 14
92, 15
92, 16
92, 17
92, 18
92, 19
92, 20
92, 21
92, 22
93, 4
93, 5
93, 6
93, 7
93, 8
93, 9
93, 10
93, 11
93, 12
93, 13
93, 14
93, 15
93, 16
93, 17
93, 18
93, 19
93, 20
93, 21
