33, 33
33, 34
33, 35
33, 36
33, 37
33, 38
33, 39
34, 13
34, 14
34, 15
34, 16
34, 31
34, 32
34, 33
34, 34
34, 35
34, 36
34, 37
34, 38
34, 39
34, 40
35, 11
35, 12
35, 13
35, 14
35, 15
35, 16
35, 31
35, 32
35, 33
35, 34
35, 35
35, 36
35, 37
35, 38
35, 39
35, 40
35, 41
36, 10
36, 11
36, 12
36, 13
36, 14
36, 15
36, 16
36, 17
36, 30
36, 31
36, 32
36, 33
36, 34
36, 35
36, 36
36, 37
36, 38
36, 39
36, 40
36, 41
36, 42
37, 9
37, 10
37, 11
37, 12
37, 13
37, 14
37, 15
37, 16
37, 17
37, 30
37, 31
37, 32
37, 33
37, 34
37, 35
37, 36
37, 37
37, 38
37, 39
37, 40
37, 41
37, 42
37, 43
38, 9
38, 10
38, 11
38, 12
38, 13
38, 14
38, 15
38, 16
38, 17
38, 29
38, 30
38, 31
38, 32
38, 33
38, 34
38, 35
38, 36
38, 37
38, 38
38, 39
38, 40
38, 41
38, 42
38, 43
39, 8
39, 9
39, 10
39, 11
39, 12
39, 13
39, 14
39, 15
39, 16
39, 17
39, 29
39, 30
39, 31
39, 32
39, 33
39, 34
39, 35
39, 36
39, 37
39, 38
39, 39
39, 40
39, 41
39, 42
39, 43
39, 44
40, 8
40, 9
40, 10
40, 11
40, 12
40, 13
40, 14
40, 15
40, 16
40, 17
40, 29
40, 30
40, 31
40, 32
40, 33
40, 34
40, 35
40, 36
40, 37
40, 38
40, 39
40, 40
40, 41
40, 42
40, 43
40, 44
40, 45
41, 7
41, 8
41, 9
41, 10
41, 11
41, 12
41, 13
41, 14
41, 15
41, 16
41, 17
41, 29
41, 30
41, 31
41, 32
41, 33
41, 34
41, 35
41, 36
41, 37
41, 38
41, 39
41, 40
41, 41
41, 42
41, 43
41, 44
41, 45
42, 7
42, 8
42, 9
42, 10
42, 11
42, 12
42, 13
42, 14
42, 15
42, 16
42, 17
42, 28
42, 29
42, 30
42, 31
42, 32
42, 33
42, 34
42, 35
42, 36
42, 37
42, 38
42, 39
42, 40
42, 41
42, 42
42, 43
42, 44
42, 45
42, 46
43, 7
43, 8
43, 9
43, 10
43, 11
43, 12
43, 13
43, 14
43, 15
43, 16
43, 17
43, 28
43, 29
43, 30
43, 31
43, 32
43, 33
43, 34
43, 35
43, 36
43, 37
43, 38
43, 39
43, 40
43, 41
43, 42
43, 43
43, 44
43, 45
43, 46
44, 7
44, 8
44, 9
44, 10
44, 11
44, 12
44, 13
44, 14
44, 15
44, 16
44, 17
44, 28
44, 29
44, 30
44, 31
44, 32
44, 33
44, 34
44, 35
44, 36
44, 37
44, 38
44, 39
44, 40
44, 41
44, 42
44, 43
44, 44
44, 45
44, 46
44, 47
45, 7
45, 8
45, 9
45, 10
45, 11
45, 12
45, 13
45, 14
45, 15
45, 16
45, 17
45, 28
45, 29
45, 30
45, 31
45, 32
45, 33
45, 34
45, 35
45, 36
45, 37
45, 38
45, 39
45, 40
45, 41
45, 42
45, 43
45, 44
45, 45
45, 46
45, 47
45, 48
46, 7
46, 8
46, 9
46, 10
46, 11
46, 12
46, 13
46, 14
46, 15
46, 16
46, 17
46, 27
46, 28
46, 29
46, 30
46, 31
46, 32
46, 33
46, 34
46, 35
46, 36
46, 37
46, 38
46, 39
46, 40
46, 41
46, 42
46, 43
46, 44
46, 45
46, 46
46, 47
46, 48
47, 7
47, 8
47, 9
47, 10
47, 11
47, 12
47, 13
47, 14
47, 15
47, 16
47, 17
47, 27
47, 28
47, 29
47, 30
47, 31
47, 32
47, 33
47, 34
47, 35
47, 36
47, 37
47, 38
47, 39
47, 40
47, 41
47, 42
47, 43
47, 44
47, 45
47, 46
47, 47
47, 48
48, 7
48, 8
48, 9
48, 10
48, 11
48, 12
48, 13
48, 14
48, 15
48, 16
48, 17
48, 27
48, 28
48, 29
48, 30
48, 31
48, 32
48, 33
48, 34
48, 35
48, 36
48, 37
48, 38
48, 39
48, 40
48, 41
48, 42
48, 43
48, 44
48, 45
48, 46
48, 47
48, 48
48, 49
49, 7
49, 8
49, 9
49, 10
49, 11
49, 12
49, 13
49, 14
49, 15
49, 16
49, 17
49, 27
49, 28
49, 29
49, 30
49, 31
49, 32
49, 33
49, 34
49, 35
49, 36
49, 37
49, 38
49, 39
49, 40
49, 41
49, 42
49, 43
49, 44
49, 45
49, 46
49, 47
49, 48
49, 49
50, 7
50, 8
50, 9
50, 10
50, 11
50, 12
50, 13
50, 14
50, 15
50, 16
50, 17
50, 26
50, 27
50, 28
50, 29
50, 30
50, 31
50, 32
50, 33
50, 34
50, 35
50, 36
50, 37
50, 38
50, 39
50, 40
50, 41
50, 42
50, 43
50, 44
50, 45
50, 46
50, 47
50, 48
50, 49
50, 50
51, 7
51, 8
51, 9
51, 10
51, 11
51, 12
51, 13
51, 14
51, 15
51, 16
51, 17
51, 26
51, 27
51, 28
51, 29
51, 30
51, 31
51, 32
51, 33
51, 34
51, 35
51, 36
51, 37
51, 38
51, 39
51, 40
51, 41
51, 42
51, 43
51, 44
51, 45
51, 46
51, 47
51, 48
51, 49
51, 50
52, 7
52, 8
52, 9
52, 10
52, 11
52, 12
52, 13
52, 14
52, 15
52, 16
52, 17
52, 26
52, 27
52, 28
52, 29
52, 30
52, 31
52, 32
52, 33
52, 34
52, 35
52, 36
52, 37
52, 38
52, 39
52, 40
52, 41
52, 42
52, 43
52, 44
52, 45
52, 46
52, 47
52, 48
52, 49
52, 50
52, 51
53, 7
53, 8
53, 9
53, 10
53, 11
53, 12
53, 13
53, 14
53, 15
53, 16
53, 17
53, 26
53, 27
53, 28
53, 29
53, 30
53, 31
53, 32
53, 33
53, 34
53, 35
53, 36
53, 37
53, 38
53, 39
53, 40
53, 41
53, 42
53, 43
53, 44
53, 45
53, 46
53, 47
53, 48
53, 49
53, 50
53, 51
54, 7
54, 8
54, 9
54, 10
54, 11
54, 12
54, 13
54, 14
54, 15
54, 16
54, 17
54, 26
54, 27
54, 28
54, 29
54, 30
54, 31
54, 32
54, 33
54, 34
54, 35
54, 36
54, 37
54, 38
54, 39
54, 40
54, 41
54, 42
54, 43
54, 44
54, 45
54, 46
54, 47
54, 48
54, 49
54, 50
54, 51
55, 7
55, 8
55, 9
55, 10
55, 11
55, 12
55, 13
55, 14
55, 15
55, 16
55, 17
55, 26
55, 27
55, 28
55, 29
55, 30
55, 31
55, 32
55, 33
55, 34
55, 35
55, 36
55, 37
55, 38
55, 39
55, 40
55, 41
55, 42
55, 43
55, 44
55, 45
55, 46
55, 47
55, 48
55, 49
55, 50
55, 51
55, 52
56, 7
56, 8
56, 9
56, 10
56, 11
56, 12
56, 13
56, 14
56, 15
56, 16
56, 17
56, 26
56, 27
56, 28
56, 29
56, 30
56, 31
56, 32
56, 33
56, 34
56, 35
56, 36
56, 37
56, 38
56, 39
56, 40
56, 41
56, 42
56, 43
56, 44
56, 45
56, 46
56, 47
56, 48
56, 49
56, 50
56, 51
56, 52
57, 7
57, 8
57, 9
57, 10
57, 11
57, 12
57, 13
57, 14
57, 15
57, 16
57, 17
57, 26
57, 27
57, 28
57, 29
57, 30
57, 31
57, 32
57, 33
57, 34
57, 35
57, 36
57, 37
57, 38
57, 39
57, 40
57, 41
57, 42
57, 43
57, 44
57, 45
57, 46
57, 47
57, 48
57, 49
57, 50
57, 51
57, 52
58, 7
58, 8
58, 9
58, 10
58, 11
58, 12
58, 13
58, 14
58, 15
58, 16
58, 17
58, 26
58, 27
58, 28
58, 29
58, 30
58, 31
58, 32
58, 33
58, 34
58, 35
58, 36
58, 37
58, 38
58, 39
58, 40
58, 41
58, 42
58, 43
58, 44
58, 45
58, 46
58, 47
58, 48
58, 49
58, 50
58, 51
58, 52
58, 53
59, 7
59, 8
59, 9
59, 10
59, 11
59, 12
59, 13
59, 14
59, 15
59, 16
59, 17
59, 26
59, 27
59, 28
59, 29
59, 30
59, 31
59, 32
59, 33
59, 34
59, 35
59, 36
59, 37
59, 38
59, 39
59, 40
59, 41
59, 42
59, 43
59, 44
59, 45
59, 46
59, 47
59, 48
59, 49
59, 50
59, 51
59, 52
59, 53
60, 7
60, 8
60, 9
60, 10
60, 11
60, 12
60, 13
60, 14
60, 15
60, 16
60, 17
60, 27
60, 28
60, 29
60, 30
60, 31
60, 32
60, 33
60, 34
60, 35
60, 36
60, 37
60, 38
60, 39
60, 40
60, 41
60, 42
60, 43
60, 44
60, 45
60, 46
60, 47
60, 48
60, 49
60, 50
60, 51
60, 52
60, 53
61, 7
61, 8
61, 9
61, 10
61, 11
61, 12
61, 13
61, 14
61, 15
61, 16
61, 17
61, 27
61, 28
61, 29
61, 30
61, 31
61, 32
61, 33
61, 34
61, 35
61, 36
61, 37
61, 38
61, 39
61, 40
61, 41
61, 42
61, 43
61, 44
61, 45
61, 46
61, 47
61, 48
61, 49
61, 50
61, 51
61, 52
61, 53
62, 7
62, 8
62, 9
62, 10
62, 11
62, 12
62, 13
62, 14
62, 15
62, 16
62, 17
62, 27
62, 28
62, 29
62, 30
62, 31
62, 32
62, 33
62, 34
62, 35
62, 36
62, 37
62, 38
62, 39
62, 40
62, 41
62, 42
62, 43
62, 44
62, 45
62, 46
62, 47
62, 48
62, 49
62, 50
62, 51
62, 52
62, 53
63, 7
63, 8
63, 9
63, 10
63, 11
63, 12
63, 13
63, 14
63, 15
63, 16
63, 17
63, 27
63, 28
63, 29
63, 30
63, 31
63, 32
63, 33
63, 34
63, 35
63, 36
63, 37
63, 38
63, 39
63, 40
63, 41
63, 42
63, 43
63, 44
63, 45
63, 46
63, 47
63, 48
63, 49
63, 50
63, 51
63, 52
63, 53
64, 7
64, 8
64, 9
64, 10
64, 11
64, 12
64, 13
64, 14
64, 15
64, 16
64, 17
64, 28
64, 29
64, 30
64, 31
64, 32
64, 33
64, 34
64, 35
64, 36
64, 37
64, 38
64, 39
64, 40
64, 41
64, 42
64, 43
64, 44
64, 45
64, 46
64, 47
64, 48
64, 49
64, 50
64, 51
64, 52
64, 53
65, 7
65, 8
65, 9
65, 10
65, 11
65, 12
65, 13
65, 14
65, 15
65, 16
65, 17
65, 28
65, 29
65, 30
65, 31
65, 32
65, 33
65, 34
65, 35
65, 36
65, 37
65, 38
65, 39
65, 40
65, 41
65, 42
65, 43
65, 44
65, 45
65, 46
65, 47
65, 48
65, 49
65, 50
65, 51
65, 52
65, 53
66, 7
66, 8
66, 9
66, 10
66, 11
66, 12
66, 13
66, 14
66, 15
66, 16
66, 17
66, 28
66, 29
66, 30
66, 31
66, 32
66, 33
66, 34
66, 35
66, 36
66, 37
66, 38
66, 39
66, 40
66, 41
66, 42
66, 43
66, 44
66, 45
66, 46
66, 47
66, 48
66, 49
66, 50
66, 51
66, 52
66, 53
67, 7
67, 8
67, 9
67, 10
67, 11
67, 12
67, 13
67, 14
67, 15
67, 16
67, 17
67, 28
67, 29
67, 30
67, 31
67, 32
67, 33
67, 34
67, 35
67, 36
67, 37
67, 38
67, 39
67, 40
67, 41
67, 42
67, 43
67, 44
67, 45
67, 46
67, 47
67, 48
67, 49
67, 50
67, 51
67, 52
67, 53
68, 7
68, 8
68, 9
68, 10
68, 11
68, 12
68, 13
68, 14
68, 15
68, 16
68, 17
68, 29
68, 30
68, 31
68, 32
68, 33
68, 34
68, 35
68, 36
68, 37
68, 38
68, 39
68, 40
68, 41
68, 42
68, 43
68, 44
68, 45
68, 46
68, 47
68, 48
68, 49
68, 50
68, 51
68, 52
68, 53
69, 7
69, 8
69, 9
69, 10
69, 11
69, 12
69, 13
69, 14
69, 15
69, 16
69, 17
69, 29
69, 30
69, 31
69, 32
69, 33
69, 34
69, 35
69, 36
69, 37
69, 38
69, 39
69, 40
69, 41
69, 42
69, 43
69, 44
69, 45
69, 46
69, 47
69, 48
69, 49
69, 50
69, 51
69, 52
69, 53
70, 7
70, 8
70, 9
70, 10
70, 11
70, 12
70, 13
70, 14
70, 15
70, 16
70, 17
70, 30
70, 31
70, 32
70, 33
70, 34
70, 35
70, 36
70, 37
70, 38
70, 39
70, 40
70, 41
70, 42
70, 43
70, 44
70, 45
70, 46
70, 47
70, 48
70, 49
70, 50
70, 51
70, 52
70, 53
71, 7
71, 8
71, 9
71, 10
71, 11
71, 12
71, 13
71, 14
71, 15
71, 16
71, 17
71, 30
71, 31
71, 32
71, 33
71, 34
71, 35
71, 36
71, 37
71, 38
71, 39
71, 40
71, 41
71, 42
71, 43
71, 44
71, 45
71, 46
71, 47
71, 48
71, 49
71, 50
71, 51
71, 52
71, 53
72, 7
72, 8
72, 9
72, 10
72, 11
72, 12
72, 13
72, 14
72, 15
72, 16
72, 17
72, 31
72, 32
72, 33
72, 34
72, 35
72, 36
72, 37
72, 38
72, 39
72, 40
72, 41
72, 42
72, 43
72, 44
72, 45
72, 46
72, 47
72, 48
72, 49
72, 50
72, 51
72, 52
72, 53
73, 7
73, 8
73, 9
73, 10
73, 11
73, 12
73, 13
73, 14
73, 15
73, 16
73, 17
73, 31
73, 32
73, 34
73, 35
73, 36
73, 37
73, 38
73, 39
73, 40
73, 41
73, 42
73, 43
73, 44
73, 45
73, 46
73, 47
73, 48
73, 49
73, 50
73, 51
73, 52
73, 53
74, 7
74, 8
74, 9
74, 10
74, 11
74, 12
74, 13
74, 14
74, 15
74, 16
74, 17
74, 31
74, 34
74, 35
74, 36
74, 37
74, 38
74, 39
74, 40
74, 41
74, 42
74, 43
74, 44
74, 45
74, 46
74, 47
74, 48
74, 49
74, 50
74, 51
74, 52
74, 53
75, 7
75, 8
75, 9
75, 10
75, 11
75, 12
75, 13
75, 14
75, 15
75, 16
75, 17
75, 31
75, 34
75, 35
75, 37
75, 38
75, 39
75, 40
75, 41
75, 42
75, 43
75, 44
75, 45
75, 46
75, 47
75, 48
75, 49
75, 50
75, 51
75, 52
75, 53
75, 54
76, 7
76, 8
76, 9
76, 10
76, 11
76, 12
76, 13
76, 14
76, 15
76, 16
76, 17
76, 35
76, 38
76, 39
76, 40
76, 41
76, 42
76, 43
76, 44
76, 45
76, 46
76, 47
76, 48
76, 49
76, 50
76, 51
76, 52
76, 53
76, 54
77, 7
77, 8
77, 9
77, 10
77, 11
77, 12
77, 13
77, 14
77, 15
77, 16
77, 17
77, 18
77, 41
77, 42
77, 43
77, 44
77, 45
77, 46
77, 47
77, 48
77, 49
77, 50
77, 51
77, 52
77, 53
77, 54
78, 7
78, 8
78, 9
78, 10
78, 11
78, 12
78, 13
78, 14
78, 15
78, 16
78, 17
78, 18
78, 42
78, 43
78, 44
78, 45
78, 46
78, 47
78, 48
78, 49
78, 50
78, 51
78, 52
78, 53
78, 54
79, 7
79, 8
79, 9
79, 10
79, 11
79, 12
79, 13
79, 14
79, 15
79, 16
79, 17
79, 18
79, 42
79, 43
79, 44
79, 45
79, 46
79, 47
79, 48
79, 49
79, 50
79, 51
79, 52
79, 53
79, 54
80, 7
80, 8
80, 9
80, 10
80, 11
80, 12
80, 13
80, 14
80, 15
80, 16
80, 17
80, 18
80, 42
80, 43
80, 44
80, 45
80, 46
80, 47
80, 48
80, 49
80, 50
80, 51
80, 52
80, 53
80, 54
81, 7
81, 8
81, 9
81, 10
81, 11
81, 12
81, 13
81, 14
81, 15
81, 16
81, 17
81, 18
81, 42
81, 43
81, 44
81, 45
81, 46
81, 47
81, 48
81, 49
81, 50
81, 51
81, 52
81, 53
81, 54
82, 7
82, 8
82, 9
82, 10
82, 11
82, 12
82, 13
82, 14
82, 15
82, 16
82, 17
82, 18
82, 19
82, 42
82, 43
82, 44
82, 45
82, 46
82, 47
82, 48
82, 49
82, 50
82, 51
82, 52
82, 53
82, 54
83, 7
83, 8
83, 9
83, 10
83, 11
83, 12
83, 13
83, 14
83, 15
83, 16
83, 17
83, 18
83, 19
83, 20
83, 42
83, 43
83, 44
83, 45
83, 46
83, 47
83, 48
83, 49
83, 50
83, 51
83, 52
83, 53
83, 54
84, 7
84, 8
84, 9
84, 10
84, 11
84, 12
84, 13
84, 14
84, 15
84, 16
84, 17
84, 18
84, 19
84, 20
84, 21
84, 41
84, 42
84, 43
84, 44
84, 45
84, 46
84, 47
84, 48
84, 49
84, 50
84, 51
84, 52
84, 53
84, 54
85, 7
85, 8
85, 9
85, 10
85, 11
85, 12
85, 13
85, 14
85, 15
85, 16
85, 17
85, 18
85, 19
85, 20
85, 21
85, 41
85, 42
85, 43
85, 44
85, 45
85, 46
85, 47
85, 48
85, 49
85, 50
85, 51
85, 52
85, 53
85, 54
86, 7
86, 8
86, 9
86, 10
86, 11
86, 12
86, 13
86, 14
86, 15
86, 16
86, 17
86, 18
86, 19
86, 20
86, 21
86, 22
86, 41
86, 42
86, 43
86, 44
86, 45
86, 46
86, 47
86, 48
86, 49
86, 50
86, 51
86, 52
86, 53
86, 54
87, 7
87, 8
87, 9
87, 10
87, 11
87, 12
87, 13
87, 14
87, 15
87, 16
87, 17
87, 18
87, 19
87, 20
87, 21
87, 22
87, 41
87, 42
87, 43
87, 44
87, 45
87, 46
87, 47
87, 48
87, 49
87, 50
87, 51
87, 52
87, 53
87, 54
88, 7
88, 8
88, 9
88, 10
88, 11
88, 12
88, 13
88, 14
88, 15
88, 16
88, 17
88, 18
88, 19
88, 20
88, 21
88, 22
88, 42
88, 43
88, 44
88, 45
88, 46
88, 47
88, 48
88, 49
88, 50
88, 51
88, 52
88, 53
88, 54
88, 55
89, 7
89, 8
89, 9
89, 10
89, 11
89, 12
89, 13
89, 14
89, 15
89, 16
89, 17
89, 18
89, 19
89, 20
89, 21
89, 22
89, 23
89, 42
89, 43
89, 44
89, 45
89, 46
89, 47
89, 48
89, 49
89, 50
89, 51
89, 52
89, 53
89, 54
89, 55
90, 7
90, 8
90, 9
90, 10
90, 11
90, 12
90, 13
90, 14
90, 15
90, 16
90, 17
90, 18
90, 19
90, 20
90, 21
90, 22
90, 23
90, 24
90, 42
90, 43
90, 44
90, 45
90, 46
90, 47
90, 48
90, 49
90, 50
90, 51
90, 52
90, 53
90, 54
90, 55
91, 7
91, 8
91, 9
91, 10
91, 11
91, 12
91, 13
91, 14
91, 15
91, 16
91, 17
91, 18
91, 19
91, 20
91, 21
91, 22
91, 23
91, 24
91, 25
91, 43
91, 44
91, 45
91, 46
91, 47
91, 48
91, 49
91, 50
91, 51
91, 52
91, 53
91, 54
91, 55
92, 7
92, 8
92, 9
92, 10
92, 11
92, 12
92, 13
92, 14
92, 15
92, 16
92, 17
92, 18
92, 19
92, 20
92, 21
92, 22
92, 23
92, 24
92, 25
92, 43
92, 44
92, 45
92, 46
92, 47
92, 48
92, 49
92, 50
92, 51
92, 52
92, 53
92, 54
92, 55
93, 7
93, 8
93, 9
93, 10
93, 11
93, 12
93, 13
93, 14
93, 15
93, 16
93, 17
93, 18
93, 19
93, 20
93, 21
93, 22
93, 23
93, 24
93, 25
93, 43
93, 44
93, 45
93, 46
93, 47
93, 48
93, 49
93, 50
93, 51
93, 52
93, 53
93, 54
93, 55
94, 7
94, 8
94, 9
94, 10
94, 11
94, 12
94, 13
94, 14
94, 15
94, 16
94, 17
94, 18
94, 19
94, 20
94, 21
94, 22
94, 23
94, 24
94, 25
94, 43
94, 44
94, 45
94, 46
94, 47
94, 48
94, 49
94, 50
94, 51
94, 52
94, 53
94, 54
94, 55
95, 7
95, 8
95, 9
95, 10
95, 11
95, 12
95, 13
95, 14
95, 15
95, 16
95, 17
95, 18
95, 19
95, 20
95, 21
95, 22
95, 23
95, 24
95, 25
95, 43
95, 44
95, 45
95, 46
95, 47
95, 48
95, 49
95, 50
95, 51
95, 52
95, 53
95, 54
95, 55
96, 7
96, 8
96, 9
96, 10
96, 11
96, 12
96, 13
96, 14
96, 15
96, 16
96, 17
96, 18
96, 19
96, 20
96, 21
96, 22
96, 23
96, 24
96, 25
96, 44
96, 45
96, 46
96, 47
96, 48
96, 49
96, 50
96, 51
96, 52
96, 53
96, 54
97, 7
97, 8
97, 9
97, 10
97, 11
97, 12
97, 13
97, 14
97, 15
97, 16
97, 17
97, 18
97, 19
97, 20
97, 21
97, 22
97, 23
97, 24
97, 25
97, 26
97, 44
97, 45
97, 46
97, 47
97, 48
97, 49
97, 50
97, 51
97, 52
97, 53
97, 54
98, 7
98, 8
98, 9
98, 10
98, 11
98, 12
98, 13
98, 14
98, 15
98, 16
98, 17
98, 18
98, 19
98, 20
98, 21
98, 22
98, 23
98, 24
98, 25
98, 26
98, 44
98, 45
98, 46
98, 47
98, 48
98, 49
98, 50
98, 51
98, 52
98, 53
98, 54
99, 7
99, 8
99, 9
99, 10
99, 11
99, 12
99, 13
99, 14
99, 15
99, 16
99, 17
99, 18
99, 19
99, 20
99, 21
99, 22
99, 23
99, 24
99, 25
99, 26
99, 44
99, 45
99, 46
99, 47
99, 48
99, 49
99, 50
99, 51
99, 52
99, 53
99, 54
100, 7
100, 8
100, 9
100, 10
100, 11
100, 12
100, 13
100, 14
100, 15
100, 16
100, 17
100, 18
100, 19
100, 20
100, 21
100, 22
100, 23
100, 24
100, 25
100, 26
100, 45
100, 46
100, 47
100, 48
100, 49
100, 50
100, 51
100, 52
100, 53
100, 54
101, 7
101, 8
101, 9
101, 10
101, 11
101, 12
101, 13
101, 14
101, 15
101, 16
101, 17
101, 18
101, 19
101, 20
101, 21
101, 22
101, 23
101, 24
101, 25
101, 26
101, 45
101, 46
101, 47
101, 48
101, 49
101, 50
101, 51
101, 52
101, 53
101, 54
102, 7
102, 8
102, 9
102, 10
102, 11
102, 12
102, 13
102, 14
102, 15
102, 16
102, 17
102, 18
102, 19
102, 20
102, 21
102, 22
102, 23
102, 24
102, 25
102, 26
102, 45
102, 46
102, 47
102, 48
102, 49
102, 50
102, 51
102, 52
102, 53
102, 54
103, 7
103, 8
103, 9
103, 10
103, 11
103, 12
103, 13
103, 14
103, 15
103, 16
103, 17
103, 18
103, 19
103, 20
103, 21
103, 22
103, 23
103, 24
103, 25
103, 48
103, 49
103, 50
103, 51
103, 52
103, 53
103, 54
104, 7
104, 8
104, 9
104, 10
104, 11
104, 12
104, 13
104, 14
104, 15
104, 16
104, 17
104, 18
104, 19
104, 20
104, 21
104, 22
104, 23
104, 24
104, 48
104, 49
104, 50
104, 51
104, 52
104, 53
104, 54
105, 7
105, 8
105, 9
105, 10
105, 11
105, 12
105, 13
105, 14
105, 15
105, 16
105, 17
105, 18
105, 19
105, 20
105, 21
105, 22
105, 23
105, 24
105, 50
105, 51
105, 52
105, 53
105, 54
106, 7
106, 8
106, 9
106, 10
106, 11
106, 12
106, 13
106, 14
106, 15
106, 16
106, 17
106, 18
106, 19
106, 20
106, 21
106, 22
106, 23
106, 50
106, 51
106, 52
106, 53
106, 54
107, 7
107, 8
107, 9
107, 10
107, 11
107, 12
107, 13
107, 14
107, 15
107, 16
107, 17
107, 18
107, 19
107, 20
107, 21
107, 22
107, 23
107, 50
107, 51
107, 52
107, 53
107, 54
108, 7
108, 8
108, 9
108, 10
108, 11
108, 12
108, 13
108, 14
108, 15
108, 16
108, 17
108, 18
108, 19
108, 20
108, 21
108, 22
108, 23
108, 50
108, 51
108, 52
108, 53
108, 54
109, 7
109, 8
109, 9
109, 10
109, 11
109, 12
109, 13
109, 14
109, 15
109, 16
109, 17
109, 18
109, 19
109, 20
109, 21
109, 22
109, 23
109, 50
109, 51
109, 52
109, 53
109, 54
110, 7
110, 8
110, 9
110, 10
110, 11
110, 12
110, 13
110, 14
110, 15
110, 16
110, 17
110, 18
110, 19
110, 20
110, 21
110, 22
110, 23
110, 50
110, 51
110, 52
110, 53
110, 54
111, 7
111, 8
111, 9
111, 10
111, 11
111, 12
111, 13
111, 14
111, 15
111, 16
111, 17
111, 18
111, 19
111, 20
111, 21
111, 22
111, 50
111, 51
111, 52
111, 53
111, 54
112, 7
112, 8
112, 9
112, 10
112, 11
112, 12
112, 13
112, 14
112, 15
112, 16
112, 17
112, 18
112, 19
112, 20
112, 21
112, 51
112, 52
112, 53
112, 54
113, 7
113, 8
113, 9
113, 10
113, 11
113, 12
113, 13
113, 14
113, 15
113, 16
113, 17
113, 18
113, 19
113, 20
113, 21
113, 51
113, 52
113, 53
113, 54
114, 7
114, 8
114, 9
114, 10
114, 11
114, 12
114, 13
114, 14
114, 15
114, 16
114, 17
114, 18
114, 19
114, 20
114, 21
114, 51
114, 52
114, 53
114, 54
115, 7
115, 8
115, 9
115, 10
115, 11
115, 12
115, 13
115, 14
115, 15
115, 16
115, 17
115, 18
115, 19
115, 20
115, 21
115, 51
115, 52
115, 53
115, 54
116, 7
116, 8
116, 9
116, 10
116, 11
116, 12
116, 13
116, 14
116, 15
116, 16
116, 17
116, 18
116, 19
116, 20
116, 21
116, 51
116, 52
116, 53
116, 54
117, 7
117, 8
117, 9
117, 10
117, 11
117, 12
117, 13
117, 14
117, 15
117, 16
117, 17
117, 18
117, 19
117, 20
117, 21
117, 51
117, 52
117, 53
117, 54
118, 7
118, 8
118, 9
118, 10
118, 11
118, 12
118, 13
118, 14
118, 15
118, 16
118, 17
118, 18
118, 19
118, 20
118, 21
118, 51
118, 52
118, 53
118, 54
119, 7
119, 8
119, 9
119, 10
119, 11
119, 12
119, 13
119, 14
119, 15
119, 16
119, 17
119, 18
119, 19
119, 20
119, 21
119, 51
119, 52
119, 53
120, 7
120, 8
120, 9
120, 10
120, 11
120, 12
120, 13
120, 14
120, 15
120, 16
120, 17
120, 18
120, 19
120, 20
120, 21
120, 52
120, 53
121, 7
121, 8
121, 9
121, 10
121, 11
121, 12
121, 13
121, 14
121, 15
121, 16
121, 17
121, 18
121, 19
121, 20
121, 21
121, 52
121, 53
122, 7
122, 8
122, 9
122, 10
122, 11
122, 12
122, 13
122, 14
122, 15
122, 16
122, 17
122, 18
122, 19
122, 20
122, 21
122, 52
122, 53
123, 7
123, 8
123, 9
123, 10
123, 11
123, 12
123, 13
123, 14
123, 15
123, 16
123, 17
123, 18
123, 19
123, 20
123, 21
123, 52
123, 53
124, 7
124, 8
124, 9
124, 10
124, 11
124, 12
124, 13
124, 14
124, 15
124, 16
124, 17
124, 18
124, 19
124, 20
124, 21
124, 52
124, 53
125, 7
125, 8
125, 9
125, 10
125, 11
125, 12
125, 13
125, 14
125, 15
125, 16
125, 17
125, 18
125, 19
125, 20
126, 7
126, 8
126, 9
126, 10
126, 11
126, 12
126, 13
126, 14
126, 15
126, 16
126, 17
126, 18
126, 19
127, 7
127, 8
127, 9
127, 10
127, 11
127, 12
127, 13
127, 14
127, 15
127, 16
127, 17
127, 18
128, 7
128, 8
128, 9
128, 10
128, 11
128, 12
128, 13
128, 14
128, 15
128, 16
128, 17
128, 18
129, 7
129, 8
129, 9
129, 10
129, 11
129, 12
129, 13
129, 14
129, 15
129, 16
129, 17
129, 18
130, 7
130, 8
130, 9
130, 10
130, 11
130, 12
130, 13
130, 14
130, 15
130, 16
130, 17
130, 18
131, 7
131, 8
131, 9
131, 10
131, 11
131, 12
131, 13
131, 14
131, 15
131, 16
131, 17
132, 8
132, 9
132, 10
132, 11
132, 12
132, 13
132, 14
