97, 16
97, 17
97, 18
97, 19
97, 20
98, 15
98, 16
98, 17
98, 18
98, 19
98, 20
98, 21
98, 22
98, 23
99, 15
99, 16
99, 17
99, 18
99, 19
99, 20
99, 21
99, 22
99, 23
99, 24
99, 25
99, 26
99, 27
99, 28
99, 29
100, 15
100, 16
100, 17
100, 18
100, 19
100, 20
100, 21
100, 22
100, 23
100, 24
100, 25
100, 26
100, 27
100, 28
100, 29
100, 30
100, 31
100, 32
100, 33
100, 34
100, 35
100, 36
101, 15
101, 16
101, 17
101, 18
101, 19
101, 20
101, 21
101, 22
101, 23
101, 24
101, 25
101, 26
101, 27
101, 28
101, 29
101, 30
101, 31
101, 32
101, 33
101, 34
101, 35
101, 36
101, 37
101, 38
101, 39
102, 15
102, 16
102, 17
102, 18
102, 19
102, 20
102, 21
102, 22
102, 23
102, 24
102, 25
102, 26
102, 27
102, 28
102, 29
102, 30
102, 31
102, 32
102, 33
102, 34
102, 35
102, 36
102, 37
102, 38
102, 39
102, 40
102, 41
102, 42
102, 43
102, 52
103, 14
103, 15
103, 16
103, 17
103, 18
103, 19
103, 20
103, 21
103, 22
103, 23
103, 24
103, 25
103, 26
103, 27
103, 28
103, 29
103, 30
103, 31
103, 32
103, 33
103, 34
103, 35
103, 36
103, 37
103, 38
103, 39
103, 40
103, 41
103, 42
103, 43
103, 44
103, 45
103, 46
103, 47
103, 48
103, 49
103, 50
103, 51
103, 52
104, 14
104, 15
104, 16
104, 17
104, 18
104, 19
104, 20
104, 21
104, 22
104, 23
104, 24
104, 25
104, 26
104, 27
104, 28
104, 29
104, 30
104, 31
104, 32
104, 33
104, 34
104, 35
104, 36
104, 37
104, 38
104, 39
104, 40
104, 41
104, 42
104, 43
104, 44
104, 45
104, 46
104, 47
104, 48
104, 49
104, 50
104, 51
104, 52
105, 14
105, 15
105, 16
105, 17
105, 18
105, 19
105, 20
105, 21
105, 22
105, 23
105, 24
105, 25
105, 26
105, 27
105, 28
105, 29
105, 30
105, 31
105, 32
105, 33
105, 34
105, 35
105, 36
105, 37
105, 38
105, 39
105, 40
105, 41
105, 42
105, 43
105, 44
105, 45
105, 46
105, 47
105, 48
105, 49
105, 50
105, 51
105, 52
105, 53
106, 14
106, 15
106, 16
106, 17
106, 18
106, 19
106, 20
106, 21
106, 22
106, 23
106, 24
106, 25
106, 26
106, 27
106, 28
106, 29
106, 30
106, 31
106, 32
106, 33
106, 34
106, 35
106, 36
106, 37
106, 38
106, 39
106, 40
106, 41
106, 42
106, 43
106, 44
106, 45
106, 46
106, 47
106, 48
106, 49
106, 50
106, 51
106, 52
106, 53
107, 14
107, 15
107, 16
107, 17
107, 18
107, 19
107, 20
107, 21
107, 22
107, 23
107, 24
107, 25
107, 26
107, 27
107, 28
107, 29
107, 30
107, 31
107, 32
107, 33
107, 34
107, 35
107, 36
107, 37
107, 38
107, 39
107, 40
107, 41
107, 42
107, 43
107, 44
107, 45
107, 46
107, 47
107, 48
107, 49
107, 50
107, 51
107, 52
107, 53
108, 14
108, 15
108, 16
108, 17
108, 18
108, 19
108, 20
108, 21
108, 22
108, 23
108, 24
108, 25
108, 26
108, 27
108, 28
108, 29
108, 30
108, 31
108, 32
108, 33
108, 34
108, 35
108, 36
108, 37
108, 38
108, 39
108, 40
108, 41
108, 42
108, 43
108, 44
108, 45
108, 46
108, 47
108, 48
108, 49
108, 50
108, 51
108, 52
108, 53
109, 14
109, 15
109, 16
109, 17
109, 18
109, 19
109, 20
109, 21
109, 22
109, 23
109, 24
109, 25
109, 26
109, 27
109, 28
109, 29
109, 30
109, 31
109, 32
109, 33
109, 34
109, 35
109, 36
109, 37
109, 38
109, 39
109, 40
109, 41
109, 42
109, 43
109, 44
109, 45
109, 46
109, 47
109, 48
109, 49
109, 50
109, 51
109, 52
109, 53
110, 14
110, 15
110, 16
110, 17
110, 18
110, 19
110, 20
110, 21
110, 22
110, 23
110, 24
110, 25
110, 26
110, 27
110, 28
110, 29
110, 30
110, 31
110, 32
110, 33
110, 34
110, 35
110, 36
110, 37
110, 38
110, 39
110, 40
110, 41
110, 42
110, 43
110, 44
110, 45
110, 46
110, 47
110, 48
110, 49
110, 50
110, 51
110, 52
110, 53
111, 14
111, 15
111, 16
111, 17
111, 18
111, 19
111, 20
111, 21
111, 22
111, 23
111, 24
111, 25
111, 26
111, 27
111, 28
111, 29
111, 30
111, 31
111, 32
111, 33
111, 34
111, 35
111, 36
111, 37
111, 38
111, 39
111, 40
111, 41
111, 42
111, 43
111, 44
111, 45
111, 46
111, 47
111, 48
111, 49
111, 50
111, 51
111, 52
111, 53
112, 14
112, 15
112, 16
112, 17
112, 18
112, 19
112, 20
112, 21
112, 22
112, 23
112, 24
112, 25
112, 26
112, 27
112, 28
112, 29
112, 30
112, 31
112, 32
112, 33
112, 34
112, 35
112, 36
112, 37
112, 38
112, 39
112, 40
112, 41
112, 42
112, 43
112, 44
112, 45
112, 46
112, 47
112, 48
112, 49
112, 50
112, 51
112, 52
112, 53
112, 54
113, 13
113, 14
113, 15
113, 16
113, 17
113, 18
113, 19
113, 20
113, 21
113, 22
113, 23
113, 24
113, 25
113, 26
113, 27
113, 28
113, 29
113, 30
113, 31
113, 32
113, 33
113, 34
113, 35
113, 36
113, 37
113, 38
113, 39
113, 40
113, 41
113, 42
113, 43
113, 44
113, 45
113, 46
113, 47
113, 48
113, 49
113, 50
113, 51
113, 52
113, 53
113, 54
114, 13
114, 14
114, 15
114, 16
114, 17
114, 18
114, 19
114, 20
114, 21
114, 22
114, 23
114, 24
114, 25
114, 26
114, 27
114, 28
114, 29
114, 30
114, 31
114, 32
114, 33
114, 34
114, 35
114, 36
114, 37
114, 38
114, 39
114, 40
114, 41
114, 42
114, 43
114, 44
114, 45
114, 46
114, 47
114, 48
114, 49
114, 50
114, 51
114, 52
114, 53
114, 54
115, 13
115, 14
115, 15
115, 16
115, 17
115, 18
115, 19
115, 20
115, 21
115, 22
115, 23
115, 24
115, 25
115, 26
115, 27
115, 28
115, 29
115, 30
115, 31
115, 32
115, 33
115, 34
115, 35
115, 36
115, 37
115, 38
115, 39
115, 40
115, 41
115, 42
115, 43
115, 44
115, 45
115, 46
115, 47
115, 48
115, 49
115, 50
115, 51
115, 52
115, 53
115, 54
116, 13
116, 14
116, 15
116, 16
116, 17
116, 18
116, 19
116, 20
116, 21
116, 22
116, 23
116, 24
116, 25
116, 26
116, 27
116, 28
116, 29
116, 30
116, 31
116, 32
116, 33
116, 34
116, 35
116, 36
116, 37
116, 38
116, 39
116, 40
116, 41
116, 42
116, 43
116, 44
116, 45
116, 46
116, 47
116, 48
116, 49
116, 50
116, 51
116, 52
116, 53
116, 54
117, 13
117, 14
117, 15
117, 16
117, 17
117, 18
117, 19
117, 20
117, 21
117, 22
117, 23
117, 24
117, 25
117, 26
117, 27
117, 28
117, 29
117, 30
117, 31
117, 32
117, 33
117, 34
117, 35
117, 36
117, 37
117, 38
117, 39
117, 40
117, 41
117, 42
117, 43
117, 44
117, 45
117, 46
117, 47
117, 48
117, 49
117, 50
117, 51
117, 52
117, 53
117, 54
118, 13
118, 14
118, 15
118, 16
118, 17
118, 18
118, 19
118, 20
118, 21
118, 22
118, 23
118, 24
118, 25
118, 26
118, 27
118, 28
118, 29
118, 30
118, 31
118, 32
118, 33
118, 34
118, 35
118, 36
118, 37
118, 38
118, 39
118, 40
118, 41
118, 42
118, 43
118, 44
118, 45
118, 46
118, 47
118, 48
118, 49
118, 50
118, 51
118, 52
118, 53
118, 54
119, 13
119, 14
119, 15
119, 16
119, 17
119, 18
119, 19
119, 20
119, 21
119, 22
119, 23
119, 24
119, 25
119, 26
119, 27
119, 28
119, 29
119, 30
119, 31
119, 32
119, 33
119, 34
119, 35
119, 36
119, 37
119, 38
119, 39
119, 40
119, 41
119, 42
119, 43
119, 44
119, 45
119, 46
119, 47
119, 48
119, 49
119, 50
119, 51
119, 52
119, 53
119, 54
120, 13
120, 14
120, 15
120, 16
120, 17
120, 18
120, 19
120, 20
120, 21
120, 22
120, 23
120, 24
120, 25
120, 26
120, 27
120, 28
120, 29
120, 30
120, 31
120, 32
120, 33
120, 34
120, 35
120, 36
120, 37
120, 38
120, 39
120, 40
120, 41
120, 42
120, 43
120, 44
120, 45
120, 46
120, 47
120, 48
120, 49
120, 50
120, 51
120, 52
120, 53
120, 54
121, 13
121, 14
121, 15
121, 16
121, 17
121, 18
121, 19
121, 20
121, 21
121, 22
121, 23
121, 24
121, 25
121, 26
121, 27
121, 28
121, 29
121, 30
121, 31
121, 32
121, 33
121, 34
121, 35
121, 36
121, 37
121, 38
121, 39
121, 40
121, 41
121, 42
121, 43
121, 44
121, 45
121, 46
121, 47
121, 48
121, 49
121, 50
121, 51
121, 52
121, 53
121, 54
122, 13
122, 14
122, 15
122, 16
122, 17
122, 18
122, 19
122, 20
122, 21
122, 22
122, 23
122, 24
122, 25
122, 26
122, 27
122, 28
122, 29
122, 30
122, 31
122, 32
122, 33
122, 34
122, 35
122, 36
122, 37
122, 38
122, 39
122, 40
122, 41
122, 42
122, 43
122, 44
122, 45
122, 46
122, 47
122, 48
122, 49
122, 50
122, 51
122, 52
122, 53
122, 54
123, 13
123, 14
123, 15
123, 16
123, 17
123, 18
123, 19
123, 20
123, 21
123, 22
123, 23
123, 24
123, 25
123, 26
123, 27
123, 28
123, 29
123, 30
123, 31
123, 32
123, 33
123, 34
123, 35
123, 36
123, 37
123, 38
123, 39
123, 40
123, 41
123, 42
123, 43
123, 44
123, 45
123, 46
123, 47
123, 48
123, 49
123, 50
123, 51
123, 52
123, 53
123, 54
124, 13
124, 14
124, 15
124, 16
124, 17
124, 18
124, 19
124, 20
124, 21
124, 22
124, 23
124, 24
124, 25
124, 26
124, 27
124, 28
124, 29
124, 30
124, 31
124, 32
124, 33
124, 34
124, 35
124, 36
124, 37
124, 38
124, 39
124, 40
124, 41
124, 42
124, 43
124, 44
124, 45
124, 46
124, 47
124, 48
124, 49
124, 50
124, 51
124, 52
124, 53
124, 54
125, 13
125, 14
125, 15
125, 16
125, 17
125, 18
125, 19
125, 20
125, 21
125, 22
125, 23
125, 24
125, 25
125, 26
125, 27
125, 28
125, 29
125, 30
125, 31
125, 32
125, 33
125, 34
125, 35
125, 36
125, 37
125, 38
125, 39
125, 40
125, 41
125, 42
125, 43
125, 44
125, 45
125, 46
125, 47
125, 48
125, 49
125, 50
125, 51
125, 52
125, 53
125, 54
126, 13
126, 14
126, 15
126, 16
126, 17
126, 18
126, 19
126, 20
126, 21
126, 22
126, 23
126, 24
126, 25
126, 26
126, 27
126, 28
126, 29
126, 30
126, 31
126, 32
126, 33
126, 34
126, 35
126, 36
126, 37
126, 38
126, 39
126, 40
126, 41
126, 42
126, 43
126, 44
126, 45
126, 46
126, 47
126, 48
126, 49
126, 50
126, 51
126, 52
126, 53
126, 54
127, 13
127, 14
127, 15
127, 16
127, 17
127, 18
127, 19
127, 20
127, 21
127, 22
127, 23
127, 24
127, 25
127, 26
127, 27
127, 28
127, 29
127, 30
127, 31
127, 32
127, 33
127, 34
127, 35
127, 36
127, 37
127, 38
127, 39
127, 40
127, 41
127, 42
127, 43
127, 44
127, 45
127, 46
127, 47
127, 48
127, 49
127, 50
127, 51
127, 52
127, 53
127, 54
128, 13
128, 14
128, 15
128, 16
128, 17
128, 18
128, 19
128, 20
128, 21
128, 22
128, 23
128, 24
128, 25
128, 26
128, 27
128, 28
128, 29
128, 30
128, 31
128, 32
128, 33
128, 34
128, 35
128, 36
128, 37
128, 38
128, 39
128, 40
128, 41
128, 42
128, 43
128, 44
128, 45
128, 46
128, 47
128, 48
128, 49
128, 50
128, 51
128, 52
128, 53
128, 54
129, 13
129, 14
129, 15
129, 16
129, 17
129, 18
129, 19
129, 20
129, 21
129, 22
129, 23
129, 24
129, 25
129, 26
129, 27
129, 28
129, 29
129, 30
129, 31
129, 32
129, 33
129, 34
129, 35
129, 36
129, 37
129, 38
129, 39
129, 40
129, 41
129, 42
129, 43
129, 44
129, 45
129, 46
129, 47
129, 48
129, 49
129, 50
129, 51
129, 52
129, 53
129, 54
130, 13
130, 14
130, 15
130, 16
130, 17
130, 18
130, 19
130, 20
130, 21
130, 22
130, 23
130, 24
130, 25
130, 26
130, 27
130, 28
130, 29
130, 30
130, 31
130, 32
130, 33
130, 34
130, 35
130, 36
130, 37
130, 38
130, 39
130, 40
130, 41
130, 42
130, 43
130, 44
130, 45
130, 46
130, 47
130, 48
130, 49
130, 50
130, 51
130, 52
130, 53
130, 54
131, 13
131, 14
131, 15
131, 16
131, 17
131, 18
131, 19
131, 20
131, 21
131, 22
131, 23
131, 24
131, 25
131, 26
131, 27
131, 28
131, 29
131, 30
131, 31
131, 32
131, 33
131, 34
131, 35
131, 36
131, 37
131, 38
131, 39
131, 40
131, 41
131, 42
131, 43
131, 44
131, 45
131, 46
131, 47
131, 48
131, 49
131, 50
131, 51
131, 52
131, 53
131, 54
132, 13
132, 14
132, 15
132, 16
132, 17
132, 18
132, 19
132, 20
132, 21
132, 22
132, 23
132, 24
132, 25
132, 26
132, 27
132, 28
132, 29
132, 30
132, 31
132, 32
132, 33
132, 34
132, 35
132, 36
132, 37
132, 38
132, 39
132, 40
132, 41
132, 42
132, 43
132, 44
132, 45
132, 46
132, 47
132, 48
132, 49
132, 50
132, 51
132, 52
132, 53
132, 54
133, 13
133, 14
133, 15
133, 16
133, 17
133, 18
133, 19
133, 20
133, 21
133, 22
133, 23
133, 24
133, 25
133, 26
133, 27
133, 28
133, 29
133, 30
133, 31
133, 32
133, 33
133, 34
133, 35
133, 36
133, 37
133, 38
133, 39
133, 40
133, 41
133, 42
133, 43
133, 44
133, 45
133, 46
133, 47
133, 48
133, 49
133, 50
133, 51
133, 52
133, 53
133, 54
134, 13
134, 14
134, 15
134, 16
134, 17
134, 18
134, 19
134, 20
134, 21
134, 22
134, 23
134, 24
134, 25
134, 26
134, 27
134, 28
134, 29
134, 30
134, 31
134, 32
134, 33
134, 34
134, 35
134, 36
134, 37
134, 38
134, 39
134, 40
134, 41
134, 42
134, 43
134, 44
134, 45
134, 46
134, 47
134, 48
134, 49
134, 50
134, 51
134, 52
134, 53
134, 54
135, 13
135, 14
135, 15
135, 16
135, 17
135, 18
135, 19
135, 20
135, 21
135, 22
135, 23
135, 24
135, 25
135, 26
135, 27
135, 28
135, 29
135, 30
135, 31
135, 32
135, 33
135, 34
135, 35
135, 36
135, 37
135, 38
135, 39
135, 40
135, 41
135, 42
135, 43
135, 44
135, 45
135, 46
135, 47
135, 48
135, 49
135, 50
135, 51
135, 52
135, 53
135, 54
136, 13
136, 14
136, 15
136, 16
136, 17
136, 18
136, 19
136, 20
136, 21
136, 22
136, 23
136, 24
136, 25
136, 26
136, 27
136, 28
136, 29
136, 30
136, 31
136, 32
136, 33
136, 35
136, 36
136, 37
136, 38
136, 39
136, 40
136, 41
136, 42
136, 43
136, 44
136, 45
136, 46
136, 47
136, 48
136, 49
136, 50
136, 51
136, 52
136, 53
136, 54
137, 13
137, 14
137, 15
137, 16
137, 17
137, 18
137, 19
137, 20
137, 21
137, 22
137, 23
137, 24
137, 25
137, 26
137, 27
137, 28
137, 29
137, 30
137, 31
137, 32
137, 33
137, 36
137, 37
137, 38
137, 39
137, 40
137, 41
137, 42
137, 43
137, 44
137, 45
137, 46
137, 47
137, 48
137, 49
137, 50
137, 51
137, 52
137, 53
137, 54
138, 13
138, 14
138, 15
138, 16
138, 17
138, 18
138, 19
138, 20
138, 21
138, 22
138, 23
138, 24
138, 25
138, 26
138, 27
138, 28
138, 29
138, 30
138, 31
138, 32
138, 33
138, 36
138, 37
138, 38
138, 39
138, 40
138, 41
138, 42
138, 43
138, 44
138, 45
138, 46
138, 47
138, 48
138, 49
138, 50
138, 51
138, 52
138, 53
138, 54
139, 13
139, 14
139, 15
139, 16
139, 17
139, 18
139, 19
139, 20
139, 21
139, 22
139, 23
139, 24
139, 25
139, 26
139, 27
139, 28
139, 29
139, 30
139, 31
139, 32
139, 33
139, 36
139, 37
139, 38
139, 39
139, 40
139, 41
139, 42
139, 43
139, 44
139, 45
139, 46
139, 47
139, 48
139, 49
139, 50
139, 51
139, 52
139, 53
139, 54
140, 13
140, 14
140, 15
140, 16
140, 17
140, 18
140, 19
140, 20
140, 21
140, 22
140, 23
140, 24
140, 25
140, 26
140, 27
140, 28
140, 29
140, 30
140, 31
140, 32
140, 33
140, 35
140, 36
140, 37
140, 38
140, 39
140, 40
140, 41
140, 42
140, 43
140, 44
140, 45
140, 46
140, 47
140, 48
140, 49
140, 50
140, 51
140, 52
140, 53
140, 54
141, 13
141, 14
141, 15
141, 16
141, 17
141, 18
141, 19
141, 20
141, 21
141, 22
141, 23
141, 24
141, 25
141, 26
141, 27
141, 28
141, 29
141, 30
141, 31
141, 32
141, 33
141, 34
141, 35
141, 36
141, 37
141, 38
141, 39
141, 40
141, 41
141, 42
141, 43
141, 44
141, 45
141, 46
141, 47
141, 48
141, 49
141, 50
141, 51
141, 52
141, 53
141, 54
142, 13
142, 14
142, 15
142, 16
142, 17
142, 18
142, 19
142, 20
142, 21
142, 22
142, 23
142, 24
142, 25
142, 26
142, 27
142, 28
142, 29
142, 30
142, 31
142, 32
142, 33
142, 34
142, 35
142, 36
142, 37
142, 38
142, 39
142, 40
142, 41
142, 42
142, 43
142, 44
142, 45
142, 46
142, 47
142, 48
142, 49
142, 50
142, 51
142, 52
142, 53
142, 54
143, 13
143, 14
143, 15
143, 16
143, 17
143, 18
143, 19
143, 20
143, 21
143, 22
143, 23
143, 24
143, 25
143, 26
143, 27
143, 28
143, 29
143, 30
143, 31
143, 32
143, 33
143, 34
143, 35
143, 36
143, 37
143, 38
143, 39
143, 40
143, 41
143, 42
143, 43
143, 44
143, 45
143, 46
143, 47
143, 48
143, 49
143, 50
143, 51
143, 52
143, 53
143, 54
144, 13
144, 14
144, 15
144, 16
144, 17
144, 18
144, 19
144, 20
144, 21
144, 22
144, 23
144, 24
144, 25
144, 26
144, 27
144, 28
144, 29
144, 30
144, 31
144, 32
144, 33
144, 34
144, 35
144, 36
144, 37
144, 38
144, 39
144, 40
144, 41
144, 42
144, 43
144, 44
144, 45
144, 46
144, 47
144, 48
144, 49
144, 50
144, 51
144, 52
144, 53
144, 54
145, 13
145, 14
145, 15
145, 16
145, 17
145, 18
145, 19
145, 20
145, 21
145, 22
145, 23
145, 24
145, 25
145, 26
145, 27
145, 28
145, 29
145, 30
145, 31
145, 32
145, 33
145, 34
145, 35
145, 36
145, 37
145, 38
145, 39
145, 40
145, 41
145, 42
145, 43
145, 44
145, 45
145, 46
145, 47
145, 48
145, 49
145, 50
145, 51
145, 52
145, 53
145, 54
146, 13
146, 14
146, 15
146, 16
146, 17
146, 18
146, 19
146, 20
146, 21
146, 22
146, 23
146, 24
146, 25
146, 26
146, 27
146, 28
146, 29
146, 30
146, 31
146, 32
146, 33
146, 34
146, 35
146, 36
146, 37
146, 38
146, 39
146, 40
146, 41
146, 42
146, 43
146, 44
146, 45
146, 46
146, 47
146, 48
146, 49
146, 50
146, 51
146, 52
146, 53
146, 54
147, 13
147, 14
147, 15
147, 16
147, 17
147, 18
147, 19
147, 20
147, 21
147, 22
147, 23
147, 24
147, 25
147, 26
147, 27
147, 28
147, 29
147, 30
147, 31
147, 32
147, 33
147, 34
147, 36
147, 37
147, 38
147, 39
147, 40
147, 41
147, 42
147, 43
147, 44
147, 45
147, 46
147, 47
147, 48
147, 49
147, 50
147, 51
147, 52
147, 53
147, 54
148, 13
148, 14
148, 15
148, 16
148, 17
148, 18
148, 19
148, 20
148, 21
148, 22
148, 23
148, 24
148, 25
148, 26
148, 27
148, 28
148, 29
148, 30
148, 31
148, 32
148, 33
148, 36
148, 37
148, 38
148, 39
148, 40
148, 41
148, 42
148, 43
148, 44
148, 45
148, 46
148, 47
148, 48
148, 49
148, 50
148, 51
148, 52
148, 53
148, 54
149, 13
149, 14
149, 15
149, 16
149, 17
149, 18
149, 19
149, 20
149, 21
149, 22
149, 23
149, 24
149, 25
149, 26
149, 27
149, 28
149, 29
149, 30
149, 31
149, 32
149, 33
149, 36
149, 37
149, 38
149, 39
149, 40
149, 41
149, 42
149, 43
149, 44
149, 45
149, 46
149, 47
149, 48
149, 49
149, 50
149, 51
149, 52
149, 53
149, 54
150, 13
150, 14
150, 15
150, 16
150, 17
150, 18
150, 19
150, 20
150, 21
150, 22
150, 23
150, 24
150, 25
150, 26
150, 27
150, 28
150, 29
150, 30
150, 31
150, 32
150, 33
150, 36
150, 37
150, 38
150, 39
150, 40
150, 41
150, 42
150, 43
150, 44
150, 45
150, 46
150, 47
150, 48
150, 49
150, 50
150, 51
150, 52
150, 53
150, 54
151, 13
151, 14
151, 15
151, 16
151, 17
151, 18
151, 19
151, 20
151, 21
151, 22
151, 23
151, 24
151, 25
151, 26
151, 27
151, 28
151, 29
151, 30
151, 31
151, 32
151, 33
151, 37
151, 38
151, 39
151, 40
151, 41
151, 42
151, 43
151, 44
151, 45
151, 46
151, 47
151, 48
151, 49
151, 50
151, 51
151, 52
151, 53
151, 54
152, 13
152, 14
152, 15
152, 16
152, 17
152, 18
152, 19
152, 20
152, 21
152, 22
152, 23
152, 24
152, 25
152, 26
152, 27
152, 28
152, 29
152, 30
152, 31
152, 32
152, 33
152, 37
152, 38
152, 39
152, 40
152, 41
152, 42
152, 43
152, 44
152, 45
152, 46
152, 47
152, 48
152, 49
152, 50
152, 51
152, 52
152, 53
152, 54
153, 13
153, 14
153, 15
153, 16
153, 17
153, 18
153, 19
153, 20
153, 21
153, 22
153, 23
153, 24
153, 25
153, 26
153, 27
153, 28
153, 29
153, 30
153, 31
153, 32
153, 33
153, 37
153, 38
153, 39
153, 40
153, 41
153, 42
153, 43
153, 44
153, 45
153, 46
153, 47
153, 48
153, 49
153, 50
153, 51
153, 52
153, 53
153, 54
154, 13
154, 14
154, 15
154, 16
154, 17
154, 18
154, 19
154, 20
154, 21
154, 22
154, 23
154, 24
154, 25
154, 26
154, 27
154, 28
154, 29
154, 30
154, 31
154, 32
154, 33
154, 37
154, 38
154, 39
154, 40
154, 41
154, 42
154, 43
154, 44
154, 45
154, 46
154, 47
154, 48
154, 49
154, 50
154, 51
154, 52
154, 53
154, 54
155, 13
155, 14
155, 15
155, 16
155, 17
155, 18
155, 19
155, 20
155, 21
155, 22
155, 23
155, 24
155, 25
155, 26
155, 27
155, 28
155, 29
155, 30
155, 31
155, 32
155, 33
155, 37
155, 38
155, 39
155, 40
155, 41
155, 42
155, 43
155, 44
155, 45
155, 46
155, 47
155, 48
155, 49
155, 50
155, 51
155, 52
155, 53
155, 54
156, 13
156, 14
156, 15
156, 16
156, 17
156, 18
156, 19
156, 20
156, 21
156, 22
156, 23
156, 24
156, 25
156, 26
156, 27
156, 28
156, 29
156, 30
156, 31
156, 32
156, 33
156, 37
156, 38
156, 39
156, 40
156, 41
156, 42
156, 43
156, 44
156, 45
156, 46
156, 47
156, 48
156, 49
156, 50
156, 51
156, 52
156, 53
156, 54
157, 13
157, 14
157, 15
157, 16
157, 17
157, 18
157, 19
157, 20
157, 21
157, 22
157, 23
157, 24
157, 25
157, 26
157, 27
157, 28
157, 29
157, 30
157, 31
157, 32
157, 33
157, 38
157, 39
157, 40
157, 41
157, 42
157, 43
157, 44
157, 45
157, 46
157, 47
157, 48
157, 49
157, 50
157, 51
157, 52
157, 53
157, 54
158, 13
158, 14
158, 15
158, 16
158, 17
158, 18
158, 19
158, 20
158, 21
158, 22
158, 23
158, 24
158, 25
158, 26
158, 27
158, 28
158, 29
158, 30
158, 31
158, 32
158, 33
158, 38
158, 39
158, 40
158, 41
158, 42
158, 43
158, 44
158, 45
158, 46
158, 47
158, 48
158, 49
158, 50
158, 51
158, 52
158, 53
158, 54
159, 13
159, 14
159, 15
159, 16
159, 17
159, 18
159, 19
159, 20
159, 21
159, 22
159, 23
159, 24
159, 25
159, 26
159, 27
159, 28
159, 29
159, 30
159, 31
159, 32
159, 33
159, 38
159, 39
159, 40
159, 41
159, 42
159, 43
159, 44
159, 45
159, 46
159, 47
159, 48
159, 49
159, 50
159, 51
159, 52
159, 53
159, 54
160, 13
160, 14
160, 15
160, 16
160, 17
160, 18
160, 19
160, 20
160, 21
160, 22
160, 23
160, 24
160, 25
160, 26
160, 27
160, 28
160, 29
160, 30
160, 31
160, 32
160, 33
160, 34
160, 38
160, 39
160, 40
160, 41
160, 42
160, 43
160, 44
160, 45
160, 46
160, 47
160, 48
160, 49
160, 50
160, 51
160, 52
160, 53
160, 54
161, 13
161, 14
161, 15
161, 16
161, 17
161, 18
161, 19
161, 20
161, 21
161, 22
161, 23
161, 24
161, 25
161, 26
161, 27
161, 28
161, 29
161, 30
161, 31
161, 32
161, 33
161, 34
161, 38
161, 39
161, 40
161, 41
161, 42
161, 43
161, 44
161, 45
161, 46
161, 47
161, 48
161, 49
161, 50
161, 51
161, 52
161, 53
161, 54
162, 13
162, 14
162, 15
162, 16
162, 17
162, 18
162, 19
162, 20
162, 21
162, 22
162, 23
162, 24
162, 25
162, 26
162, 27
162, 28
162, 29
162, 30
162, 31
162, 32
162, 33
162, 34
162, 38
162, 39
162, 40
162, 41
162, 42
162, 43
162, 44
162, 45
162, 46
162, 47
162, 48
162, 49
162, 50
162, 51
162, 52
162, 53
162, 54
163, 13
163, 14
163, 15
163, 16
163, 17
163, 18
163, 19
163, 20
163, 21
163, 22
163, 23
163, 24
163, 25
163, 26
163, 27
163, 28
163, 29
163, 30
163, 31
163, 32
163, 33
163, 34
163, 35
163, 37
163, 38
163, 39
163, 40
163, 41
163, 42
163, 43
163, 44
163, 45
163, 46
163, 47
163, 48
163, 49
163, 50
163, 51
163, 52
163, 53
163, 54
164, 13
164, 14
164, 15
164, 16
164, 17
164, 18
164, 19
164, 20
164, 21
164, 22
164, 23
164, 24
164, 25
164, 26
164, 27
164, 28
164, 29
164, 30
164, 31
164, 32
164, 33
164, 34
164, 35
164, 37
164, 38
164, 39
164, 40
164, 41
164, 42
164, 43
164, 44
164, 45
164, 46
164, 47
164, 48
164, 49
164, 50
164, 51
164, 52
164, 53
164, 54
165, 13
165, 14
165, 15
165, 16
165, 17
165, 18
165, 19
165, 20
165, 21
165, 22
165, 23
165, 24
165, 25
165, 26
165, 27
165, 28
165, 29
165, 30
165, 31
165, 32
165, 33
165, 34
165, 35
165, 36
165, 37
165, 38
165, 39
165, 40
165, 41
165, 42
165, 43
165, 44
165, 45
165, 46
165, 47
165, 48
165, 49
165, 50
165, 51
165, 52
165, 53
165, 54
166, 13
166, 14
166, 15
166, 16
166, 17
166, 18
166, 19
166, 20
166, 21
166, 22
166, 23
166, 24
166, 25
166, 26
166, 27
166, 28
166, 29
166, 30
166, 31
166, 32
166, 33
166, 34
166, 35
166, 36
166, 37
166, 38
166, 39
166, 40
166, 41
166, 42
166, 43
166, 44
166, 45
166, 46
166, 47
166, 48
166, 49
166, 50
166, 51
166, 52
166, 53
166, 54
167, 13
167, 14
167, 15
167, 16
167, 17
167, 18
167, 19
167, 20
167, 21
167, 22
167, 23
167, 24
167, 25
167, 26
167, 27
167, 28
167, 29
167, 30
167, 31
167, 32
167, 33
167, 34
167, 35
167, 36
167, 37
167, 38
167, 39
167, 40
167, 41
167, 42
167, 43
167, 44
167, 45
167, 46
167, 47
167, 48
167, 49
167, 50
167, 51
167, 52
167, 53
168, 13
168, 14
168, 15
168, 16
168, 17
168, 18
168, 19
168, 20
168, 21
168, 22
168, 23
168, 24
168, 25
168, 26
168, 27
168, 28
168, 29
168, 30
168, 31
168, 32
168, 33
168, 34
168, 35
168, 36
168, 37
168, 38
168, 39
168, 40
168, 41
168, 42
168, 43
168, 44
168, 45
168, 46
168, 47
168, 48
168, 49
168, 50
168, 51
168, 52
168, 53
169, 13
169, 14
169, 15
169, 16
169, 17
169, 18
169, 19
169, 20
169, 21
169, 22
169, 23
169, 24
169, 25
169, 26
169, 27
169, 28
169, 29
169, 30
169, 31
169, 32
169, 33
169, 34
169, 35
169, 36
169, 37
169, 38
169, 39
169, 40
169, 41
169, 42
169, 43
169, 44
169, 45
169, 46
169, 47
169, 48
169, 49
169, 50
169, 51
169, 52
169, 53
170, 13
170, 14
170, 15
170, 16
170, 17
170, 18
170, 19
170, 20
170, 21
170, 22
170, 23
170, 24
170, 25
170, 26
170, 27
170, 28
170, 29
170, 30
170, 31
170, 32
170, 33
170, 34
170, 35
170, 36
170, 37
170, 38
170, 39
170, 40
170, 41
170, 42
170, 43
170, 44
170, 45
170, 46
170, 47
170, 48
170, 49
170, 50
170, 51
170, 52
170, 53
171, 13
171, 14
171, 15
171, 16
171, 17
171, 18
171, 19
171, 20
171, 21
171, 22
171, 23
171, 24
171, 25
171, 26
171, 27
171, 28
171, 29
171, 30
171, 31
171, 32
171, 33
171, 34
171, 35
171, 36
171, 37
171, 38
171, 39
171, 40
171, 41
171, 42
171, 43
171, 44
171, 45
171, 46
171, 47
171, 48
171, 49
171, 50
171, 51
171, 52
171, 53
172, 13
172, 14
172, 15
172, 16
172, 17
172, 18
172, 19
172, 20
172, 21
172, 22
172, 23
172, 24
172, 25
172, 26
172, 27
172, 28
172, 29
172, 30
172, 31
172, 32
172, 33
172, 34
172, 35
172, 36
172, 37
172, 38
172, 39
172, 40
172, 41
172, 42
172, 43
172, 44
172, 45
172, 46
172, 47
172, 48
172, 49
172, 50
172, 51
172, 52
172, 53
173, 13
173, 14
173, 15
173, 16
173, 17
173, 18
173, 19
173, 20
173, 21
173, 22
173, 23
173, 24
173, 25
173, 26
173, 27
173, 28
173, 29
173, 30
173, 31
173, 32
173, 33
173, 34
173, 35
173, 36
173, 37
173, 38
173, 39
173, 40
173, 41
173, 42
173, 43
173, 44
173, 45
173, 46
173, 47
173, 48
173, 49
173, 50
173, 51
173, 52
173, 53
174, 13
174, 14
174, 15
174, 16
174, 17
174, 18
174, 19
174, 20
174, 21
174, 22
174, 23
174, 24
174, 25
174, 26
174, 27
174, 28
174, 29
174, 30
174, 31
174, 32
174, 33
174, 34
174, 35
174, 36
174, 37
174, 38
174, 39
174, 40
174, 41
174, 42
174, 43
174, 44
174, 45
174, 46
174, 47
174, 48
174, 49
174, 50
174, 51
174, 52
174, 53
175, 13
175, 14
175, 15
175, 16
175, 17
175, 18
175, 19
175, 20
175, 21
175, 22
175, 23
175, 24
175, 25
175, 26
175, 27
175, 28
175, 29
175, 30
175, 31
175, 32
175, 33
175, 34
175, 35
175, 36
175, 37
175, 38
175, 39
175, 40
175, 41
175, 42
175, 43
175, 44
175, 45
175, 46
175, 47
175, 48
175, 49
175, 50
175, 51
175, 52
176, 13
176, 14
176, 15
176, 16
176, 17
176, 18
176, 19
176, 20
176, 21
176, 22
176, 23
176, 24
176, 25
176, 26
176, 27
176, 28
176, 29
176, 30
176, 31
176, 32
176, 33
176, 34
176, 35
176, 36
176, 37
176, 38
176, 39
176, 40
176, 41
176, 42
176, 43
176, 44
176, 45
176, 46
176, 47
176, 48
176, 49
176, 50
176, 51
176, 52
177, 13
177, 14
177, 15
177, 16
177, 17
177, 18
177, 19
177, 20
177, 21
177, 22
177, 23
177, 24
177, 25
177, 26
177, 27
177, 28
177, 29
177, 30
177, 31
177, 32
177, 33
177, 34
177, 35
177, 37
177, 38
177, 39
177, 40
177, 41
177, 42
177, 43
177, 44
177, 45
177, 46
177, 47
177, 48
177, 49
177, 50
177, 51
177, 52
178, 13
178, 14
178, 15
178, 16
178, 17
178, 18
178, 19
178, 20
178, 21
178, 22
178, 23
178, 24
178, 25
178, 26
178, 27
178, 28
178, 29
178, 30
178, 31
178, 32
178, 33
178, 34
178, 35
178, 37
178, 38
178, 39
178, 40
178, 41
178, 42
178, 43
178, 44
178, 45
178, 46
178, 47
178, 48
178, 49
178, 50
178, 51
178, 52
179, 13
179, 14
179, 15
179, 16
179, 17
179, 18
179, 19
179, 20
179, 21
179, 22
179, 23
179, 24
179, 25
179, 26
179, 27
179, 28
179, 29
179, 30
179, 31
179, 32
179, 33
179, 34
179, 35
179, 36
179, 37
179, 38
179, 39
179, 40
179, 41
179, 42
179, 43
179, 44
179, 45
179, 46
179, 47
179, 48
179, 49
179, 50
179, 51
179, 52
180, 13
180, 14
180, 15
180, 16
180, 17
180, 18
180, 19
180, 20
180, 21
180, 22
180, 23
180, 24
180, 25
180, 26
180, 27
180, 28
180, 29
180, 30
180, 31
180, 32
180, 33
180, 34
180, 35
180, 36
180, 37
180, 38
180, 39
180, 40
180, 41
180, 42
180, 43
180, 44
180, 45
180, 46
180, 47
180, 48
180, 49
180, 50
180, 51
180, 52
181, 13
181, 14
181, 15
181, 16
181, 17
181, 18
181, 19
181, 20
181, 21
181, 22
181, 23
181, 24
181, 25
181, 26
181, 27
181, 28
181, 29
181, 30
181, 31
181, 32
181, 33
181, 34
181, 35
181, 36
181, 37
181, 38
181, 39
181, 40
181, 41
181, 42
181, 43
181, 44
181, 45
181, 46
181, 47
181, 48
181, 49
181, 50
181, 51
181, 52
182, 13
182, 14
182, 15
182, 16
182, 17
182, 18
182, 19
182, 20
182, 21
182, 22
182, 23
182, 24
182, 25
182, 26
182, 27
182, 28
182, 29
182, 30
182, 31
182, 32
182, 33
182, 34
182, 35
182, 36
182, 37
182, 38
182, 39
182, 40
182, 41
182, 42
182, 43
182, 44
182, 45
182, 46
182, 47
182, 48
182, 49
182, 50
182, 51
182, 52
183, 13
183, 14
183, 15
183, 16
183, 17
183, 18
183, 19
183, 20
183, 21
183, 22
183, 23
183, 24
183, 25
183, 26
183, 27
183, 28
183, 29
183, 30
183, 31
183, 32
183, 33
183, 34
183, 35
183, 36
183, 37
183, 38
183, 39
183, 40
183, 41
183, 42
183, 43
183, 44
183, 45
183, 46
183, 47
183, 48
183, 49
183, 50
183, 51
183, 52
184, 13
184, 14
184, 15
184, 16
184, 17
184, 18
184, 19
184, 20
184, 21
184, 22
184, 23
184, 24
184, 25
184, 26
184, 27
184, 28
184, 29
184, 30
184, 31
184, 32
184, 33
184, 34
184, 35
184, 36
184, 37
184, 38
184, 39
184, 40
184, 41
184, 42
184, 43
184, 44
184, 45
184, 46
184, 47
184, 48
184, 49
184, 50
184, 51
184, 52
185, 13
185, 14
185, 15
185, 16
185, 17
185, 18
185, 19
185, 20
185, 21
185, 22
185, 23
185, 24
185, 25
185, 26
185, 27
185, 28
185, 29
185, 30
185, 31
185, 32
185, 33
185, 34
185, 35
185, 36
185, 37
185, 38
185, 39
185, 40
185, 41
185, 42
185, 43
185, 44
185, 45
185, 46
185, 47
185, 48
185, 49
185, 50
185, 51
186, 13
186, 14
186, 15
186, 16
186, 17
186, 18
186, 19
186, 20
186, 21
186, 22
186, 23
186, 24
186, 25
186, 26
186, 27
186, 28
186, 29
186, 30
186, 31
186, 32
186, 33
186, 34
186, 35
186, 36
186, 37
186, 38
186, 39
186, 40
186, 41
186, 42
186, 43
186, 44
186, 45
186, 46
186, 47
186, 48
186, 49
186, 50
186, 51
187, 13
187, 14
187, 15
187, 16
187, 17
187, 18
187, 19
187, 20
187, 21
187, 22
187, 23
187, 24
187, 25
187, 26
187, 27
187, 28
187, 29
187, 30
187, 31
187, 32
187, 33
187, 34
187, 35
187, 36
187, 37
187, 38
187, 39
187, 40
187, 41
187, 42
187, 43
187, 44
187, 45
187, 46
187, 47
187, 48
187, 49
187, 50
187, 51
188, 13
188, 14
188, 15
188, 16
188, 17
188, 18
188, 19
188, 20
188, 21
188, 22
188, 23
188, 24
188, 25
188, 26
188, 27
188, 28
188, 29
188, 30
188, 31
188, 32
188, 33
188, 34
188, 35
188, 36
188, 37
188, 38
188, 39
188, 40
188, 41
188, 42
188, 43
188, 44
188, 45
188, 46
188, 47
188, 48
188, 49
188, 50
188, 51
189, 13
189, 14
189, 15
189, 16
189, 17
189, 18
189, 19
189, 20
189, 21
189, 22
189, 23
189, 24
189, 25
189, 26
189, 27
189, 28
189, 29
189, 30
189, 31
189, 32
189, 33
189, 34
189, 35
189, 36
189, 37
189, 38
189, 39
189, 40
189, 41
189, 42
189, 43
189, 44
189, 45
189, 46
189, 47
189, 48
189, 49
189, 50
189, 51
190, 13
190, 14
190, 15
190, 16
190, 17
190, 18
190, 19
190, 20
190, 21
190, 22
190, 23
190, 24
190, 25
190, 26
190, 27
190, 28
190, 29
190, 30
190, 31
190, 32
190, 33
190, 34
190, 35
190, 36
190, 37
190, 38
190, 39
190, 40
190, 41
190, 42
190, 43
190, 44
190, 45
190, 46
190, 47
190, 48
190, 49
190, 50
190, 51
191, 13
191, 14
191, 15
191, 16
191, 17
191, 18
191, 19
191, 20
191, 21
191, 22
191, 23
191, 24
191, 25
191, 26
191, 27
191, 28
191, 29
191, 30
191, 31
191, 32
191, 33
191, 34
191, 35
191, 36
191, 37
191, 38
191, 39
191, 40
191, 41
191, 42
191, 43
191, 44
191, 45
191, 46
191, 47
191, 48
191, 49
191, 50
191, 51
192, 13
192, 14
192, 15
192, 16
192, 17
192, 18
192, 19
192, 20
192, 21
192, 22
192, 23
192, 24
192, 25
192, 26
192, 27
192, 28
192, 29
192, 30
192, 31
192, 32
192, 33
192, 34
192, 35
192, 36
192, 37
192, 38
192, 39
192, 40
192, 41
192, 42
192, 43
192, 44
192, 45
192, 46
192, 47
192, 48
192, 49
192, 50
192, 51
193, 13
193, 14
193, 15
193, 16
193, 17
193, 18
193, 19
193, 20
193, 21
193, 22
193, 23
193, 24
193, 25
193, 26
193, 27
193, 28
193, 29
193, 30
193, 31
193, 32
193, 33
193, 34
193, 35
193, 36
193, 37
193, 38
193, 39
193, 40
193, 41
193, 42
193, 43
193, 44
193, 45
193, 46
193, 47
193, 48
193, 49
193, 50
193, 51
194, 13
194, 14
194, 15
194, 16
194, 17
194, 18
194, 19
194, 20
194, 21
194, 22
194, 23
194, 24
194, 25
194, 26
194, 27
194, 28
194, 29
194, 30
194, 31
194, 32
194, 33
194, 34
194, 35
194, 36
194, 37
194, 38
194, 39
194, 40
194, 41
194, 42
194, 43
194, 44
194, 45
194, 46
194, 47
194, 48
194, 49
194, 50
195, 13
195, 14
195, 15
195, 16
195, 17
195, 18
195, 19
195, 20
195, 21
195, 22
195, 23
195, 24
195, 25
195, 26
195, 27
195, 28
195, 29
195, 30
195, 31
195, 32
195, 33
195, 34
195, 35
195, 39
195, 40
195, 41
195, 42
195, 43
195, 44
195, 45
195, 46
195, 47
195, 48
195, 49
195, 50
196, 14
196, 15
196, 16
196, 17
196, 18
196, 19
196, 20
196, 21
196, 22
196, 23
196, 24
196, 25
196, 26
196, 27
196, 28
196, 29
196, 30
196, 31
196, 32
196, 33
196, 34
196, 35
196, 39
196, 40
196, 41
196, 42
196, 43
196, 44
196, 45
196, 46
196, 47
196, 48
196, 49
196, 50
197, 14
197, 15
197, 16
197, 17
197, 18
197, 19
197, 20
197, 21
197, 22
197, 23
197, 24
197, 25
197, 26
197, 27
197, 28
197, 29
197, 30
197, 31
197, 32
197, 33
197, 34
197, 35
197, 40
197, 41
197, 42
197, 43
197, 44
197, 45
197, 46
197, 47
197, 48
197, 49
198, 15
198, 16
198, 17
198, 18
198, 19
198, 20
198, 21
198, 22
198, 23
198, 24
198, 25
198, 26
198, 27
198, 28
198, 29
198, 30
198, 31
198, 32
198, 33
198, 34
198, 40
198, 41
198, 42
198, 43
198, 44
198, 45
198, 46
198, 47
198, 48
198, 49
199, 15
199, 16
199, 17
199, 18
199, 19
199, 20
199, 21
199, 22
199, 23
199, 24
199, 25
199, 26
199, 27
199, 28
199, 29
199, 30
199, 31
199, 32
199, 33
199, 34
199, 40
199, 41
199, 42
199, 43
199, 44
199, 45
199, 46
199, 47
199, 48
199, 49
200, 16
200, 17
200, 18
200, 19
200, 20
200, 21
200, 22
200, 23
200, 24
200, 25
200, 26
200, 27
200, 28
200, 29
200, 30
200, 31
200, 32
200, 33
200, 34
200, 40
200, 41
200, 42
200, 43
200, 44
200, 45
200, 46
200, 47
200, 48
201, 16
201, 17
201, 18
201, 19
201, 20
201, 21
201, 22
201, 23
201, 24
201, 25
201, 26
201, 27
201, 28
201, 29
201, 30
201, 31
201, 32
201, 33
201, 34
201, 40
201, 41
201, 42
201, 43
201, 44
201, 45
201, 46
201, 47
201, 48
202, 16
202, 17
202, 18
202, 19
202, 20
202, 21
202, 22
202, 23
202, 24
202, 25
202, 26
202, 27
202, 28
202, 29
202, 30
202, 31
202, 32
202, 33
202, 34
202, 40
202, 41
202, 42
202, 43
202, 44
202, 45
202, 46
202, 47
203, 16
203, 17
203, 18
203, 19
203, 20
203, 21
203, 22
203, 23
203, 24
203, 25
203, 26
203, 27
203, 28
203, 29
203, 30
203, 31
203, 32
203, 33
203, 34
203, 39
203, 40
203, 41
203, 42
203, 43
203, 44
203, 45
203, 46
204, 16
204, 17
204, 18
204, 19
204, 20
204, 21
204, 22
204, 23
204, 24
204, 25
204, 26
204, 27
204, 28
204, 29
204, 30
204, 31
204, 32
204, 33
204, 34
204, 35
204, 39
204, 40
204, 41
204, 42
204, 43
204, 44
204, 45
204, 46
205, 16
205, 17
205, 18
205, 19
205, 20
205, 21
205, 22
205, 23
205, 24
205, 25
205, 26
205, 27
205, 28
205, 29
205, 30
205, 31
205, 32
205, 33
205, 34
205, 39
205, 40
205, 41
205, 42
205, 43
205, 44
205, 45
205, 46
206, 16
206, 17
206, 18
206, 19
206, 20
206, 21
206, 22
206, 23
206, 24
206, 25
206, 26
206, 27
206, 28
206, 29
206, 30
206, 31
206, 32
206, 33
206, 34
206, 39
206, 40
206, 41
206, 42
206, 43
206, 44
206, 45
207, 16
207, 17
207, 18
207, 19
207, 20
207, 21
207, 22
207, 23
207, 24
207, 25
207, 26
207, 27
207, 28
207, 29
207, 30
207, 31
207, 32
207, 33
207, 34
207, 39
207, 40
207, 41
207, 42
207, 43
207, 44
207, 45
208, 16
208, 17
208, 18
208, 19
208, 20
208, 21
208, 22
208, 23
208, 24
208, 25
208, 26
208, 27
208, 28
208, 29
208, 30
208, 31
208, 32
208, 33
208, 34
208, 39
208, 40
208, 41
208, 42
208, 43
208, 44
208, 45
209, 16
209, 17
209, 18
209, 19
209, 20
209, 21
209, 22
209, 23
209, 24
209, 25
209, 26
209, 27
209, 28
209, 29
209, 30
209, 31
209, 32
209, 33
209, 34
209, 40
209, 41
209, 42
209, 43
209, 44
209, 45
210, 16
210, 17
210, 18
210, 19
210, 20
210, 21
210, 22
210, 23
210, 24
210, 25
210, 26
210, 27
210, 28
210, 29
210, 30
210, 31
210, 32
210, 33
210, 34
210, 40
210, 41
210, 42
210, 43
210, 44
210, 45
211, 16
211, 17
211, 18
211, 19
211, 20
211, 21
211, 22
211, 23
211, 24
211, 25
211, 26
211, 27
211, 28
211, 29
211, 30
211, 31
211, 32
211, 33
211, 34
211, 40
211, 41
211, 42
211, 43
211, 44
211, 45
212, 16
212, 17
212, 18
212, 19
212, 20
212, 21
212, 22
212, 23
212, 24
212, 25
212, 26
212, 27
212, 28
212, 29
212, 30
212, 31
212, 32
212, 33
212, 40
212, 41
212, 42
212, 43
212, 44
212, 45
213, 16
213, 17
213, 18
213, 19
213, 20
213, 21
213, 22
213, 23
213, 24
213, 25
213, 26
213, 27
213, 28
213, 29
213, 30
213, 31
213, 32
213, 33
213, 40
213, 41
213, 42
213, 43
213, 44
213, 45
214, 16
214, 17
214, 18
214, 19
214, 20
214, 21
214, 22
214, 23
214, 24
214, 25
214, 26
214, 27
214, 28
214, 29
214, 30
214, 31
214, 32
214, 33
214, 40
214, 41
214, 42
214, 43
214, 44
214, 45
215, 16
215, 17
215, 18
215, 19
215, 20
215, 21
215, 22
215, 23
215, 24
215, 25
215, 26
215, 27
215, 28
215, 29
215, 30
215, 31
215, 32
215, 33
215, 40
215, 41
215, 42
215, 43
215, 44
215, 45
216, 16
216, 17
216, 18
216, 19
216, 20
216, 21
216, 22
216, 23
216, 24
216, 25
216, 26
216, 27
216, 28
216, 29
216, 30
216, 31
216, 32
216, 33
216, 41
216, 42
216, 43
216, 44
216, 45
217, 16
217, 17
217, 18
217, 19
217, 20
217, 21
217, 22
217, 23
217, 24
217, 25
217, 26
217, 27
217, 28
217, 29
217, 30
217, 31
217, 32
217, 33
217, 41
217, 42
217, 43
217, 44
217, 45
218, 16
218, 17
218, 18
218, 19
218, 20
218, 21
218, 22
218, 23
218, 24
218, 25
218, 26
218, 27
218, 28
218, 29
218, 30
218, 31
218, 32
218, 43
218, 44
219, 17
219, 18
219, 21
219, 23
219, 24
