248, 75
248, 76
248, 77
248, 78
249, 71
249, 72
249, 73
249, 74
249, 75
249, 76
249, 77
249, 78
249, 79
249, 80
249, 81
249, 82
249, 83
249, 84
249, 85
249, 86
249, 87
249, 88
249, 89
249, 90
249, 91
250, 69
250, 70
250, 71
250, 72
250, 73
250, 74
250, 75
250, 76
250, 77
250, 78
250, 79
250, 80
250, 81
250, 82
250, 83
250, 84
250, 85
250, 86
250, 87
250, 88
250, 89
250, 90
250, 91
250, 92
250, 93
250, 94
250, 95
250, 96
250, 97
250, 98
250, 99
250, 100
250, 101
250, 102
250, 103
250, 104
250, 105
250, 106
250, 107
250, 108
250, 109
250, 110
250, 111
251, 68
251, 69
251, 70
251, 71
251, 72
251, 73
251, 74
251, 75
251, 76
251, 77
251, 78
251, 79
251, 80
251, 81
251, 82
251, 83
251, 84
251, 85
251, 86
251, 87
251, 88
251, 89
251, 90
251, 91
251, 92
251, 93
251, 94
251, 95
251, 96
251, 97
251, 98
251, 99
251, 100
251, 101
251, 102
251, 103
251, 104
251, 105
251, 106
251, 107
251, 108
251, 109
251, 110
251, 111
251, 112
251, 113
251, 114
251, 115
251, 116
251, 117
251, 118
251, 119
251, 120
251, 121
251, 122
251, 123
251, 124
251, 125
251, 126
251, 127
252, 68
252, 69
252, 70
252, 71
252, 72
252, 73
252, 74
252, 75
252, 76
252, 77
252, 78
252, 79
252, 80
252, 81
252, 82
252, 83
252, 84
252, 85
252, 86
252, 87
252, 88
252, 89
252, 90
252, 91
252, 92
252, 93
252, 94
252, 95
252, 96
252, 97
252, 98
252, 99
252, 100
252, 101
252, 102
252, 103
252, 104
252, 105
252, 106
252, 107
252, 108
252, 109
252, 110
252, 111
252, 112
252, 113
252, 114
252, 115
252, 116
252, 117
252, 118
252, 119
252, 120
252, 121
252, 122
252, 123
252, 124
252, 125
252, 126
252, 127
252, 128
252, 129
253, 67
253, 68
253, 69
253, 70
253, 71
253, 72
253, 73
253, 74
253, 75
253, 76
253, 77
253, 78
253, 79
253, 80
253, 81
253, 82
253, 83
253, 84
253, 85
253, 86
253, 87
253, 88
253, 89
253, 90
253, 91
253, 92
253, 93
253, 94
253, 95
253, 96
253, 97
253, 98
253, 99
253, 100
253, 101
253, 102
253, 103
253, 104
253, 105
253, 106
253, 107
253, 108
253, 109
253, 110
253, 111
253, 112
253, 113
253, 114
253, 115
253, 116
253, 117
253, 118
253, 119
253, 120
253, 121
253, 122
253, 123
253, 124
253, 125
253, 126
253, 127
253, 128
253, 129
253, 130
254, 67
254, 68
254, 69
254, 70
254, 71
254, 72
254, 73
254, 74
254, 75
254, 76
254, 77
254, 78
254, 79
254, 80
254, 81
254, 82
254, 83
254, 84
254, 85
254, 86
254, 87
254, 88
254, 89
254, 90
254, 91
254, 92
254, 93
254, 94
254, 95
254, 96
254, 97
254, 98
254, 99
254, 100
254, 101
254, 102
254, 103
254, 104
254, 105
254, 106
254, 107
254, 108
254, 109
254, 110
254, 111
254, 112
254, 113
254, 114
254, 115
254, 116
254, 117
254, 118
254, 119
254, 120
254, 121
254, 122
254, 123
254, 124
254, 125
254, 126
254, 127
254, 128
254, 129
254, 130
254, 131
255, 67
255, 68
255, 69
255, 70
255, 71
255, 72
255, 73
255, 74
255, 75
255, 76
255, 77
255, 78
255, 79
255, 80
255, 81
255, 82
255, 83
255, 84
255, 85
255, 86
255, 87
255, 88
255, 89
255, 90
255, 91
255, 92
255, 93
255, 94
255, 95
255, 96
255, 97
255, 98
255, 99
255, 100
255, 101
255, 102
255, 103
255, 104
255, 105
255, 106
255, 107
255, 108
255, 109
255, 110
255, 111
255, 112
255, 113
255, 114
255, 115
255, 116
255, 117
255, 118
255, 119
255, 120
255, 121
255, 122
255, 123
255, 124
255, 125
255, 126
255, 127
255, 128
255, 129
255, 130
255, 131
255, 132
256, 66
256, 67
256, 68
256, 69
256, 70
256, 71
256, 72
256, 73
256, 74
256, 75
256, 76
256, 77
256, 78
256, 79
256, 80
256, 81
256, 82
256, 83
256, 84
256, 85
256, 86
256, 87
256, 88
256, 89
256, 90
256, 91
256, 92
256, 93
256, 94
256, 95
256, 96
256, 97
256, 98
256, 99
256, 100
256, 101
256, 102
256, 103
256, 104
256, 105
256, 106
256, 107
256, 108
256, 109
256, 110
256, 111
256, 112
256, 113
256, 114
256, 115
256, 116
256, 117
256, 118
256, 119
256, 120
256, 121
256, 122
256, 123
256, 124
256, 125
256, 126
256, 127
256, 128
256, 129
256, 130
256, 131
256, 132
257, 66
257, 67
257, 68
257, 69
257, 70
257, 71
257, 72
257, 73
257, 74
257, 75
257, 76
257, 77
257, 78
257, 79
257, 80
257, 81
257, 82
257, 83
257, 84
257, 85
257, 86
257, 87
257, 88
257, 89
257, 90
257, 91
257, 92
257, 93
257, 94
257, 95
257, 96
257, 97
257, 98
257, 99
257, 100
257, 101
257, 102
257, 103
257, 104
257, 105
257, 106
257, 107
257, 108
257, 109
257, 110
257, 111
257, 112
257, 113
257, 114
257, 115
257, 116
257, 117
257, 118
257, 119
257, 120
257, 121
257, 122
257, 123
257, 124
257, 125
257, 126
257, 127
257, 128
257, 129
257, 130
257, 131
257, 132
258, 66
258, 67
258, 68
258, 69
258, 70
258, 71
258, 72
258, 73
258, 74
258, 75
258, 76
258, 77
258, 78
258, 79
258, 80
258, 81
258, 82
258, 83
258, 84
258, 85
258, 86
258, 87
258, 88
258, 89
258, 90
258, 91
258, 92
258, 93
258, 94
258, 95
258, 96
258, 97
258, 98
258, 99
258, 100
258, 101
258, 102
258, 103
258, 104
258, 105
258, 106
258, 107
258, 108
258, 109
258, 110
258, 111
258, 112
258, 113
258, 114
258, 115
258, 116
258, 117
258, 118
258, 119
258, 120
258, 121
258, 122
258, 123
258, 124
258, 125
258, 126
258, 127
258, 128
258, 129
258, 130
258, 131
258, 132
259, 66
259, 67
259, 68
259, 69
259, 70
259, 71
259, 72
259, 73
259, 74
259, 75
259, 76
259, 77
259, 78
259, 79
259, 80
259, 81
259, 82
259, 83
259, 84
259, 85
259, 86
259, 87
259, 88
259, 89
259, 90
259, 91
259, 92
259, 93
259, 94
259, 95
259, 96
259, 97
259, 98
259, 99
259, 100
259, 101
259, 102
259, 103
259, 104
259, 105
259, 106
259, 107
259, 108
259, 109
259, 110
259, 111
259, 112
259, 113
259, 114
259, 115
259, 116
259, 117
259, 118
259, 119
259, 120
259, 121
259, 122
259, 123
259, 124
259, 125
259, 126
259, 127
259, 128
259, 129
259, 130
259, 131
259, 132
260, 66
260, 67
260, 68
260, 69
260, 70
260, 71
260, 72
260, 73
260, 74
260, 75
260, 76
260, 77
260, 78
260, 79
260, 80
260, 81
260, 82
260, 83
260, 84
260, 85
260, 86
260, 87
260, 88
260, 89
260, 90
260, 91
260, 92
260, 93
260, 94
260, 95
260, 96
260, 97
260, 98
260, 99
260, 100
260, 101
260, 102
260, 103
260, 104
260, 105
260, 106
260, 107
260, 108
260, 109
260, 110
260, 111
260, 112
260, 113
260, 114
260, 115
260, 116
260, 117
260, 118
260, 119
260, 120
260, 121
260, 122
260, 123
260, 124
260, 125
260, 126
260, 127
260, 128
260, 129
260, 130
260, 131
260, 132
261, 66
261, 67
261, 68
261, 69
261, 70
261, 71
261, 72
261, 73
261, 74
261, 75
261, 76
261, 77
261, 78
261, 79
261, 80
261, 81
261, 82
261, 83
261, 84
261, 85
261, 86
261, 87
261, 88
261, 89
261, 90
261, 91
261, 92
261, 93
261, 94
261, 95
261, 96
261, 97
261, 98
261, 99
261, 100
261, 101
261, 102
261, 103
261, 104
261, 105
261, 106
261, 107
261, 108
261, 109
261, 110
261, 111
261, 112
261, 113
261, 114
261, 115
261, 116
261, 117
261, 118
261, 119
261, 120
261, 121
261, 122
261, 123
261, 124
261, 125
261, 126
261, 127
261, 128
261, 129
261, 130
261, 131
262, 65
262, 66
262, 67
262, 68
262, 69
262, 70
262, 71
262, 72
262, 73
262, 74
262, 75
262, 76
262, 77
262, 78
262, 79
262, 80
262, 81
262, 82
262, 83
262, 84
262, 85
262, 86
262, 87
262, 88
262, 89
262, 90
262, 91
262, 92
262, 93
262, 94
262, 95
262, 96
262, 97
262, 98
262, 99
262, 100
262, 101
262, 102
262, 103
262, 104
262, 105
262, 106
262, 107
262, 108
262, 109
262, 110
262, 111
262, 112
262, 113
262, 114
262, 115
262, 116
262, 117
262, 118
262, 119
262, 120
262, 121
262, 122
262, 123
262, 124
262, 125
262, 126
262, 127
262, 128
262, 129
262, 130
262, 131
263, 65
263, 66
263, 67
263, 68
263, 69
263, 70
263, 71
263, 72
263, 73
263, 74
263, 75
263, 76
263, 77
263, 78
263, 79
263, 80
263, 81
263, 82
263, 83
263, 84
263, 85
263, 86
263, 87
263, 88
263, 89
263, 90
263, 91
263, 92
263, 93
263, 94
263, 95
263, 96
263, 97
263, 98
263, 99
263, 100
263, 101
263, 102
263, 103
263, 104
263, 105
263, 106
263, 107
263, 108
263, 109
263, 110
263, 111
263, 112
263, 113
263, 114
263, 115
263, 116
263, 117
263, 118
263, 119
263, 120
263, 121
263, 122
263, 123
263, 124
263, 125
263, 126
263, 127
263, 128
263, 129
263, 130
263, 131
264, 65
264, 66
264, 67
264, 68
264, 69
264, 70
264, 71
264, 72
264, 73
264, 74
264, 75
264, 76
264, 77
264, 78
264, 79
264, 80
264, 81
264, 82
264, 83
264, 84
264, 85
264, 86
264, 87
264, 88
264, 89
264, 90
264, 91
264, 92
264, 93
264, 94
264, 95
264, 96
264, 97
264, 98
264, 99
264, 100
264, 101
264, 102
264, 103
264, 104
264, 105
264, 106
264, 107
264, 108
264, 109
264, 110
264, 111
264, 112
264, 113
264, 114
264, 115
264, 116
264, 117
264, 118
264, 119
264, 120
264, 121
264, 122
264, 123
264, 124
264, 125
264, 126
264, 127
264, 128
264, 129
264, 130
264, 131
265, 64
265, 65
265, 66
265, 67
265, 68
265, 69
265, 70
265, 71
265, 72
265, 73
265, 74
265, 75
265, 76
265, 77
265, 78
265, 79
265, 80
265, 81
265, 82
265, 83
265, 84
265, 85
265, 86
265, 87
265, 88
265, 89
265, 90
265, 91
265, 92
265, 93
265, 94
265, 95
265, 96
265, 97
265, 98
265, 99
265, 100
265, 101
265, 102
265, 103
265, 104
265, 105
265, 106
265, 107
265, 108
265, 109
265, 110
265, 111
265, 112
265, 113
265, 114
265, 115
265, 116
265, 117
265, 118
265, 119
265, 120
265, 121
265, 122
265, 123
265, 124
265, 125
265, 126
265, 127
265, 128
265, 129
265, 130
265, 131
266, 63
266, 64
266, 65
266, 66
266, 67
266, 68
266, 69
266, 70
266, 71
266, 72
266, 73
266, 74
266, 75
266, 76
266, 77
266, 78
266, 79
266, 80
266, 81
266, 82
266, 83
266, 84
266, 85
266, 86
266, 87
266, 88
266, 89
266, 90
266, 91
266, 92
266, 93
266, 94
266, 95
266, 96
266, 97
266, 98
266, 99
266, 100
266, 101
266, 102
266, 103
266, 104
266, 105
266, 106
266, 107
266, 108
266, 109
266, 110
266, 111
266, 112
266, 113
266, 114
266, 115
266, 116
266, 117
266, 118
266, 119
266, 120
266, 121
266, 122
266, 123
266, 124
266, 125
266, 126
266, 127
266, 128
266, 129
266, 130
266, 131
267, 63
267, 64
267, 65
267, 66
267, 67
267, 68
267, 69
267, 70
267, 71
267, 72
267, 73
267, 74
267, 75
267, 76
267, 77
267, 78
267, 79
267, 80
267, 81
267, 82
267, 83
267, 84
267, 85
267, 86
267, 87
267, 88
267, 89
267, 90
267, 91
267, 92
267, 93
267, 94
267, 95
267, 96
267, 97
267, 98
267, 99
267, 100
267, 101
267, 102
267, 103
267, 104
267, 105
267, 106
267, 107
267, 108
267, 109
267, 110
267, 111
267, 112
267, 113
267, 114
267, 115
267, 116
267, 117
267, 118
267, 119
267, 120
267, 121
267, 122
267, 123
267, 124
267, 125
267, 126
267, 127
267, 128
267, 129
267, 130
267, 131
267, 132
268, 62
268, 63
268, 64
268, 65
268, 66
268, 67
268, 68
268, 69
268, 70
268, 71
268, 72
268, 73
268, 74
268, 75
268, 76
268, 77
268, 78
268, 79
268, 80
268, 81
268, 82
268, 83
268, 84
268, 85
268, 86
268, 87
268, 88
268, 89
268, 90
268, 91
268, 92
268, 93
268, 94
268, 95
268, 96
268, 97
268, 98
268, 99
268, 100
268, 101
268, 102
268, 103
268, 104
268, 105
268, 106
268, 107
268, 108
268, 109
268, 110
268, 111
268, 112
268, 113
268, 114
268, 115
268, 116
268, 117
268, 118
268, 119
268, 120
268, 121
268, 122
268, 123
268, 124
268, 125
268, 126
268, 127
268, 128
268, 129
268, 130
268, 131
268, 132
269, 61
269, 62
269, 63
269, 64
269, 65
269, 66
269, 67
269, 68
269, 69
269, 70
269, 71
269, 72
269, 73
269, 74
269, 75
269, 76
269, 77
269, 78
269, 79
269, 80
269, 81
269, 82
269, 83
269, 84
269, 85
269, 86
269, 87
269, 88
269, 89
269, 90
269, 91
269, 92
269, 93
269, 94
269, 95
269, 96
269, 97
269, 98
269, 99
269, 100
269, 101
269, 102
269, 103
269, 104
269, 105
269, 106
269, 107
269, 108
269, 109
269, 110
269, 111
269, 112
269, 113
269, 114
269, 115
269, 116
269, 117
269, 118
269, 119
269, 120
269, 121
269, 122
269, 123
269, 124
269, 125
269, 126
269, 127
269, 128
269, 129
269, 130
269, 131
269, 132
270, 61
270, 62
270, 63
270, 64
270, 65
270, 66
270, 67
270, 68
270, 69
270, 70
270, 71
270, 72
270, 73
270, 74
270, 75
270, 76
270, 77
270, 78
270, 79
270, 80
270, 81
270, 82
270, 83
270, 84
270, 85
270, 86
270, 87
270, 88
270, 89
270, 90
270, 91
270, 92
270, 93
270, 94
270, 95
270, 96
270, 97
270, 98
270, 99
270, 100
270, 101
270, 102
270, 103
270, 104
270, 105
270, 106
270, 107
270, 108
270, 109
270, 110
270, 111
270, 112
270, 113
270, 114
270, 115
270, 116
270, 117
270, 118
270, 119
270, 120
270, 121
270, 122
270, 123
270, 124
270, 125
270, 126
270, 127
270, 128
270, 129
270, 130
270, 131
270, 132
271, 60
271, 61
271, 62
271, 63
271, 64
271, 65
271, 66
271, 67
271, 68
271, 69
271, 70
271, 71
271, 72
271, 73
271, 74
271, 75
271, 76
271, 77
271, 78
271, 79
271, 80
271, 81
271, 82
271, 83
271, 84
271, 85
271, 86
271, 87
271, 88
271, 89
271, 90
271, 91
271, 92
271, 93
271, 94
271, 95
271, 96
271, 97
271, 98
271, 99
271, 100
271, 101
271, 102
271, 103
271, 104
271, 105
271, 106
271, 107
271, 108
271, 109
271, 110
271, 111
271, 112
271, 113
271, 114
271, 115
271, 116
271, 117
271, 118
271, 119
271, 120
271, 121
271, 122
271, 123
271, 124
271, 125
271, 126
271, 127
271, 128
271, 129
271, 130
271, 131
271, 132
272, 60
272, 61
272, 62
272, 63
272, 64
272, 65
272, 66
272, 67
272, 68
272, 69
272, 70
272, 71
272, 72
272, 73
272, 74
272, 75
272, 76
272, 77
272, 78
272, 79
272, 80
272, 81
272, 82
272, 83
272, 84
272, 85
272, 86
272, 87
272, 88
272, 89
272, 90
272, 91
272, 92
272, 93
272, 94
272, 95
272, 96
272, 97
272, 98
272, 99
272, 100
272, 101
272, 102
272, 103
272, 104
272, 105
272, 106
272, 107
272, 108
272, 109
272, 110
272, 111
272, 112
272, 113
272, 114
272, 115
272, 116
272, 117
272, 118
272, 119
272, 120
272, 121
272, 122
272, 123
272, 124
272, 125
272, 126
272, 127
272, 128
272, 129
272, 130
272, 131
272, 132
273, 60
273, 61
273, 62
273, 63
273, 64
273, 65
273, 66
273, 67
273, 68
273, 69
273, 70
273, 71
273, 72
273, 73
273, 74
273, 75
273, 76
273, 77
273, 78
273, 79
273, 80
273, 81
273, 82
273, 83
273, 84
273, 85
273, 86
273, 87
273, 88
273, 89
273, 90
273, 91
273, 92
273, 93
273, 94
273, 95
273, 96
273, 97
273, 98
273, 99
273, 100
273, 101
273, 102
273, 103
273, 104
273, 105
273, 106
273, 107
273, 108
273, 109
273, 110
273, 111
273, 112
273, 113
273, 114
273, 115
273, 116
273, 117
273, 118
273, 119
273, 120
273, 121
273, 122
273, 123
273, 124
273, 125
273, 126
273, 127
273, 128
273, 129
273, 130
273, 131
273, 132
274, 60
274, 61
274, 62
274, 63
274, 64
274, 65
274, 66
274, 67
274, 68
274, 69
274, 70
274, 71
274, 72
274, 73
274, 74
274, 75
274, 76
274, 77
274, 78
274, 79
274, 80
274, 81
274, 82
274, 83
274, 84
274, 85
274, 86
274, 87
274, 88
274, 89
274, 90
274, 91
274, 92
274, 93
274, 94
274, 95
274, 96
274, 97
274, 98
274, 99
274, 100
274, 101
274, 102
274, 103
274, 104
274, 105
274, 106
274, 107
274, 108
274, 109
274, 110
274, 111
274, 112
274, 113
274, 114
274, 115
274, 116
274, 117
274, 118
274, 119
274, 120
274, 121
274, 122
274, 123
274, 124
274, 125
274, 126
274, 127
274, 128
274, 129
274, 130
274, 131
274, 132
274, 133
275, 61
275, 62
275, 63
275, 64
275, 65
275, 66
275, 67
275, 68
275, 69
275, 70
275, 71
275, 72
275, 73
275, 74
275, 75
275, 76
275, 77
275, 78
275, 79
275, 80
275, 81
275, 82
275, 83
275, 84
275, 85
275, 86
275, 87
275, 88
275, 89
275, 90
275, 91
275, 92
275, 93
275, 94
275, 95
275, 96
275, 97
275, 98
275, 99
275, 100
275, 101
275, 102
275, 103
275, 104
275, 105
275, 106
275, 107
275, 108
275, 109
275, 110
275, 111
275, 112
275, 113
275, 114
275, 115
275, 116
275, 117
275, 118
275, 119
275, 120
275, 121
275, 122
275, 123
275, 124
275, 125
275, 126
275, 127
275, 128
275, 129
275, 130
275, 131
275, 132
275, 133
276, 61
276, 62
276, 63
276, 64
276, 65
276, 66
276, 67
276, 68
276, 69
276, 70
276, 71
276, 72
276, 73
276, 74
276, 75
276, 76
276, 77
276, 78
276, 79
276, 80
276, 81
276, 82
276, 83
276, 84
276, 85
276, 86
276, 87
276, 88
276, 89
276, 90
276, 91
276, 92
276, 93
276, 94
276, 95
276, 96
276, 97
276, 98
276, 99
276, 100
276, 101
276, 102
276, 103
276, 104
276, 105
276, 106
276, 107
276, 108
276, 109
276, 110
276, 111
276, 112
276, 113
276, 114
276, 115
276, 116
276, 117
276, 118
276, 119
276, 120
276, 121
276, 122
276, 123
276, 124
276, 125
276, 126
276, 127
276, 128
276, 129
276, 130
276, 131
276, 132
276, 133
277, 60
277, 61
277, 62
277, 63
277, 64
277, 65
277, 66
277, 67
277, 68
277, 69
277, 70
277, 71
277, 72
277, 73
277, 74
277, 75
277, 76
277, 77
277, 78
277, 79
277, 80
277, 81
277, 82
277, 83
277, 84
277, 85
277, 86
277, 87
277, 88
277, 89
277, 90
277, 91
277, 92
277, 93
277, 94
277, 95
277, 96
277, 97
277, 98
277, 99
277, 100
277, 101
277, 102
277, 103
277, 104
277, 105
277, 106
277, 107
277, 108
277, 109
277, 110
277, 111
277, 112
277, 113
277, 114
277, 115
277, 116
277, 117
277, 118
277, 119
277, 120
277, 121
277, 122
277, 123
277, 124
277, 125
277, 126
277, 127
277, 128
277, 129
277, 130
277, 131
277, 132
277, 133
278, 60
278, 61
278, 62
278, 63
278, 64
278, 65
278, 66
278, 67
278, 68
278, 69
278, 70
278, 71
278, 72
278, 73
278, 74
278, 75
278, 76
278, 77
278, 78
278, 79
278, 80
278, 81
278, 82
278, 83
278, 84
278, 85
278, 86
278, 87
278, 88
278, 89
278, 90
278, 91
278, 92
278, 93
278, 94
278, 95
278, 96
278, 97
278, 98
278, 99
278, 100
278, 101
278, 102
278, 103
278, 104
278, 105
278, 106
278, 107
278, 108
278, 109
278, 110
278, 111
278, 112
278, 113
278, 114
278, 115
278, 116
278, 117
278, 118
278, 119
278, 120
278, 121
278, 122
278, 123
278, 124
278, 125
278, 126
278, 127
278, 128
278, 129
278, 130
278, 131
278, 132
278, 133
279, 59
279, 60
279, 61
279, 62
279, 63
279, 64
279, 65
279, 66
279, 67
279, 68
279, 69
279, 70
279, 71
279, 72
279, 73
279, 74
279, 75
279, 76
279, 77
279, 78
279, 79
279, 80
279, 81
279, 82
279, 83
279, 84
279, 85
279, 86
279, 87
279, 88
279, 89
279, 90
279, 91
279, 92
279, 93
279, 94
279, 95
279, 96
279, 97
279, 98
279, 99
279, 100
279, 101
279, 102
279, 103
279, 104
279, 105
279, 106
279, 107
279, 108
279, 109
279, 110
279, 111
279, 112
279, 113
279, 114
279, 115
279, 116
279, 117
279, 118
279, 119
279, 120
279, 121
279, 122
279, 123
279, 124
279, 125
279, 126
279, 127
279, 128
279, 129
279, 130
279, 131
279, 132
279, 133
280, 59
280, 60
280, 61
280, 62
280, 63
280, 64
280, 65
280, 66
280, 67
280, 68
280, 69
280, 70
280, 71
280, 72
280, 73
280, 74
280, 75
280, 76
280, 77
280, 78
280, 79
280, 80
280, 81
280, 82
280, 83
280, 84
280, 85
280, 86
280, 87
280, 88
280, 89
280, 90
280, 91
280, 92
280, 93
280, 94
280, 95
280, 96
280, 97
280, 98
280, 99
280, 100
280, 101
280, 102
280, 103
280, 104
280, 105
280, 106
280, 107
280, 108
280, 109
280, 110
280, 111
280, 112
280, 113
280, 114
280, 115
280, 116
280, 117
280, 118
280, 119
280, 120
280, 121
280, 122
280, 123
280, 124
280, 125
280, 126
280, 127
280, 128
280, 129
280, 130
280, 131
280, 132
280, 133
281, 59
281, 60
281, 61
281, 62
281, 63
281, 64
281, 65
281, 66
281, 67
281, 68
281, 69
281, 70
281, 71
281, 72
281, 73
281, 74
281, 75
281, 76
281, 77
281, 78
281, 79
281, 80
281, 81
281, 82
281, 83
281, 84
281, 85
281, 86
281, 87
281, 88
281, 89
281, 90
281, 91
281, 92
281, 93
281, 94
281, 95
281, 96
281, 97
281, 98
281, 99
281, 100
281, 101
281, 102
281, 103
281, 104
281, 105
281, 106
281, 107
281, 108
281, 109
281, 110
281, 111
281, 112
281, 113
281, 114
281, 115
281, 116
281, 117
281, 118
281, 119
281, 120
281, 121
281, 122
281, 123
281, 124
281, 125
281, 126
281, 127
281, 128
281, 129
281, 130
281, 131
281, 132
281, 133
281, 134
282, 58
282, 59
282, 60
282, 61
282, 62
282, 63
282, 64
282, 65
282, 66
282, 67
282, 68
282, 69
282, 70
282, 71
282, 72
282, 73
282, 74
282, 75
282, 76
282, 77
282, 78
282, 79
282, 80
282, 81
282, 82
282, 83
282, 84
282, 85
282, 86
282, 87
282, 88
282, 89
282, 90
282, 91
282, 92
282, 93
282, 94
282, 95
282, 96
282, 97
282, 98
282, 99
282, 100
282, 101
282, 102
282, 103
282, 104
282, 105
282, 106
282, 107
282, 108
282, 109
282, 110
282, 111
282, 112
282, 113
282, 114
282, 115
282, 116
282, 117
282, 118
282, 119
282, 120
282, 121
282, 122
282, 123
282, 124
282, 125
282, 126
282, 127
282, 128
282, 129
282, 130
282, 131
282, 132
282, 133
282, 134
283, 58
283, 59
283, 60
283, 61
283, 62
283, 63
283, 64
283, 65
283, 66
283, 67
283, 68
283, 69
283, 70
283, 71
283, 72
283, 73
283, 74
283, 75
283, 76
283, 77
283, 78
283, 79
283, 80
283, 81
283, 82
283, 83
283, 84
283, 85
283, 86
283, 87
283, 88
283, 89
283, 90
283, 91
283, 92
283, 93
283, 94
283, 95
283, 96
283, 97
283, 98
283, 99
283, 100
283, 101
283, 102
283, 103
283, 104
283, 105
283, 106
283, 107
283, 108
283, 109
283, 110
283, 111
283, 112
283, 113
283, 114
283, 115
283, 116
283, 117
283, 118
283, 119
283, 120
283, 121
283, 122
283, 123
283, 124
283, 125
283, 126
283, 127
283, 128
283, 129
283, 130
283, 131
283, 132
283, 133
283, 134
284, 58
284, 59
284, 60
284, 61
284, 62
284, 63
284, 64
284, 65
284, 66
284, 67
284, 68
284, 69
284, 70
284, 71
284, 72
284, 73
284, 74
284, 75
284, 76
284, 77
284, 78
284, 79
284, 80
284, 81
284, 82
284, 83
284, 84
284, 85
284, 86
284, 87
284, 88
284, 89
284, 90
284, 91
284, 92
284, 93
284, 94
284, 95
284, 96
284, 97
284, 98
284, 99
284, 100
284, 101
284, 102
284, 103
284, 104
284, 105
284, 106
284, 107
284, 108
284, 109
284, 110
284, 111
284, 112
284, 113
284, 114
284, 115
284, 116
284, 117
284, 118
284, 119
284, 120
284, 121
284, 122
284, 123
284, 124
284, 125
284, 126
284, 127
284, 128
284, 129
284, 130
284, 131
284, 132
284, 133
284, 134
285, 58
285, 59
285, 60
285, 61
285, 62
285, 63
285, 64
285, 65
285, 66
285, 67
285, 68
285, 69
285, 70
285, 71
285, 72
285, 73
285, 74
285, 75
285, 76
285, 77
285, 78
285, 79
285, 80
285, 81
285, 82
285, 83
285, 84
285, 85
285, 86
285, 87
285, 88
285, 89
285, 90
285, 91
285, 92
285, 93
285, 94
285, 95
285, 96
285, 97
285, 98
285, 99
285, 100
285, 101
285, 102
285, 103
285, 104
285, 105
285, 106
285, 107
285, 108
285, 109
285, 110
285, 111
285, 112
285, 113
285, 114
285, 115
285, 116
285, 117
285, 118
285, 119
285, 120
285, 121
285, 122
285, 123
285, 124
285, 125
285, 126
285, 127
285, 128
285, 129
285, 130
285, 131
285, 132
285, 133
285, 134
286, 58
286, 59
286, 60
286, 61
286, 62
286, 63
286, 64
286, 65
286, 66
286, 67
286, 68
286, 69
286, 70
286, 71
286, 72
286, 73
286, 74
286, 75
286, 76
286, 77
286, 78
286, 79
286, 80
286, 81
286, 82
286, 83
286, 84
286, 85
286, 86
286, 87
286, 88
286, 89
286, 90
286, 91
286, 92
286, 93
286, 94
286, 95
286, 96
286, 97
286, 98
286, 99
286, 100
286, 101
286, 102
286, 103
286, 104
286, 105
286, 106
286, 107
286, 108
286, 109
286, 110
286, 111
286, 112
286, 113
286, 114
286, 115
286, 116
286, 117
286, 118
286, 119
286, 120
286, 121
286, 122
286, 123
286, 124
286, 125
286, 126
286, 127
286, 128
286, 129
286, 130
286, 131
286, 132
286, 133
286, 134
286, 135
287, 58
287, 59
287, 60
287, 61
287, 62
287, 63
287, 64
287, 65
287, 66
287, 67
287, 68
287, 69
287, 70
287, 71
287, 72
287, 73
287, 74
287, 75
287, 76
287, 77
287, 78
287, 79
287, 80
287, 81
287, 82
287, 83
287, 84
287, 85
287, 86
287, 87
287, 88
287, 89
287, 90
287, 91
287, 92
287, 93
287, 94
287, 95
287, 96
287, 97
287, 98
287, 99
287, 100
287, 101
287, 102
287, 103
287, 104
287, 105
287, 106
287, 107
287, 108
287, 109
287, 110
287, 111
287, 112
287, 113
287, 114
287, 115
287, 116
287, 117
287, 118
287, 119
287, 120
287, 121
287, 122
287, 123
287, 124
287, 125
287, 126
287, 127
287, 128
287, 129
287, 130
287, 131
287, 132
287, 133
287, 134
287, 135
288, 58
288, 59
288, 60
288, 61
288, 62
288, 63
288, 64
288, 65
288, 66
288, 67
288, 68
288, 69
288, 70
288, 71
288, 72
288, 73
288, 74
288, 75
288, 76
288, 77
288, 78
288, 79
288, 80
288, 81
288, 82
288, 83
288, 84
288, 85
288, 86
288, 87
288, 88
288, 89
288, 90
288, 91
288, 92
288, 93
288, 94
288, 95
288, 96
288, 97
288, 98
288, 99
288, 100
288, 101
288, 102
288, 103
288, 104
288, 105
288, 106
288, 107
288, 108
288, 109
288, 110
288, 111
288, 112
288, 113
288, 114
288, 115
288, 116
288, 117
288, 118
288, 119
288, 120
288, 121
288, 122
288, 123
288, 124
288, 125
288, 126
288, 127
288, 128
288, 129
288, 130
288, 131
288, 132
288, 133
288, 134
288, 135
289, 58
289, 59
289, 60
289, 61
289, 62
289, 63
289, 64
289, 65
289, 66
289, 67
289, 68
289, 69
289, 70
289, 71
289, 72
289, 73
289, 74
289, 75
289, 76
289, 77
289, 78
289, 79
289, 80
289, 81
289, 82
289, 83
289, 84
289, 85
289, 86
289, 87
289, 88
289, 89
289, 90
289, 91
289, 92
289, 93
289, 94
289, 95
289, 96
289, 97
289, 98
289, 99
289, 100
289, 101
289, 102
289, 103
289, 104
289, 105
289, 106
289, 107
289, 108
289, 109
289, 110
289, 111
289, 112
289, 113
289, 114
289, 115
289, 116
289, 117
289, 118
289, 119
289, 120
289, 121
289, 122
289, 123
289, 124
289, 125
289, 126
289, 127
289, 128
289, 129
289, 130
289, 131
289, 132
289, 133
289, 134
289, 135
290, 58
290, 59
290, 60
290, 61
290, 62
290, 63
290, 64
290, 65
290, 66
290, 67
290, 68
290, 69
290, 70
290, 71
290, 72
290, 73
290, 74
290, 75
290, 76
290, 77
290, 78
290, 79
290, 80
290, 81
290, 82
290, 83
290, 84
290, 85
290, 86
290, 87
290, 88
290, 89
290, 90
290, 91
290, 92
290, 93
290, 94
290, 95
290, 96
290, 97
290, 98
290, 99
290, 100
290, 101
290, 102
290, 103
290, 104
290, 105
290, 106
290, 107
290, 108
290, 109
290, 110
290, 111
290, 112
290, 113
290, 114
290, 115
290, 116
290, 117
290, 118
290, 119
290, 120
290, 121
290, 122
290, 123
290, 124
290, 125
290, 126
290, 127
290, 128
290, 129
290, 130
290, 131
290, 132
290, 133
290, 134
290, 135
290, 136
291, 58
291, 59
291, 60
291, 61
291, 62
291, 63
291, 64
291, 65
291, 66
291, 67
291, 68
291, 69
291, 70
291, 71
291, 72
291, 73
291, 74
291, 75
291, 76
291, 77
291, 78
291, 79
291, 80
291, 81
291, 82
291, 83
291, 84
291, 85
291, 86
291, 87
291, 88
291, 89
291, 90
291, 91
291, 92
291, 93
291, 94
291, 95
291, 96
291, 97
291, 98
291, 99
291, 100
291, 101
291, 102
291, 103
291, 104
291, 105
291, 106
291, 107
291, 108
291, 109
291, 110
291, 111
291, 112
291, 113
291, 114
291, 115
291, 116
291, 117
291, 118
291, 119
291, 120
291, 121
291, 122
291, 123
291, 124
291, 125
291, 126
291, 127
291, 128
291, 129
291, 130
291, 131
291, 132
291, 133
291, 134
291, 135
291, 136
292, 58
292, 59
292, 60
292, 61
292, 62
292, 63
292, 64
292, 65
292, 66
292, 67
292, 68
292, 69
292, 70
292, 71
292, 72
292, 73
292, 74
292, 75
292, 76
292, 77
292, 78
292, 79
292, 80
292, 81
292, 82
292, 83
292, 84
292, 85
292, 86
292, 87
292, 88
292, 89
292, 90
292, 91
292, 92
292, 93
292, 94
292, 95
292, 96
292, 97
292, 98
292, 99
292, 100
292, 101
292, 102
292, 103
292, 104
292, 105
292, 106
292, 107
292, 108
292, 109
292, 110
292, 111
292, 112
292, 113
292, 114
292, 115
292, 116
292, 117
292, 118
292, 119
292, 120
292, 121
292, 122
292, 123
292, 124
292, 125
292, 126
292, 127
292, 128
292, 129
292, 130
292, 131
292, 132
292, 133
292, 134
292, 135
292, 136
293, 58
293, 59
293, 60
293, 61
293, 62
293, 63
293, 64
293, 65
293, 66
293, 67
293, 68
293, 69
293, 70
293, 71
293, 72
293, 73
293, 74
293, 75
293, 76
293, 77
293, 78
293, 79
293, 80
293, 81
293, 82
293, 83
293, 84
293, 85
293, 86
293, 87
293, 88
293, 89
293, 90
293, 91
293, 92
293, 93
293, 94
293, 95
293, 96
293, 97
293, 98
293, 99
293, 100
293, 101
293, 102
293, 103
293, 104
293, 105
293, 106
293, 107
293, 108
293, 109
293, 110
293, 111
293, 112
293, 113
293, 114
293, 115
293, 116
293, 117
293, 118
293, 119
293, 120
293, 121
293, 122
293, 123
293, 124
293, 125
293, 126
293, 127
293, 128
293, 129
293, 130
293, 131
293, 132
293, 133
293, 134
293, 135
293, 136
294, 58
294, 59
294, 60
294, 61
294, 62
294, 63
294, 64
294, 65
294, 66
294, 67
294, 68
294, 69
294, 70
294, 71
294, 72
294, 73
294, 74
294, 75
294, 76
294, 77
294, 78
294, 79
294, 80
294, 81
294, 82
294, 83
294, 84
294, 85
294, 86
294, 87
294, 88
294, 89
294, 90
294, 91
294, 92
294, 93
294, 94
294, 95
294, 96
294, 97
294, 98
294, 99
294, 100
294, 101
294, 102
294, 103
294, 104
294, 105
294, 106
294, 107
294, 108
294, 109
294, 110
294, 111
294, 112
294, 113
294, 114
294, 115
294, 116
294, 117
294, 118
294, 119
294, 120
294, 121
294, 122
294, 123
294, 124
294, 125
294, 126
294, 127
294, 128
294, 129
294, 130
294, 131
294, 132
294, 133
294, 134
294, 135
294, 136
295, 57
295, 58
295, 59
295, 60
295, 61
295, 62
295, 63
295, 64
295, 65
295, 66
295, 67
295, 68
295, 69
295, 70
295, 71
295, 72
295, 73
295, 74
295, 75
295, 76
295, 77
295, 78
295, 79
295, 80
295, 81
295, 82
295, 83
295, 84
295, 85
295, 86
295, 87
295, 88
295, 89
295, 90
295, 91
295, 92
295, 93
295, 94
295, 95
295, 96
295, 97
295, 98
295, 99
295, 100
295, 101
295, 102
295, 103
295, 104
295, 105
295, 106
295, 107
295, 108
295, 109
295, 110
295, 111
295, 112
295, 113
295, 114
295, 115
295, 116
295, 117
295, 118
295, 119
295, 120
295, 121
295, 122
295, 123
295, 124
295, 125
295, 126
295, 127
295, 128
295, 129
295, 130
295, 131
295, 132
295, 133
295, 134
295, 135
295, 136
296, 57
296, 58
296, 59
296, 60
296, 61
296, 62
296, 63
296, 64
296, 65
296, 66
296, 67
296, 68
296, 69
296, 70
296, 71
296, 72
296, 73
296, 74
296, 75
296, 76
296, 77
296, 78
296, 79
296, 80
296, 81
296, 82
296, 83
296, 84
296, 85
296, 86
296, 87
296, 88
296, 89
296, 90
296, 91
296, 92
296, 93
296, 94
296, 95
296, 96
296, 97
296, 98
296, 99
296, 100
296, 101
296, 102
296, 103
296, 104
296, 105
296, 106
296, 107
296, 108
296, 109
296, 110
296, 111
296, 112
296, 113
296, 114
296, 115
296, 116
296, 117
296, 118
296, 119
296, 120
296, 121
296, 122
296, 123
296, 124
296, 125
296, 126
296, 127
296, 128
296, 129
296, 130
296, 131
296, 132
296, 133
296, 134
296, 135
296, 136
297, 57
297, 58
297, 59
297, 60
297, 61
297, 62
297, 63
297, 64
297, 65
297, 66
297, 67
297, 68
297, 69
297, 70
297, 71
297, 72
297, 73
297, 74
297, 75
297, 76
297, 77
297, 78
297, 79
297, 80
297, 81
297, 82
297, 83
297, 84
297, 85
297, 86
297, 87
297, 88
297, 89
297, 90
297, 91
297, 92
297, 93
297, 94
297, 95
297, 96
297, 97
297, 98
297, 99
297, 100
297, 101
297, 102
297, 103
297, 104
297, 105
297, 106
297, 107
297, 108
297, 109
297, 110
297, 111
297, 112
297, 113
297, 114
297, 115
297, 116
297, 117
297, 118
297, 119
297, 120
297, 121
297, 122
297, 123
297, 124
297, 125
297, 126
297, 127
297, 128
297, 129
297, 130
297, 131
297, 132
297, 133
297, 134
297, 135
297, 136
298, 57
298, 58
298, 59
298, 60
298, 61
298, 62
298, 63
298, 64
298, 65
298, 66
298, 67
298, 68
298, 69
298, 70
298, 71
298, 72
298, 73
298, 74
298, 75
298, 76
298, 77
298, 78
298, 79
298, 80
298, 81
298, 82
298, 83
298, 84
298, 85
298, 86
298, 87
298, 88
298, 89
298, 90
298, 91
298, 92
298, 93
298, 94
298, 95
298, 96
298, 97
298, 98
298, 99
298, 100
298, 101
298, 102
298, 103
298, 104
298, 105
298, 106
298, 107
298, 108
298, 109
298, 110
298, 111
298, 112
298, 113
298, 114
298, 115
298, 116
298, 117
298, 118
298, 119
298, 120
298, 121
298, 122
298, 123
298, 124
298, 125
298, 126
298, 127
298, 128
298, 129
298, 130
298, 131
298, 132
298, 133
298, 134
298, 135
298, 136
299, 57
299, 58
299, 59
299, 60
299, 61
299, 62
299, 63
299, 64
299, 65
299, 66
299, 67
299, 68
299, 69
299, 70
299, 71
299, 72
299, 73
299, 74
299, 75
299, 76
299, 77
299, 78
299, 79
299, 80
299, 81
299, 82
299, 83
299, 84
299, 85
299, 86
299, 87
299, 88
299, 89
299, 90
299, 91
299, 92
299, 93
299, 94
299, 95
299, 96
299, 97
299, 98
299, 99
299, 100
299, 101
299, 102
299, 103
299, 104
299, 105
299, 106
299, 107
299, 108
299, 109
299, 110
299, 111
299, 112
299, 113
299, 114
299, 115
299, 116
299, 117
299, 118
299, 119
299, 120
299, 121
299, 122
299, 123
299, 124
299, 125
299, 126
299, 127
299, 128
299, 129
299, 130
299, 131
299, 132
299, 133
299, 134
299, 135
299, 136
300, 57
300, 58
300, 59
300, 60
300, 61
300, 62
300, 63
300, 64
300, 65
300, 66
300, 67
300, 68
300, 69
300, 70
300, 71
300, 72
300, 73
300, 74
300, 75
300, 76
300, 77
300, 78
300, 79
300, 80
300, 81
300, 82
300, 83
300, 84
300, 85
300, 86
300, 87
300, 88
300, 89
300, 90
300, 91
300, 92
300, 93
300, 94
300, 95
300, 96
300, 97
300, 98
300, 99
300, 100
300, 101
300, 102
300, 103
300, 104
300, 105
300, 106
300, 107
300, 108
300, 109
300, 110
300, 111
300, 112
300, 113
300, 114
300, 115
300, 116
300, 117
300, 118
300, 119
300, 120
300, 121
300, 122
300, 123
300, 124
300, 125
300, 126
300, 127
300, 128
300, 129
300, 130
300, 131
300, 132
300, 133
300, 134
300, 135
300, 136
301, 57
301, 58
301, 59
301, 60
301, 61
301, 62
301, 63
301, 64
301, 65
301, 66
301, 67
301, 68
301, 69
301, 70
301, 71
301, 72
301, 73
301, 74
301, 75
301, 76
301, 77
301, 78
301, 79
301, 80
301, 81
301, 82
301, 83
301, 84
301, 85
301, 86
301, 87
301, 88
301, 89
301, 90
301, 91
301, 92
301, 93
301, 94
301, 95
301, 96
301, 97
301, 98
301, 99
301, 100
301, 101
301, 102
301, 103
301, 104
301, 105
301, 106
301, 107
301, 108
301, 109
301, 110
301, 111
301, 112
301, 113
301, 114
301, 115
301, 116
301, 117
301, 118
301, 119
301, 120
301, 121
301, 122
301, 123
301, 124
301, 125
301, 126
301, 127
301, 128
301, 129
301, 130
301, 131
301, 132
301, 133
301, 134
301, 135
301, 136
301, 137
302, 57
302, 58
302, 59
302, 60
302, 61
302, 62
302, 63
302, 64
302, 65
302, 66
302, 67
302, 68
302, 69
302, 70
302, 71
302, 72
302, 73
302, 74
302, 75
302, 76
302, 77
302, 78
302, 79
302, 80
302, 81
302, 82
302, 83
302, 84
302, 85
302, 86
302, 87
302, 88
302, 89
302, 90
302, 91
302, 92
302, 93
302, 94
302, 95
302, 96
302, 97
302, 98
302, 99
302, 100
302, 101
302, 102
302, 103
302, 104
302, 105
302, 106
302, 107
302, 108
302, 109
302, 110
302, 111
302, 112
302, 113
302, 114
302, 115
302, 116
302, 117
302, 118
302, 119
302, 120
302, 121
302, 122
302, 123
302, 124
302, 125
302, 126
302, 127
302, 128
302, 129
302, 130
302, 131
302, 132
302, 133
302, 134
302, 135
302, 136
302, 137
303, 57
303, 58
303, 59
303, 60
303, 61
303, 62
303, 63
303, 64
303, 65
303, 66
303, 67
303, 68
303, 69
303, 70
303, 71
303, 72
303, 73
303, 74
303, 75
303, 76
303, 77
303, 78
303, 79
303, 80
303, 81
303, 82
303, 83
303, 84
303, 85
303, 86
303, 87
303, 88
303, 89
303, 90
303, 91
303, 92
303, 93
303, 94
303, 95
303, 96
303, 97
303, 98
303, 99
303, 100
303, 101
303, 102
303, 103
303, 104
303, 105
303, 106
303, 107
303, 108
303, 109
303, 110
303, 111
303, 112
303, 113
303, 114
303, 115
303, 116
303, 117
303, 118
303, 119
303, 120
303, 121
303, 122
303, 123
303, 124
303, 125
303, 126
303, 127
303, 128
303, 129
303, 130
303, 131
303, 132
303, 133
303, 134
303, 135
303, 136
303, 137
304, 57
304, 58
304, 59
304, 60
304, 61
304, 62
304, 63
304, 64
304, 65
304, 66
304, 67
304, 68
304, 69
304, 70
304, 71
304, 72
304, 73
304, 74
304, 75
304, 76
304, 77
304, 78
304, 79
304, 80
304, 81
304, 82
304, 83
304, 84
304, 85
304, 86
304, 87
304, 88
304, 89
304, 90
304, 91
304, 92
304, 93
304, 94
304, 95
304, 96
304, 97
304, 98
304, 99
304, 100
304, 101
304, 102
304, 103
304, 104
304, 105
304, 106
304, 107
304, 108
304, 109
304, 110
304, 111
304, 112
304, 113
304, 114
304, 115
304, 116
304, 117
304, 118
304, 119
304, 120
304, 121
304, 122
304, 123
304, 124
304, 125
304, 126
304, 127
304, 128
304, 129
304, 130
304, 131
304, 132
304, 133
304, 134
304, 135
304, 136
304, 137
305, 57
305, 58
305, 59
305, 60
305, 61
305, 62
305, 63
305, 64
305, 65
305, 66
305, 67
305, 68
305, 69
305, 70
305, 71
305, 72
305, 73
305, 74
305, 75
305, 76
305, 77
305, 78
305, 79
305, 80
305, 81
305, 82
305, 83
305, 84
305, 85
305, 86
305, 87
305, 88
305, 89
305, 90
305, 91
305, 92
305, 93
305, 94
305, 95
305, 96
305, 97
305, 98
305, 99
305, 100
305, 101
305, 102
305, 103
305, 104
305, 105
305, 106
305, 107
305, 108
305, 109
305, 110
305, 111
305, 112
305, 113
305, 114
305, 115
305, 116
305, 117
305, 118
305, 119
305, 120
305, 121
305, 122
305, 123
305, 124
305, 125
305, 126
305, 127
305, 128
305, 129
305, 130
305, 131
305, 132
305, 133
305, 134
305, 135
305, 136
305, 137
305, 138
306, 57
306, 58
306, 59
306, 60
306, 61
306, 62
306, 63
306, 64
306, 65
306, 66
306, 67
306, 68
306, 69
306, 70
306, 71
306, 72
306, 73
306, 74
306, 75
306, 76
306, 77
306, 78
306, 79
306, 80
306, 81
306, 82
306, 83
306, 84
306, 85
306, 86
306, 87
306, 88
306, 89
306, 90
306, 91
306, 92
306, 93
306, 94
306, 95
306, 96
306, 97
306, 98
306, 99
306, 100
306, 101
306, 102
306, 103
306, 104
306, 105
306, 106
306, 107
306, 108
306, 109
306, 110
306, 111
306, 112
306, 113
306, 114
306, 115
306, 116
306, 117
306, 118
306, 119
306, 120
306, 121
306, 122
306, 123
306, 124
306, 125
306, 126
306, 127
306, 128
306, 129
306, 130
306, 131
306, 132
306, 133
306, 134
306, 135
306, 136
306, 137
306, 138
307, 57
307, 58
307, 59
307, 60
307, 61
307, 62
307, 63
307, 64
307, 65
307, 66
307, 67
307, 68
307, 69
307, 70
307, 71
307, 72
307, 73
307, 74
307, 75
307, 76
307, 77
307, 78
307, 79
307, 80
307, 81
307, 82
307, 83
307, 84
307, 85
307, 86
307, 87
307, 88
307, 89
307, 90
307, 91
307, 92
307, 93
307, 94
307, 95
307, 96
307, 97
307, 98
307, 99
307, 100
307, 101
307, 102
307, 103
307, 104
307, 105
307, 106
307, 107
307, 108
307, 109
307, 110
307, 111
307, 112
307, 113
307, 114
307, 115
307, 116
307, 117
307, 118
307, 119
307, 120
307, 121
307, 122
307, 123
307, 124
307, 125
307, 126
307, 127
307, 128
307, 129
307, 130
307, 131
307, 132
307, 133
307, 134
307, 135
307, 136
307, 137
307, 138
308, 57
308, 58
308, 59
308, 60
308, 61
308, 62
308, 63
308, 64
308, 65
308, 66
308, 67
308, 68
308, 69
308, 70
308, 71
308, 72
308, 73
308, 74
308, 75
308, 76
308, 77
308, 78
308, 79
308, 80
308, 81
308, 82
308, 83
308, 84
308, 85
308, 86
308, 87
308, 88
308, 89
308, 90
308, 91
308, 92
308, 93
308, 94
308, 95
308, 96
308, 97
308, 98
308, 99
308, 100
308, 101
308, 102
308, 103
308, 104
308, 105
308, 106
308, 107
308, 108
308, 109
308, 110
308, 111
308, 112
308, 113
308, 114
308, 115
308, 116
308, 117
308, 118
308, 119
308, 120
308, 121
308, 122
308, 123
308, 124
308, 125
308, 126
308, 127
308, 128
308, 129
308, 130
308, 131
308, 132
308, 133
308, 134
308, 135
308, 136
308, 137
308, 138
309, 57
309, 58
309, 59
309, 60
309, 61
309, 62
309, 63
309, 64
309, 65
309, 66
309, 67
309, 68
309, 69
309, 70
309, 71
309, 72
309, 73
309, 74
309, 75
309, 76
309, 77
309, 78
309, 79
309, 80
309, 81
309, 82
309, 83
309, 84
309, 85
309, 86
309, 87
309, 88
309, 89
309, 90
309, 91
309, 92
309, 93
309, 94
309, 95
309, 96
309, 97
309, 98
309, 99
309, 100
309, 101
309, 102
309, 103
309, 104
309, 105
309, 106
309, 107
309, 108
309, 109
309, 110
309, 111
309, 112
309, 113
309, 114
309, 115
309, 116
309, 117
309, 118
309, 119
309, 120
309, 121
309, 122
309, 123
309, 124
309, 125
309, 126
309, 127
309, 128
309, 129
309, 130
309, 131
309, 132
309, 133
309, 134
309, 135
309, 136
309, 137
309, 138
310, 57
310, 58
310, 59
310, 60
310, 61
310, 62
310, 63
310, 64
310, 65
310, 66
310, 67
310, 68
310, 69
310, 70
310, 71
310, 72
310, 73
310, 74
310, 75
310, 76
310, 77
310, 78
310, 79
310, 80
310, 81
310, 82
310, 83
310, 84
310, 85
310, 86
310, 87
310, 88
310, 89
310, 90
310, 91
310, 92
310, 93
310, 94
310, 95
310, 96
310, 97
310, 98
310, 99
310, 100
310, 101
310, 102
310, 103
310, 104
310, 105
310, 106
310, 107
310, 108
310, 109
310, 110
310, 111
310, 112
310, 113
310, 114
310, 115
310, 116
310, 117
310, 118
310, 119
310, 120
310, 121
310, 122
310, 123
310, 124
310, 125
310, 126
310, 127
310, 128
310, 129
310, 130
310, 131
310, 132
310, 133
310, 134
310, 135
310, 136
310, 137
310, 138
311, 57
311, 58
311, 59
311, 60
311, 61
311, 62
311, 63
311, 64
311, 65
311, 66
311, 67
311, 68
311, 69
311, 70
311, 71
311, 72
311, 73
311, 74
311, 75
311, 76
311, 77
311, 78
311, 79
311, 80
311, 81
311, 82
311, 83
311, 84
311, 85
311, 86
311, 87
311, 88
311, 89
311, 90
311, 91
311, 92
311, 93
311, 94
311, 95
311, 96
311, 97
311, 98
311, 99
311, 100
311, 101
311, 102
311, 103
311, 104
311, 105
311, 106
311, 107
311, 108
311, 109
311, 110
311, 111
311, 112
311, 113
311, 114
311, 115
311, 116
311, 117
311, 118
311, 119
311, 120
311, 121
311, 122
311, 123
311, 124
311, 125
311, 126
311, 127
311, 128
311, 129
311, 130
311, 131
311, 132
311, 133
311, 134
311, 135
311, 136
311, 137
311, 138
311, 139
312, 57
312, 58
312, 59
312, 60
312, 61
312, 62
312, 63
312, 64
312, 65
312, 66
312, 67
312, 68
312, 69
312, 70
312, 71
312, 72
312, 73
312, 74
312, 75
312, 76
312, 77
312, 78
312, 79
312, 80
312, 81
312, 82
312, 83
312, 84
312, 85
312, 86
312, 87
312, 88
312, 89
312, 90
312, 91
312, 92
312, 93
312, 94
312, 95
312, 96
312, 97
312, 98
312, 99
312, 100
312, 101
312, 102
312, 103
312, 104
312, 105
312, 106
312, 107
312, 108
312, 109
312, 110
312, 111
312, 112
312, 113
312, 114
312, 115
312, 116
312, 117
312, 118
312, 119
312, 120
312, 121
312, 122
312, 123
312, 124
312, 125
312, 126
312, 127
312, 128
312, 129
312, 130
312, 131
312, 132
312, 133
312, 134
312, 135
312, 136
312, 137
312, 138
312, 139
313, 57
313, 58
313, 59
313, 60
313, 61
313, 62
313, 63
313, 64
313, 65
313, 66
313, 67
313, 68
313, 69
313, 70
313, 71
313, 72
313, 73
313, 74
313, 75
313, 76
313, 77
313, 78
313, 79
313, 80
313, 81
313, 82
313, 83
313, 84
313, 85
313, 86
313, 87
313, 88
313, 89
313, 90
313, 91
313, 92
313, 93
313, 94
313, 95
313, 96
313, 97
313, 98
313, 99
313, 100
313, 101
313, 102
313, 103
313, 104
313, 105
313, 106
313, 107
313, 108
313, 109
313, 110
313, 111
313, 112
313, 113
313, 114
313, 115
313, 116
313, 117
313, 118
313, 119
313, 120
313, 121
313, 122
313, 123
313, 124
313, 125
313, 126
313, 127
313, 128
313, 129
313, 130
313, 131
313, 132
313, 133
313, 134
313, 135
313, 136
313, 137
313, 138
313, 139
314, 57
314, 58
314, 59
314, 60
314, 61
314, 62
314, 63
314, 64
314, 65
314, 66
314, 67
314, 68
314, 69
314, 70
314, 71
314, 72
314, 73
314, 74
314, 75
314, 76
314, 77
314, 78
314, 79
314, 80
314, 81
314, 82
314, 83
314, 84
314, 85
314, 86
314, 87
314, 88
314, 89
314, 90
314, 91
314, 92
314, 93
314, 94
314, 95
314, 96
314, 97
314, 98
314, 99
314, 100
314, 101
314, 102
314, 103
314, 104
314, 105
314, 106
314, 107
314, 108
314, 109
314, 110
314, 111
314, 112
314, 113
314, 114
314, 115
314, 116
314, 117
314, 118
314, 119
314, 120
314, 121
314, 122
314, 123
314, 124
314, 125
314, 126
314, 127
314, 128
314, 129
314, 130
314, 131
314, 132
314, 133
314, 134
314, 135
314, 136
314, 137
314, 138
314, 139
315, 57
315, 58
315, 59
315, 60
315, 61
315, 62
315, 63
315, 64
315, 65
315, 66
315, 67
315, 68
315, 69
315, 70
315, 71
315, 72
315, 73
315, 74
315, 75
315, 76
315, 77
315, 78
315, 79
315, 80
315, 81
315, 82
315, 83
315, 84
315, 85
315, 86
315, 87
315, 88
315, 89
315, 90
315, 91
315, 92
315, 93
315, 94
315, 95
315, 96
315, 97
315, 98
315, 99
315, 100
315, 101
315, 102
315, 103
315, 104
315, 105
315, 106
315, 107
315, 108
315, 109
315, 110
315, 111
315, 112
315, 113
315, 114
315, 115
315, 116
315, 117
315, 118
315, 119
315, 120
315, 121
315, 122
315, 123
315, 124
315, 125
315, 126
315, 127
315, 128
315, 129
315, 130
315, 131
315, 132
315, 133
315, 134
315, 135
315, 136
315, 137
315, 138
315, 139
316, 57
316, 58
316, 59
316, 60
316, 61
316, 62
316, 63
316, 64
316, 65
316, 66
316, 67
316, 68
316, 69
316, 70
316, 71
316, 72
316, 73
316, 74
316, 75
316, 76
316, 77
316, 78
316, 79
316, 80
316, 81
316, 82
316, 83
316, 84
316, 85
316, 86
316, 87
316, 88
316, 89
316, 90
316, 91
316, 92
316, 93
316, 94
316, 95
316, 96
316, 97
316, 98
316, 99
316, 100
316, 101
316, 102
316, 103
316, 104
316, 105
316, 106
316, 107
316, 108
316, 109
316, 110
316, 111
316, 112
316, 113
316, 114
316, 115
316, 116
316, 117
316, 118
316, 119
316, 120
316, 121
316, 122
316, 123
316, 124
316, 125
316, 126
316, 127
316, 128
316, 129
316, 130
316, 131
316, 132
316, 133
316, 134
316, 135
316, 136
316, 137
316, 138
316, 139
317, 57
317, 58
317, 59
317, 60
317, 61
317, 62
317, 63
317, 64
317, 65
317, 66
317, 67
317, 68
317, 69
317, 70
317, 71
317, 72
317, 73
317, 74
317, 75
317, 76
317, 77
317, 78
317, 79
317, 80
317, 81
317, 82
317, 83
317, 84
317, 85
317, 86
317, 87
317, 88
317, 89
317, 90
317, 91
317, 92
317, 93
317, 94
317, 95
317, 96
317, 97
317, 98
317, 99
317, 100
317, 101
317, 102
317, 103
317, 104
317, 105
317, 106
317, 107
317, 108
317, 109
317, 110
317, 111
317, 112
317, 113
317, 114
317, 115
317, 116
317, 117
317, 118
317, 119
317, 120
317, 121
317, 122
317, 123
317, 124
317, 125
317, 126
317, 127
317, 128
317, 129
317, 130
317, 131
317, 132
317, 133
317, 134
317, 135
317, 136
317, 137
317, 138
317, 139
318, 57
318, 58
318, 59
318, 60
318, 61
318, 62
318, 63
318, 64
318, 65
318, 66
318, 67
318, 68
318, 69
318, 70
318, 71
318, 72
318, 73
318, 74
318, 75
318, 76
318, 77
318, 78
318, 79
318, 80
318, 81
318, 82
318, 83
318, 84
318, 85
318, 86
318, 87
318, 88
318, 89
318, 90
318, 91
318, 92
318, 93
318, 94
318, 95
318, 96
318, 97
318, 98
318, 99
318, 100
318, 101
318, 102
318, 103
318, 104
318, 105
318, 106
318, 107
318, 108
318, 109
318, 110
318, 111
318, 112
318, 113
318, 114
318, 115
318, 116
318, 117
318, 118
318, 119
318, 120
318, 121
318, 122
318, 123
318, 124
318, 125
318, 126
318, 127
318, 128
318, 129
318, 130
318, 131
318, 132
318, 133
318, 134
318, 135
318, 136
318, 137
318, 138
318, 139
319, 57
319, 58
319, 59
319, 60
319, 61
319, 62
319, 63
319, 64
319, 65
319, 66
319, 67
319, 68
319, 69
319, 70
319, 71
319, 72
319, 73
319, 74
319, 75
319, 76
319, 77
319, 78
319, 79
319, 80
319, 81
319, 82
319, 83
319, 84
319, 85
319, 86
319, 87
319, 88
319, 89
319, 90
319, 91
319, 92
319, 93
319, 94
319, 95
319, 96
319, 97
319, 98
319, 99
319, 100
319, 101
319, 102
319, 103
319, 104
319, 105
319, 106
319, 107
319, 108
319, 109
319, 110
319, 111
319, 112
319, 113
319, 114
319, 115
319, 116
319, 117
319, 118
319, 119
319, 120
319, 121
319, 122
319, 123
319, 124
319, 125
319, 126
319, 127
319, 128
319, 129
319, 130
319, 131
319, 132
319, 133
319, 134
319, 135
319, 136
319, 137
319, 138
319, 139
320, 57
320, 58
320, 59
320, 60
320, 61
320, 62
320, 63
320, 64
320, 65
320, 66
320, 67
320, 68
320, 69
320, 70
320, 71
320, 72
320, 73
320, 74
320, 75
320, 76
320, 77
320, 78
320, 79
320, 80
320, 81
320, 82
320, 83
320, 84
320, 85
320, 86
320, 87
320, 88
320, 89
320, 90
320, 91
320, 92
320, 93
320, 94
320, 95
320, 96
320, 97
320, 98
320, 99
320, 100
320, 101
320, 102
320, 103
320, 104
320, 105
320, 106
320, 107
320, 108
320, 109
320, 110
320, 111
320, 112
320, 113
320, 114
320, 115
320, 116
320, 117
320, 118
320, 119
320, 120
320, 121
320, 122
320, 123
320, 124
320, 125
320, 126
320, 127
320, 128
320, 129
320, 130
320, 131
320, 132
320, 133
320, 134
320, 135
320, 136
320, 137
320, 138
320, 139
321, 57
321, 58
321, 59
321, 60
321, 61
321, 62
321, 63
321, 64
321, 65
321, 66
321, 67
321, 68
321, 69
321, 70
321, 71
321, 72
321, 73
321, 74
321, 75
321, 76
321, 77
321, 78
321, 79
321, 80
321, 81
321, 82
321, 83
321, 84
321, 85
321, 86
321, 87
321, 88
321, 89
321, 90
321, 91
321, 92
321, 93
321, 94
321, 95
321, 96
321, 97
321, 98
321, 99
321, 100
321, 101
321, 102
321, 103
321, 104
321, 105
321, 106
321, 107
321, 108
321, 109
321, 110
321, 111
321, 112
321, 113
321, 114
321, 115
321, 116
321, 117
321, 118
321, 119
321, 120
321, 121
321, 122
321, 123
321, 124
321, 125
321, 126
321, 127
321, 128
321, 129
321, 130
321, 131
321, 132
321, 133
321, 134
321, 135
321, 136
321, 137
321, 138
321, 139
322, 57
322, 58
322, 59
322, 60
322, 61
322, 62
322, 63
322, 64
322, 65
322, 66
322, 67
322, 68
322, 69
322, 70
322, 71
322, 72
322, 73
322, 74
322, 75
322, 76
322, 77
322, 78
322, 79
322, 80
322, 81
322, 82
322, 83
322, 84
322, 85
322, 86
322, 87
322, 88
322, 89
322, 90
322, 91
322, 92
322, 93
322, 94
322, 95
322, 96
322, 97
322, 98
322, 99
322, 100
322, 101
322, 102
322, 103
322, 104
322, 105
322, 106
322, 107
322, 108
322, 109
322, 110
322, 111
322, 112
322, 113
322, 114
322, 115
322, 116
322, 117
322, 118
322, 119
322, 120
322, 121
322, 122
322, 123
322, 124
322, 125
322, 126
322, 127
322, 128
322, 129
322, 130
322, 131
322, 132
322, 133
322, 134
322, 135
322, 136
322, 137
322, 138
322, 139
323, 57
323, 58
323, 59
323, 60
323, 61
323, 62
323, 63
323, 64
323, 65
323, 66
323, 67
323, 68
323, 69
323, 70
323, 71
323, 72
323, 73
323, 74
323, 75
323, 76
323, 77
323, 78
323, 79
323, 80
323, 81
323, 82
323, 83
323, 84
323, 85
323, 86
323, 87
323, 88
323, 89
323, 90
323, 91
323, 92
323, 93
323, 94
323, 95
323, 96
323, 97
323, 98
323, 99
323, 100
323, 101
323, 102
323, 103
323, 104
323, 105
323, 106
323, 107
323, 108
323, 109
323, 110
323, 111
323, 112
323, 113
323, 114
323, 115
323, 116
323, 117
323, 118
323, 119
323, 120
323, 121
323, 122
323, 123
323, 124
323, 125
323, 126
323, 127
323, 128
323, 129
323, 130
323, 131
323, 132
323, 133
323, 134
323, 135
323, 136
323, 137
323, 138
323, 139
324, 57
324, 58
324, 59
324, 60
324, 61
324, 62
324, 63
324, 64
324, 65
324, 66
324, 67
324, 68
324, 69
324, 70
324, 71
324, 72
324, 73
324, 74
324, 75
324, 76
324, 77
324, 78
324, 79
324, 80
324, 81
324, 82
324, 83
324, 84
324, 85
324, 86
324, 87
324, 88
324, 89
324, 90
324, 91
324, 92
324, 93
324, 94
324, 95
324, 96
324, 97
324, 98
324, 99
324, 100
324, 101
324, 102
324, 103
324, 104
324, 105
324, 106
324, 107
324, 108
324, 109
324, 110
324, 111
324, 112
324, 113
324, 114
324, 115
324, 116
324, 117
324, 118
324, 119
324, 120
324, 121
324, 122
324, 123
324, 124
324, 125
324, 126
324, 127
324, 128
324, 129
324, 130
324, 131
324, 132
324, 133
324, 134
324, 135
324, 136
324, 137
324, 138
324, 139
325, 57
325, 58
325, 59
325, 60
325, 61
325, 62
325, 63
325, 64
325, 65
325, 66
325, 67
325, 68
325, 69
325, 70
325, 71
325, 72
325, 73
325, 74
325, 75
325, 76
325, 77
325, 78
325, 79
325, 80
325, 81
325, 82
325, 83
325, 84
325, 85
325, 86
325, 87
325, 88
325, 89
325, 90
325, 91
325, 92
325, 93
325, 94
325, 95
325, 96
325, 97
325, 98
325, 99
325, 100
325, 101
325, 102
325, 103
325, 104
325, 105
325, 106
325, 107
325, 108
325, 109
325, 110
325, 111
325, 112
325, 113
325, 114
325, 115
325, 116
325, 117
325, 118
325, 119
325, 120
325, 121
325, 122
325, 123
325, 124
325, 125
325, 126
325, 127
325, 128
325, 129
325, 130
325, 131
325, 132
325, 133
325, 134
325, 135
325, 136
325, 137
325, 138
325, 139
326, 57
326, 58
326, 59
326, 60
326, 61
326, 62
326, 63
326, 64
326, 65
326, 66
326, 67
326, 68
326, 69
326, 70
326, 71
326, 72
326, 73
326, 74
326, 75
326, 76
326, 77
326, 78
326, 79
326, 80
326, 81
326, 82
326, 83
326, 84
326, 85
326, 86
326, 87
326, 88
326, 89
326, 90
326, 91
326, 92
326, 93
326, 94
326, 95
326, 96
326, 97
326, 98
326, 99
326, 100
326, 101
326, 102
326, 103
326, 104
326, 105
326, 106
326, 107
326, 108
326, 109
326, 110
326, 111
326, 112
326, 113
326, 114
326, 115
326, 116
326, 117
326, 118
326, 119
326, 120
326, 121
326, 122
326, 123
326, 124
326, 125
326, 126
326, 127
326, 128
326, 129
326, 130
326, 131
326, 132
326, 133
326, 134
326, 135
326, 136
326, 137
326, 138
326, 139
326, 140
327, 57
327, 58
327, 59
327, 60
327, 61
327, 62
327, 63
327, 64
327, 65
327, 66
327, 67
327, 68
327, 69
327, 70
327, 71
327, 72
327, 73
327, 74
327, 75
327, 76
327, 77
327, 78
327, 79
327, 80
327, 81
327, 82
327, 83
327, 84
327, 85
327, 86
327, 87
327, 88
327, 89
327, 90
327, 91
327, 92
327, 93
327, 94
327, 95
327, 96
327, 97
327, 98
327, 99
327, 100
327, 101
327, 102
327, 103
327, 104
327, 105
327, 106
327, 107
327, 108
327, 109
327, 110
327, 111
327, 112
327, 113
327, 114
327, 115
327, 116
327, 117
327, 118
327, 119
327, 120
327, 121
327, 122
327, 123
327, 124
327, 125
327, 126
327, 127
327, 128
327, 129
327, 130
327, 131
327, 132
327, 133
327, 134
327, 135
327, 136
327, 137
327, 138
327, 139
327, 140
328, 57
328, 58
328, 59
328, 60
328, 61
328, 62
328, 63
328, 64
328, 65
328, 66
328, 67
328, 68
328, 69
328, 70
328, 71
328, 72
328, 73
328, 74
328, 75
328, 76
328, 77
328, 78
328, 79
328, 80
328, 81
328, 82
328, 83
328, 84
328, 85
328, 86
328, 87
328, 88
328, 89
328, 90
328, 91
328, 92
328, 93
328, 94
328, 95
328, 96
328, 97
328, 98
328, 99
328, 100
328, 101
328, 102
328, 103
328, 104
328, 105
328, 106
328, 107
328, 108
328, 109
328, 110
328, 111
328, 112
328, 113
328, 114
328, 115
328, 116
328, 117
328, 118
328, 119
328, 120
328, 121
328, 122
328, 123
328, 124
328, 125
328, 126
328, 127
328, 128
328, 129
328, 130
328, 131
328, 132
328, 133
328, 134
328, 135
328, 136
328, 137
328, 138
328, 139
328, 140
329, 58
329, 59
329, 60
329, 61
329, 62
329, 63
329, 64
329, 65
329, 66
329, 67
329, 68
329, 69
329, 70
329, 71
329, 72
329, 73
329, 74
329, 75
329, 76
329, 77
329, 78
329, 79
329, 80
329, 81
329, 82
329, 83
329, 84
329, 85
329, 86
329, 87
329, 88
329, 89
329, 90
329, 91
329, 92
329, 93
329, 94
329, 95
329, 96
329, 97
329, 98
329, 99
329, 100
329, 101
329, 102
329, 103
329, 104
329, 105
329, 106
329, 107
329, 108
329, 109
329, 110
329, 111
329, 112
329, 113
329, 114
329, 115
329, 116
329, 117
329, 118
329, 119
329, 120
329, 121
329, 122
329, 123
329, 124
329, 125
329, 126
329, 127
329, 128
329, 129
329, 130
329, 131
329, 132
329, 133
329, 134
329, 135
329, 136
329, 137
329, 138
329, 139
329, 140
330, 58
330, 59
330, 60
330, 61
330, 62
330, 63
330, 64
330, 65
330, 66
330, 67
330, 68
330, 69
330, 70
330, 71
330, 72
330, 73
330, 74
330, 75
330, 76
330, 77
330, 78
330, 79
330, 80
330, 81
330, 82
330, 83
330, 84
330, 85
330, 86
330, 87
330, 88
330, 89
330, 90
330, 91
330, 92
330, 93
330, 94
330, 95
330, 96
330, 97
330, 98
330, 99
330, 100
330, 101
330, 102
330, 103
330, 104
330, 105
330, 106
330, 107
330, 108
330, 109
330, 110
330, 111
330, 112
330, 113
330, 114
330, 115
330, 116
330, 117
330, 118
330, 119
330, 120
330, 121
330, 122
330, 123
330, 124
330, 125
330, 126
330, 127
330, 128
330, 129
330, 130
330, 131
330, 132
330, 133
330, 134
330, 135
330, 136
330, 137
330, 138
330, 139
330, 140
331, 58
331, 59
331, 60
331, 61
331, 62
331, 63
331, 64
331, 65
331, 66
331, 67
331, 68
331, 69
331, 70
331, 71
331, 72
331, 73
331, 74
331, 75
331, 76
331, 77
331, 78
331, 79
331, 80
331, 81
331, 82
331, 83
331, 84
331, 85
331, 86
331, 87
331, 88
331, 89
331, 90
331, 91
331, 92
331, 93
331, 94
331, 95
331, 96
331, 97
331, 98
331, 99
331, 100
331, 101
331, 102
331, 103
331, 104
331, 105
331, 106
331, 107
331, 108
331, 109
331, 110
331, 111
331, 112
331, 113
331, 114
331, 115
331, 116
331, 117
331, 118
331, 119
331, 120
331, 121
331, 122
331, 123
331, 124
331, 125
331, 126
331, 127
331, 128
331, 129
331, 130
331, 131
331, 132
331, 133
331, 134
331, 135
331, 136
331, 137
331, 138
331, 139
332, 58
332, 59
332, 60
332, 61
332, 62
332, 63
332, 64
332, 65
332, 66
332, 67
332, 68
332, 69
332, 70
332, 71
332, 72
332, 73
332, 74
332, 75
332, 76
332, 77
332, 78
332, 79
332, 80
332, 81
332, 82
332, 83
332, 84
332, 85
332, 86
332, 87
332, 88
332, 89
332, 90
332, 91
332, 92
332, 93
332, 94
332, 95
332, 96
332, 97
332, 98
332, 99
332, 100
332, 101
332, 102
332, 103
332, 104
332, 105
332, 106
332, 107
332, 108
332, 109
332, 110
332, 111
332, 112
332, 113
332, 114
332, 115
332, 116
332, 117
332, 118
332, 119
332, 120
332, 121
332, 122
332, 123
332, 124
332, 125
332, 126
332, 127
332, 128
332, 129
332, 130
332, 131
332, 132
332, 133
332, 134
332, 135
332, 136
332, 137
332, 138
332, 139
333, 58
333, 59
333, 60
333, 61
333, 62
333, 63
333, 64
333, 65
333, 66
333, 67
333, 68
333, 69
333, 70
333, 71
333, 72
333, 73
333, 74
333, 75
333, 76
333, 77
333, 78
333, 79
333, 80
333, 81
333, 82
333, 83
333, 84
333, 85
333, 86
333, 87
333, 88
333, 89
333, 90
333, 91
333, 92
333, 93
333, 94
333, 95
333, 96
333, 97
333, 98
333, 99
333, 100
333, 101
333, 102
333, 103
333, 104
333, 105
333, 106
333, 107
333, 108
333, 109
333, 110
333, 111
333, 112
333, 113
333, 114
333, 115
333, 116
333, 117
333, 118
333, 119
333, 120
333, 121
333, 122
333, 123
333, 124
333, 125
333, 126
333, 127
333, 128
333, 129
333, 130
333, 131
333, 132
333, 133
333, 134
333, 135
333, 136
333, 137
333, 138
333, 139
334, 58
334, 59
334, 60
334, 61
334, 62
334, 63
334, 64
334, 65
334, 66
334, 67
334, 68
334, 69
334, 70
334, 71
334, 72
334, 73
334, 74
334, 75
334, 76
334, 77
334, 78
334, 79
334, 80
334, 81
334, 82
334, 83
334, 84
334, 85
334, 86
334, 87
334, 88
334, 89
334, 90
334, 106
334, 107
334, 108
334, 109
334, 110
334, 111
334, 112
334, 113
334, 114
334, 115
334, 116
334, 117
334, 118
334, 119
334, 120
334, 121
334, 122
334, 123
334, 124
334, 125
334, 126
334, 127
334, 128
334, 129
334, 130
334, 131
334, 132
334, 133
334, 134
334, 135
334, 136
334, 137
334, 138
334, 139
335, 58
335, 59
335, 60
335, 61
335, 62
335, 63
335, 64
335, 65
335, 66
335, 67
335, 68
335, 69
335, 70
335, 71
335, 72
335, 73
335, 74
335, 75
335, 76
335, 77
335, 78
335, 79
335, 80
335, 81
335, 82
335, 83
335, 84
335, 113
335, 114
335, 115
335, 116
335, 117
335, 118
335, 119
335, 120
335, 121
335, 122
335, 123
335, 124
335, 125
335, 126
335, 127
335, 128
335, 129
335, 130
335, 131
335, 132
335, 133
335, 134
335, 135
335, 136
335, 137
335, 138
335, 139
336, 60
336, 61
336, 62
336, 63
336, 64
336, 65
336, 66
336, 67
336, 68
336, 69
336, 70
336, 71
336, 72
336, 73
336, 74
336, 75
336, 76
336, 77
336, 78
336, 79
336, 80
336, 81
336, 117
336, 118
336, 119
336, 120
336, 121
336, 122
336, 123
336, 124
336, 125
336, 126
336, 127
336, 128
336, 129
336, 130
336, 131
336, 132
336, 133
336, 134
336, 135
336, 136
336, 137
336, 138
337, 63
337, 64
337, 65
337, 66
337, 67
337, 68
337, 69
337, 70
337, 71
337, 72
337, 73
337, 74
337, 75
337, 120
337, 121
337, 122
337, 123
337, 124
337, 125
337, 126
337, 127
337, 128
337, 129
337, 130
337, 131
337, 132
337, 133
337, 134
337, 135
337, 136
337, 137
338, 67
