172, 42
172, 43
172, 44
172, 45
172, 46
172, 47
172, 48
172, 49
172, 50
172, 51
172, 52
172, 53
172, 54
172, 55
172, 56
172, 57
172, 58
172, 59
172, 60
172, 61
172, 62
172, 63
172, 64
172, 65
172, 66
172, 67
172, 68
172, 69
172, 70
172, 71
172, 72
172, 73
172, 74
172, 75
172, 76
172, 77
173, 39
173, 40
173, 41
173, 42
173, 43
173, 44
173, 45
173, 46
173, 47
173, 48
173, 49
173, 50
173, 51
173, 52
173, 53
173, 54
173, 55
173, 56
173, 57
173, 58
173, 59
173, 60
173, 61
173, 62
173, 63
173, 64
173, 65
173, 66
173, 67
173, 68
173, 69
173, 70
173, 71
173, 72
173, 73
173, 74
173, 75
173, 76
173, 77
174, 38
174, 39
174, 40
174, 41
174, 42
174, 43
174, 44
174, 45
174, 46
174, 47
174, 48
174, 49
174, 50
174, 51
174, 52
174, 53
174, 54
174, 55
174, 56
174, 57
174, 58
174, 59
174, 60
174, 61
174, 62
174, 63
174, 64
174, 65
174, 66
174, 67
174, 68
174, 69
174, 70
174, 71
174, 72
174, 73
174, 74
174, 75
174, 76
174, 77
174, 78
175, 38
175, 39
175, 40
175, 41
175, 42
175, 43
175, 44
175, 45
175, 46
175, 47
175, 48
175, 49
175, 50
175, 51
175, 52
175, 53
175, 54
175, 55
175, 56
175, 57
175, 58
175, 59
175, 60
175, 61
175, 62
175, 63
175, 64
175, 65
175, 66
175, 67
175, 68
175, 69
175, 70
175, 71
175, 72
175, 73
175, 74
175, 75
175, 76
175, 77
175, 78
176, 37
176, 38
176, 39
176, 40
176, 41
176, 42
176, 43
176, 44
176, 45
176, 46
176, 47
176, 48
176, 49
176, 50
176, 51
176, 52
176, 53
176, 54
176, 55
176, 56
176, 57
176, 58
176, 59
176, 60
176, 61
176, 62
176, 63
176, 64
176, 65
176, 66
176, 67
176, 68
176, 69
176, 70
176, 71
176, 72
176, 73
176, 74
176, 75
176, 76
176, 77
176, 78
177, 37
177, 38
177, 39
177, 40
177, 41
177, 42
177, 43
177, 44
177, 45
177, 46
177, 47
177, 48
177, 49
177, 50
177, 51
177, 52
177, 53
177, 54
177, 55
177, 56
177, 57
177, 58
177, 59
177, 60
177, 61
177, 62
177, 63
177, 64
177, 65
177, 66
177, 67
177, 68
177, 69
177, 70
177, 71
177, 72
177, 73
177, 74
177, 75
177, 76
177, 77
177, 78
178, 36
178, 37
178, 38
178, 39
178, 40
178, 41
178, 42
178, 43
178, 44
178, 45
178, 46
178, 47
178, 48
178, 49
178, 50
178, 51
178, 52
178, 53
178, 54
178, 55
178, 56
178, 57
178, 58
178, 59
178, 60
178, 61
178, 62
178, 63
178, 64
178, 65
178, 66
178, 67
178, 68
178, 69
178, 70
178, 71
178, 72
178, 73
178, 74
178, 75
178, 76
178, 77
178, 78
179, 36
179, 37
179, 38
179, 39
179, 40
179, 41
179, 42
179, 43
179, 44
179, 45
179, 46
179, 47
179, 48
179, 49
179, 50
179, 51
179, 52
179, 53
179, 54
179, 55
179, 56
179, 57
179, 58
179, 59
179, 60
179, 61
179, 62
179, 63
179, 64
179, 65
179, 66
179, 67
179, 68
179, 69
179, 70
179, 71
179, 72
179, 73
179, 74
179, 75
179, 76
179, 77
179, 78
180, 36
180, 37
180, 38
180, 39
180, 40
180, 41
180, 42
180, 43
180, 44
180, 45
180, 46
180, 47
180, 48
180, 49
180, 50
180, 51
180, 52
180, 53
180, 54
180, 55
180, 56
180, 57
180, 58
180, 59
180, 60
180, 61
180, 62
180, 63
180, 64
180, 65
180, 66
180, 67
180, 68
180, 69
180, 70
180, 71
180, 72
180, 73
180, 74
180, 75
180, 76
180, 77
180, 78
181, 36
181, 37
181, 38
181, 39
181, 40
181, 41
181, 42
181, 43
181, 44
181, 45
181, 46
181, 47
181, 48
181, 49
181, 50
181, 51
181, 52
181, 53
181, 54
181, 55
181, 56
181, 57
181, 58
181, 59
181, 60
181, 61
181, 62
181, 63
181, 64
181, 65
181, 66
181, 67
181, 68
181, 69
181, 70
181, 71
181, 72
181, 73
181, 74
181, 75
181, 76
181, 77
181, 78
182, 36
182, 37
182, 38
182, 39
182, 40
182, 41
182, 42
182, 43
182, 44
182, 45
182, 46
182, 47
182, 48
182, 49
182, 50
182, 51
182, 52
182, 53
182, 54
182, 55
182, 56
182, 57
182, 58
182, 59
182, 60
182, 61
182, 62
182, 63
182, 64
182, 65
182, 66
182, 67
182, 68
182, 69
182, 70
182, 71
182, 72
182, 73
182, 74
182, 75
182, 76
182, 77
182, 78
183, 35
183, 36
183, 37
183, 38
183, 39
183, 40
183, 41
183, 42
183, 43
183, 44
183, 45
183, 46
183, 47
183, 48
183, 49
183, 50
183, 51
183, 52
183, 53
183, 54
183, 55
183, 56
183, 57
183, 58
183, 59
183, 60
183, 61
183, 62
183, 63
183, 64
183, 65
183, 66
183, 67
183, 68
183, 69
183, 70
183, 71
183, 72
183, 73
183, 74
183, 75
183, 76
183, 77
183, 78
184, 35
184, 36
184, 37
184, 38
184, 39
184, 40
184, 41
184, 42
184, 43
184, 44
184, 45
184, 46
184, 47
184, 48
184, 49
184, 50
184, 51
184, 52
184, 53
184, 54
184, 55
184, 56
184, 57
184, 58
184, 59
184, 60
184, 61
184, 62
184, 63
184, 64
184, 65
184, 66
184, 67
184, 68
184, 69
184, 70
184, 71
184, 72
184, 73
184, 74
184, 75
184, 76
184, 77
184, 78
185, 35
185, 36
185, 37
185, 38
185, 39
185, 40
185, 41
185, 42
185, 43
185, 44
185, 45
185, 46
185, 47
185, 48
185, 49
185, 50
185, 51
185, 52
185, 53
185, 54
185, 55
185, 56
185, 57
185, 58
185, 59
185, 60
185, 61
185, 62
185, 63
185, 64
185, 65
185, 66
185, 67
185, 68
185, 69
185, 70
185, 71
185, 72
185, 73
185, 74
185, 75
185, 76
185, 77
185, 78
186, 35
186, 36
186, 37
186, 38
186, 39
186, 40
186, 41
186, 42
186, 43
186, 44
186, 45
186, 46
186, 47
186, 48
186, 49
186, 50
186, 51
186, 52
186, 53
186, 54
186, 55
186, 56
186, 57
186, 58
186, 59
186, 60
186, 61
186, 62
186, 63
186, 64
186, 65
186, 66
186, 67
186, 68
186, 69
186, 70
186, 71
186, 72
186, 73
186, 74
186, 75
186, 76
186, 77
186, 78
187, 35
187, 36
187, 37
187, 38
187, 39
187, 40
187, 41
187, 42
187, 43
187, 44
187, 45
187, 46
187, 47
187, 48
187, 49
187, 50
187, 51
187, 52
187, 53
187, 54
187, 55
187, 56
187, 57
187, 58
187, 59
187, 60
187, 61
187, 62
187, 63
187, 64
187, 65
187, 66
187, 67
187, 68
187, 69
187, 70
187, 71
187, 72
187, 73
187, 74
187, 75
187, 76
187, 77
187, 78
188, 35
188, 36
188, 37
188, 38
188, 39
188, 40
188, 41
188, 42
188, 43
188, 44
188, 45
188, 46
188, 47
188, 48
188, 49
188, 50
188, 51
188, 52
188, 53
188, 54
188, 55
188, 56
188, 57
188, 58
188, 59
188, 60
188, 61
188, 62
188, 63
188, 64
188, 65
188, 66
188, 67
188, 68
188, 69
188, 70
188, 71
188, 72
188, 73
188, 74
188, 75
188, 76
188, 77
188, 78
189, 35
189, 36
189, 37
189, 38
189, 39
189, 40
189, 41
189, 42
189, 43
189, 44
189, 45
189, 46
189, 47
189, 48
189, 49
189, 50
189, 51
189, 52
189, 53
189, 54
189, 55
189, 56
189, 57
189, 58
189, 59
189, 60
189, 61
189, 62
189, 63
189, 64
189, 65
189, 66
189, 67
189, 68
189, 69
189, 70
189, 71
189, 72
189, 73
189, 74
189, 75
189, 76
189, 77
189, 78
190, 35
190, 36
190, 37
190, 38
190, 39
190, 40
190, 41
190, 42
190, 43
190, 44
190, 45
190, 46
190, 47
190, 48
190, 49
190, 50
190, 51
190, 52
190, 53
190, 54
190, 55
190, 56
190, 57
190, 58
190, 59
190, 60
190, 61
190, 62
190, 63
190, 64
190, 65
190, 66
190, 67
190, 68
190, 69
190, 70
190, 71
190, 72
190, 73
190, 74
190, 75
190, 76
190, 77
190, 78
191, 35
191, 36
191, 37
191, 38
191, 39
191, 40
191, 41
191, 42
191, 43
191, 44
191, 45
191, 46
191, 47
191, 48
191, 49
191, 50
191, 51
191, 52
191, 53
191, 54
191, 55
191, 56
191, 57
191, 58
191, 59
191, 60
191, 61
191, 62
191, 63
191, 64
191, 65
191, 66
191, 67
191, 68
191, 69
191, 70
191, 71
191, 72
191, 73
191, 74
191, 75
191, 76
191, 77
191, 78
192, 35
192, 36
192, 37
192, 38
192, 39
192, 40
192, 41
192, 42
192, 43
192, 44
192, 45
192, 46
192, 47
192, 48
192, 49
192, 50
192, 51
192, 52
192, 53
192, 54
192, 55
192, 56
192, 57
192, 58
192, 59
192, 60
192, 61
192, 62
192, 63
192, 64
192, 65
192, 66
192, 67
192, 68
192, 69
192, 70
192, 71
192, 72
192, 73
192, 74
192, 75
192, 76
192, 77
192, 78
193, 35
193, 36
193, 37
193, 38
193, 39
193, 40
193, 41
193, 42
193, 43
193, 44
193, 45
193, 46
193, 47
193, 48
193, 49
193, 50
193, 51
193, 52
193, 53
193, 54
193, 55
193, 56
193, 57
193, 58
193, 59
193, 60
193, 61
193, 62
193, 63
193, 64
193, 65
193, 66
193, 67
193, 68
193, 69
193, 70
193, 71
193, 72
193, 73
193, 74
193, 75
193, 76
193, 77
193, 78
194, 35
194, 36
194, 37
194, 38
194, 39
194, 40
194, 41
194, 42
194, 43
194, 44
194, 45
194, 46
194, 47
194, 48
194, 49
194, 50
194, 51
194, 52
194, 53
194, 54
194, 55
194, 56
194, 57
194, 58
194, 59
194, 60
194, 61
194, 62
194, 63
194, 64
194, 65
194, 66
194, 67
194, 68
194, 69
194, 70
194, 71
194, 72
194, 73
194, 74
194, 75
194, 76
194, 77
194, 78
195, 35
195, 36
195, 37
195, 38
195, 39
195, 40
195, 41
195, 42
195, 43
195, 44
195, 45
195, 46
195, 47
195, 48
195, 49
195, 50
195, 51
195, 52
195, 53
195, 54
195, 55
195, 56
195, 57
195, 58
195, 59
195, 60
195, 61
195, 62
195, 63
195, 64
195, 65
195, 66
195, 67
195, 68
195, 69
195, 70
195, 71
195, 72
195, 73
195, 74
195, 75
195, 76
195, 77
195, 78
196, 34
196, 35
196, 36
196, 37
196, 38
196, 39
196, 40
196, 41
196, 42
196, 43
196, 44
196, 45
196, 46
196, 47
196, 48
196, 49
196, 50
196, 51
196, 52
196, 53
196, 54
196, 55
196, 56
196, 57
196, 58
196, 59
196, 60
196, 61
196, 62
196, 63
196, 64
196, 65
196, 66
196, 67
196, 68
196, 69
196, 70
196, 71
196, 72
196, 73
196, 74
196, 75
196, 76
196, 77
196, 78
197, 34
197, 35
197, 36
197, 37
197, 38
197, 39
197, 40
197, 41
197, 42
197, 43
197, 44
197, 45
197, 46
197, 47
197, 48
197, 49
197, 50
197, 51
197, 52
197, 53
197, 54
197, 55
197, 56
197, 57
197, 58
197, 59
197, 60
197, 61
197, 62
197, 63
197, 64
197, 65
197, 66
197, 67
197, 68
197, 69
197, 70
197, 71
197, 72
197, 73
197, 74
197, 75
197, 76
197, 77
197, 78
198, 34
198, 35
198, 36
198, 37
198, 38
198, 39
198, 40
198, 41
198, 42
198, 43
198, 44
198, 45
198, 46
198, 47
198, 48
198, 49
198, 50
198, 51
198, 52
198, 53
198, 54
198, 55
198, 56
198, 57
198, 58
198, 59
198, 60
198, 61
198, 62
198, 63
198, 64
198, 65
198, 66
198, 67
198, 68
198, 69
198, 70
198, 71
198, 72
198, 73
198, 74
198, 75
198, 76
198, 77
198, 78
199, 34
199, 35
199, 36
199, 37
199, 38
199, 39
199, 40
199, 41
199, 42
199, 43
199, 44
199, 45
199, 46
199, 47
199, 48
199, 49
199, 50
199, 51
199, 52
199, 53
199, 54
199, 55
199, 56
199, 57
199, 58
199, 59
199, 60
199, 61
199, 62
199, 63
199, 64
199, 65
199, 66
199, 67
199, 68
199, 69
199, 70
199, 71
199, 72
199, 73
199, 74
199, 75
199, 76
199, 77
199, 78
200, 34
200, 35
200, 36
200, 37
200, 38
200, 39
200, 40
200, 41
200, 42
200, 43
200, 44
200, 45
200, 46
200, 47
200, 48
200, 49
200, 50
200, 51
200, 52
200, 53
200, 54
200, 55
200, 56
200, 57
200, 58
200, 59
200, 60
200, 61
200, 62
200, 63
200, 64
200, 65
200, 66
200, 67
200, 68
200, 69
200, 70
200, 71
200, 72
200, 73
200, 74
200, 75
200, 76
200, 77
200, 78
201, 34
201, 35
201, 36
201, 37
201, 38
201, 39
201, 40
201, 41
201, 42
201, 43
201, 44
201, 45
201, 46
201, 47
201, 48
201, 49
201, 50
201, 51
201, 52
201, 53
201, 54
201, 55
201, 56
201, 57
201, 58
201, 59
201, 60
201, 61
201, 62
201, 63
201, 64
201, 65
201, 66
201, 67
201, 68
201, 69
201, 70
201, 71
201, 72
201, 73
201, 74
201, 75
201, 76
201, 77
201, 78
202, 34
202, 35
202, 36
202, 37
202, 38
202, 39
202, 40
202, 41
202, 42
202, 43
202, 44
202, 45
202, 46
202, 47
202, 48
202, 49
202, 50
202, 51
202, 52
202, 53
202, 54
202, 55
202, 56
202, 57
202, 58
202, 59
202, 60
202, 61
202, 62
202, 63
202, 64
202, 65
202, 66
202, 67
202, 68
202, 69
202, 70
202, 71
202, 72
202, 73
202, 74
202, 75
202, 76
202, 77
202, 78
203, 34
203, 35
203, 36
203, 37
203, 38
203, 39
203, 40
203, 41
203, 42
203, 43
203, 44
203, 45
203, 46
203, 47
203, 48
203, 49
203, 50
203, 51
203, 52
203, 53
203, 54
203, 55
203, 56
203, 57
203, 58
203, 59
203, 60
203, 61
203, 62
203, 63
203, 64
203, 65
203, 66
203, 67
203, 68
203, 69
203, 70
203, 71
203, 72
203, 73
203, 74
203, 75
203, 76
203, 77
203, 78
204, 34
204, 35
204, 36
204, 37
204, 38
204, 39
204, 40
204, 41
204, 42
204, 43
204, 44
204, 45
204, 46
204, 47
204, 48
204, 49
204, 50
204, 51
204, 52
204, 53
204, 54
204, 55
204, 56
204, 57
204, 58
204, 59
204, 60
204, 61
204, 62
204, 63
204, 64
204, 65
204, 66
204, 67
204, 68
204, 69
204, 70
204, 71
204, 72
204, 73
204, 74
204, 75
204, 76
204, 77
204, 78
205, 34
205, 35
205, 36
205, 37
205, 38
205, 39
205, 40
205, 41
205, 42
205, 43
205, 44
205, 45
205, 46
205, 47
205, 48
205, 49
205, 50
205, 51
205, 52
205, 53
205, 54
205, 55
205, 56
205, 57
205, 58
205, 59
205, 60
205, 61
205, 62
205, 63
205, 64
205, 65
205, 66
205, 67
205, 68
205, 69
205, 70
205, 71
205, 72
205, 73
205, 74
205, 75
205, 76
205, 77
205, 78
206, 34
206, 35
206, 36
206, 37
206, 38
206, 39
206, 40
206, 41
206, 42
206, 43
206, 44
206, 45
206, 46
206, 47
206, 48
206, 49
206, 50
206, 51
206, 52
206, 53
206, 54
206, 55
206, 56
206, 57
206, 58
206, 59
206, 60
206, 61
206, 62
206, 63
206, 64
206, 65
206, 66
206, 67
206, 68
206, 69
206, 70
206, 71
206, 72
206, 73
206, 74
206, 75
206, 76
206, 77
206, 78
207, 34
207, 35
207, 36
207, 37
207, 38
207, 39
207, 40
207, 41
207, 42
207, 43
207, 44
207, 45
207, 46
207, 47
207, 48
207, 49
207, 50
207, 51
207, 52
207, 53
207, 54
207, 55
207, 56
207, 57
207, 58
207, 59
207, 60
207, 61
207, 62
207, 63
207, 64
207, 65
207, 66
207, 67
207, 68
207, 69
207, 70
207, 71
207, 72
207, 73
207, 74
207, 75
207, 76
207, 77
207, 78
208, 34
208, 35
208, 36
208, 37
208, 38
208, 39
208, 40
208, 41
208, 42
208, 43
208, 44
208, 45
208, 46
208, 47
208, 48
208, 49
208, 50
208, 51
208, 52
208, 53
208, 54
208, 55
208, 56
208, 57
208, 58
208, 59
208, 60
208, 61
208, 62
208, 63
208, 64
208, 65
208, 66
208, 67
208, 68
208, 69
208, 70
208, 71
208, 72
208, 73
208, 74
208, 75
208, 76
208, 77
208, 78
209, 34
209, 35
209, 36
209, 37
209, 38
209, 39
209, 40
209, 41
209, 42
209, 43
209, 44
209, 45
209, 46
209, 47
209, 48
209, 49
209, 50
209, 51
209, 52
209, 53
209, 54
209, 55
209, 56
209, 57
209, 58
209, 59
209, 60
209, 61
209, 62
209, 63
209, 64
209, 65
209, 66
209, 67
209, 68
209, 69
209, 70
209, 71
209, 72
209, 73
209, 74
209, 75
209, 76
209, 77
209, 78
210, 34
210, 35
210, 36
210, 37
210, 38
210, 39
210, 40
210, 41
210, 42
210, 43
210, 44
210, 45
210, 46
210, 47
210, 48
210, 49
210, 50
210, 51
210, 52
210, 53
210, 54
210, 55
210, 56
210, 57
210, 58
210, 59
210, 60
210, 61
210, 62
210, 63
210, 64
210, 65
210, 66
210, 67
210, 68
210, 69
210, 70
210, 71
210, 72
210, 73
210, 74
210, 75
210, 76
210, 77
210, 78
211, 34
211, 35
211, 36
211, 37
211, 38
211, 39
211, 40
211, 41
211, 42
211, 43
211, 44
211, 45
211, 46
211, 47
211, 48
211, 49
211, 50
211, 51
211, 52
211, 53
211, 54
211, 55
211, 56
211, 57
211, 58
211, 59
211, 60
211, 61
211, 62
211, 63
211, 64
211, 65
211, 66
211, 67
211, 68
211, 69
211, 70
211, 71
211, 72
211, 73
211, 74
211, 75
211, 76
211, 77
211, 78
212, 34
212, 35
212, 36
212, 37
212, 38
212, 39
212, 40
212, 41
212, 42
212, 43
212, 44
212, 45
212, 46
212, 47
212, 48
212, 49
212, 50
212, 51
212, 52
212, 53
212, 54
212, 55
212, 56
212, 57
212, 58
212, 59
212, 60
212, 61
212, 62
212, 63
212, 64
212, 65
212, 66
212, 67
212, 68
212, 69
212, 70
212, 71
212, 72
212, 73
212, 74
212, 75
212, 76
212, 77
212, 78
213, 34
213, 35
213, 36
213, 37
213, 38
213, 39
213, 40
213, 41
213, 42
213, 43
213, 44
213, 45
213, 46
213, 47
213, 48
213, 49
213, 50
213, 51
213, 52
213, 53
213, 54
213, 55
213, 56
213, 57
213, 58
213, 59
213, 60
213, 61
213, 62
213, 63
213, 64
213, 65
213, 66
213, 67
213, 68
213, 69
213, 70
213, 71
213, 72
213, 73
213, 74
213, 75
213, 76
213, 77
213, 78
214, 34
214, 35
214, 36
214, 37
214, 38
214, 39
214, 40
214, 41
214, 42
214, 43
214, 44
214, 45
214, 46
214, 47
214, 48
214, 49
214, 50
214, 51
214, 52
214, 53
214, 54
214, 55
214, 56
214, 57
214, 58
214, 59
214, 60
214, 61
214, 62
214, 63
214, 64
214, 65
214, 66
214, 67
214, 68
214, 69
214, 70
214, 71
214, 72
214, 73
214, 74
214, 75
214, 76
214, 77
214, 78
215, 34
215, 35
215, 36
215, 37
215, 38
215, 39
215, 40
215, 41
215, 42
215, 43
215, 44
215, 45
215, 46
215, 47
215, 48
215, 49
215, 50
215, 51
215, 52
215, 53
215, 54
215, 55
215, 56
215, 57
215, 58
215, 59
215, 60
215, 61
215, 62
215, 63
215, 64
215, 65
215, 66
215, 67
215, 68
215, 69
215, 70
215, 71
215, 72
215, 73
215, 74
215, 75
215, 76
215, 77
215, 78
216, 34
216, 35
216, 36
216, 37
216, 38
216, 39
216, 40
216, 41
216, 42
216, 43
216, 44
216, 45
216, 46
216, 47
216, 48
216, 49
216, 50
216, 51
216, 52
216, 53
216, 54
216, 55
216, 56
216, 57
216, 58
216, 59
216, 60
216, 61
216, 62
216, 63
216, 64
216, 65
216, 66
216, 67
216, 68
216, 69
216, 70
216, 71
216, 72
216, 73
216, 74
216, 75
216, 76
216, 77
216, 78
217, 33
217, 34
217, 35
217, 36
217, 37
217, 38
217, 39
217, 40
217, 41
217, 42
217, 43
217, 44
217, 45
217, 46
217, 47
217, 48
217, 49
217, 50
217, 51
217, 52
217, 53
217, 54
217, 55
217, 56
217, 57
217, 58
217, 59
217, 60
217, 61
217, 62
217, 63
217, 64
217, 65
217, 66
217, 67
217, 68
217, 69
217, 70
217, 71
217, 72
217, 73
217, 74
217, 75
217, 76
217, 77
217, 78
218, 33
218, 34
218, 35
218, 36
218, 37
218, 38
218, 39
218, 40
218, 41
218, 42
218, 43
218, 44
218, 45
218, 46
218, 47
218, 48
218, 49
218, 50
218, 51
218, 52
218, 53
218, 54
218, 55
218, 56
218, 57
218, 58
218, 59
218, 60
218, 61
218, 62
218, 63
218, 64
218, 65
218, 66
218, 67
218, 68
218, 69
218, 70
218, 71
218, 72
218, 73
218, 74
218, 75
218, 76
218, 77
218, 78
219, 32
219, 33
219, 34
219, 35
219, 36
219, 37
219, 38
219, 39
219, 40
219, 41
219, 42
219, 43
219, 44
219, 45
219, 46
219, 47
219, 48
219, 49
219, 50
219, 51
219, 52
219, 53
219, 54
219, 55
219, 56
219, 57
219, 58
219, 59
219, 60
219, 61
219, 62
219, 63
219, 64
219, 65
219, 66
219, 67
219, 68
219, 69
219, 70
219, 71
219, 72
219, 73
219, 74
219, 75
219, 76
219, 77
219, 78
220, 32
220, 33
220, 34
220, 35
220, 36
220, 37
220, 38
220, 39
220, 40
220, 41
220, 42
220, 43
220, 44
220, 45
220, 46
220, 47
220, 48
220, 49
220, 50
220, 51
220, 52
220, 53
220, 54
220, 55
220, 56
220, 57
220, 58
220, 59
220, 60
220, 61
220, 62
220, 63
220, 64
220, 65
220, 66
220, 67
220, 68
220, 69
220, 70
220, 71
220, 72
220, 73
220, 74
220, 75
220, 76
220, 77
220, 78
221, 32
221, 33
221, 34
221, 35
221, 36
221, 37
221, 38
221, 39
221, 40
221, 41
221, 42
221, 43
221, 44
221, 45
221, 46
221, 47
221, 48
221, 49
221, 50
221, 51
221, 52
221, 53
221, 54
221, 55
221, 56
221, 57
221, 58
221, 59
221, 60
221, 61
221, 62
221, 63
221, 64
221, 65
221, 66
221, 67
221, 68
221, 69
221, 70
221, 71
221, 72
221, 73
221, 74
221, 75
221, 76
221, 77
221, 78
222, 31
222, 32
222, 33
222, 34
222, 35
222, 36
222, 37
222, 38
222, 39
222, 40
222, 41
222, 42
222, 43
222, 44
222, 45
222, 46
222, 47
222, 48
222, 49
222, 50
222, 51
222, 52
222, 53
222, 54
222, 55
222, 56
222, 57
222, 58
222, 59
222, 60
222, 61
222, 62
222, 63
222, 64
222, 65
222, 66
222, 67
222, 68
222, 69
222, 70
222, 71
222, 72
222, 73
222, 74
222, 75
222, 76
222, 77
222, 78
223, 14
223, 15
223, 31
223, 32
223, 33
223, 34
223, 35
223, 36
223, 37
223, 38
223, 39
223, 40
223, 41
223, 42
223, 43
223, 44
223, 45
223, 46
223, 47
223, 48
223, 49
223, 50
223, 51
223, 52
223, 53
223, 54
223, 55
223, 56
223, 57
223, 58
223, 59
223, 60
223, 61
223, 62
223, 63
223, 64
223, 65
223, 66
223, 67
223, 68
223, 69
223, 70
223, 71
223, 72
223, 73
223, 74
223, 75
223, 76
223, 77
223, 78
224, 13
224, 14
224, 15
224, 16
224, 17
224, 30
224, 31
224, 32
224, 33
224, 34
224, 35
224, 36
224, 37
224, 38
224, 39
224, 40
224, 41
224, 42
224, 43
224, 44
224, 45
224, 46
224, 47
224, 48
224, 49
224, 50
224, 51
224, 52
224, 53
224, 54
224, 55
224, 56
224, 57
224, 58
224, 59
224, 60
224, 61
224, 62
224, 63
224, 64
224, 65
224, 66
224, 67
224, 68
224, 69
224, 70
224, 71
224, 72
224, 73
224, 74
224, 75
224, 76
224, 77
224, 78
225, 13
225, 14
225, 15
225, 16
225, 17
225, 18
225, 19
225, 20
225, 21
225, 22
225, 23
225, 24
225, 25
225, 26
225, 27
225, 28
225, 29
225, 30
225, 31
225, 32
225, 33
225, 34
225, 35
225, 36
225, 37
225, 38
225, 39
225, 40
225, 41
225, 42
225, 43
225, 44
225, 45
225, 46
225, 47
225, 48
225, 49
225, 50
225, 51
225, 52
225, 53
225, 54
225, 55
225, 56
225, 57
225, 58
225, 59
225, 60
225, 61
225, 62
225, 63
225, 64
225, 65
225, 66
225, 67
225, 68
225, 69
225, 70
225, 71
225, 72
225, 73
225, 74
225, 75
225, 76
225, 77
225, 78
226, 13
226, 14
226, 15
226, 16
226, 17
226, 18
226, 19
226, 20
226, 21
226, 22
226, 23
226, 24
226, 25
226, 26
226, 27
226, 28
226, 29
226, 30
226, 31
226, 32
226, 33
226, 34
226, 35
226, 36
226, 37
226, 38
226, 39
226, 40
226, 41
226, 42
226, 43
226, 44
226, 45
226, 46
226, 47
226, 48
226, 49
226, 50
226, 51
226, 52
226, 53
226, 54
226, 55
226, 56
226, 57
226, 58
226, 59
226, 60
226, 61
226, 62
226, 63
226, 64
226, 65
226, 66
226, 67
226, 68
226, 69
226, 70
226, 71
226, 72
226, 73
226, 74
226, 75
226, 76
226, 77
226, 78
227, 13
227, 14
227, 15
227, 16
227, 17
227, 18
227, 19
227, 20
227, 21
227, 22
227, 23
227, 24
227, 25
227, 26
227, 27
227, 28
227, 29
227, 30
227, 31
227, 32
227, 33
227, 34
227, 35
227, 36
227, 37
227, 38
227, 39
227, 40
227, 41
227, 42
227, 43
227, 44
227, 45
227, 46
227, 47
227, 48
227, 49
227, 50
227, 51
227, 52
227, 53
227, 54
227, 55
227, 56
227, 57
227, 58
227, 59
227, 60
227, 61
227, 62
227, 63
227, 64
227, 65
227, 66
227, 67
227, 68
227, 69
227, 70
227, 71
227, 72
227, 73
227, 74
227, 75
227, 76
227, 77
227, 78
228, 13
228, 14
228, 15
228, 16
228, 17
228, 18
228, 19
228, 21
228, 22
228, 23
228, 24
228, 25
228, 26
228, 27
228, 28
228, 29
228, 30
228, 31
228, 32
228, 33
228, 34
228, 35
228, 36
228, 37
228, 38
228, 39
228, 40
228, 41
228, 42
228, 43
228, 44
228, 45
228, 46
228, 47
228, 48
228, 49
228, 50
228, 51
228, 52
228, 53
228, 54
228, 55
228, 56
228, 57
228, 58
228, 59
228, 60
228, 61
228, 62
228, 63
228, 64
228, 65
228, 66
228, 67
228, 68
228, 69
228, 70
228, 71
228, 72
228, 73
228, 74
228, 75
228, 76
228, 77
228, 78
229, 13
229, 14
229, 15
229, 16
229, 17
229, 18
229, 21
229, 22
229, 23
229, 24
229, 25
229, 26
229, 27
229, 28
229, 29
229, 30
229, 31
229, 32
229, 33
229, 34
229, 35
229, 36
229, 37
229, 38
229, 39
229, 40
229, 41
229, 42
229, 43
229, 44
229, 45
229, 46
229, 47
229, 48
229, 49
229, 50
229, 51
229, 52
229, 53
229, 54
229, 55
229, 56
229, 57
229, 58
229, 59
229, 60
229, 61
229, 62
229, 63
229, 64
229, 65
229, 66
229, 67
229, 68
229, 69
229, 70
229, 71
229, 72
229, 73
229, 74
229, 75
229, 76
229, 77
229, 78
230, 13
230, 14
230, 15
230, 16
230, 17
230, 21
230, 22
230, 23
230, 24
230, 25
230, 26
230, 27
230, 28
230, 29
230, 30
230, 31
230, 32
230, 33
230, 34
230, 35
230, 36
230, 37
230, 38
230, 39
230, 40
230, 41
230, 42
230, 43
230, 44
230, 45
230, 46
230, 47
230, 48
230, 49
230, 50
230, 51
230, 52
230, 53
230, 54
230, 55
230, 56
230, 57
230, 58
230, 59
230, 60
230, 61
230, 62
230, 63
230, 64
230, 65
230, 66
230, 67
230, 68
230, 69
230, 70
230, 71
230, 72
230, 73
230, 74
230, 75
230, 76
230, 77
230, 78
231, 13
231, 14
231, 15
231, 16
231, 17
231, 21
231, 22
231, 23
231, 24
231, 25
231, 26
231, 27
231, 28
231, 29
231, 30
231, 31
231, 32
231, 33
231, 34
231, 35
231, 36
231, 37
231, 38
231, 39
231, 40
231, 41
231, 42
231, 43
231, 44
231, 45
231, 46
231, 47
231, 48
231, 49
231, 50
231, 51
231, 52
231, 53
231, 54
231, 55
231, 56
231, 57
231, 58
231, 59
231, 60
231, 61
231, 62
231, 63
231, 64
231, 65
231, 66
231, 67
231, 68
231, 69
231, 70
231, 71
231, 72
231, 73
231, 74
231, 75
231, 76
231, 77
231, 78
232, 13
232, 14
232, 15
232, 16
232, 17
232, 21
232, 22
232, 23
232, 24
232, 25
232, 26
232, 27
232, 28
232, 29
232, 30
232, 31
232, 32
232, 33
232, 34
232, 35
232, 36
232, 37
232, 38
232, 39
232, 40
232, 41
232, 42
232, 43
232, 44
232, 45
232, 46
232, 47
232, 48
232, 49
232, 50
232, 51
232, 52
232, 53
232, 54
232, 55
232, 56
232, 57
232, 58
232, 59
232, 60
232, 61
232, 62
232, 63
232, 64
232, 65
232, 66
232, 67
232, 68
232, 69
232, 70
232, 71
232, 72
232, 73
232, 74
232, 75
232, 76
232, 77
232, 78
233, 13
233, 14
233, 15
233, 16
233, 17
233, 21
233, 22
233, 23
233, 24
233, 25
233, 26
233, 27
233, 28
233, 29
233, 30
233, 31
233, 32
233, 33
233, 34
233, 35
233, 36
233, 37
233, 38
233, 39
233, 40
233, 41
233, 42
233, 43
233, 44
233, 45
233, 46
233, 47
233, 48
233, 49
233, 50
233, 51
233, 52
233, 53
233, 54
233, 55
233, 56
233, 57
233, 58
233, 59
233, 60
233, 61
233, 62
233, 63
233, 64
233, 65
233, 66
233, 67
233, 68
233, 69
233, 70
233, 71
233, 72
233, 73
233, 74
233, 75
233, 76
233, 77
233, 78
234, 13
234, 14
234, 15
234, 16
234, 17
234, 21
234, 22
234, 23
234, 24
234, 25
234, 26
234, 27
234, 28
234, 29
234, 30
234, 31
234, 32
234, 33
234, 34
234, 35
234, 36
234, 37
234, 38
234, 39
234, 40
234, 41
234, 42
234, 43
234, 44
234, 45
234, 46
234, 47
234, 48
234, 49
234, 50
234, 51
234, 52
234, 53
234, 54
234, 55
234, 56
234, 57
234, 58
234, 59
234, 60
234, 61
234, 62
234, 63
234, 64
234, 65
234, 66
234, 67
234, 68
234, 69
234, 70
234, 71
234, 72
234, 73
234, 74
234, 75
234, 76
234, 77
234, 78
235, 13
235, 14
235, 15
235, 16
235, 17
235, 21
235, 22
235, 23
235, 24
235, 25
235, 26
235, 27
235, 28
235, 29
235, 30
235, 31
235, 32
235, 33
235, 34
235, 35
235, 36
235, 37
235, 38
235, 39
235, 40
235, 41
235, 42
235, 43
235, 44
235, 45
235, 46
235, 47
235, 48
235, 49
235, 50
235, 51
235, 52
235, 53
235, 54
235, 55
235, 56
235, 57
235, 58
235, 59
235, 60
235, 61
235, 62
235, 63
235, 64
235, 65
235, 66
235, 67
235, 68
235, 69
235, 70
235, 71
235, 72
235, 73
235, 74
235, 75
235, 76
235, 77
235, 78
236, 13
236, 14
236, 15
236, 16
236, 21
236, 22
236, 23
236, 24
236, 25
236, 26
236, 27
236, 28
236, 29
236, 30
236, 31
236, 32
236, 33
236, 34
236, 35
236, 36
236, 37
236, 38
236, 39
236, 40
236, 41
236, 42
236, 43
236, 44
236, 45
236, 46
236, 47
236, 48
236, 49
236, 50
236, 51
236, 52
236, 53
236, 54
236, 55
236, 56
236, 57
236, 58
236, 59
236, 60
236, 61
236, 62
236, 63
236, 64
236, 65
236, 66
236, 67
236, 68
236, 69
236, 70
236, 71
236, 72
236, 73
236, 74
236, 75
236, 76
236, 77
236, 78
237, 13
237, 14
237, 15
237, 16
237, 17
237, 21
237, 22
237, 23
237, 24
237, 25
237, 26
237, 27
237, 28
237, 29
237, 30
237, 31
237, 32
237, 33
237, 34
237, 35
237, 36
237, 37
237, 38
237, 39
237, 40
237, 41
237, 42
237, 43
237, 44
237, 45
237, 46
237, 47
237, 48
237, 49
237, 50
237, 51
237, 52
237, 53
237, 54
237, 55
237, 56
237, 57
237, 58
237, 59
237, 60
237, 61
237, 62
237, 63
237, 64
237, 65
237, 66
237, 67
237, 68
237, 69
237, 70
237, 71
237, 72
237, 73
237, 74
237, 75
237, 76
237, 77
237, 78
238, 13
238, 14
238, 15
238, 16
238, 17
238, 18
238, 19
238, 20
238, 21
238, 22
238, 23
238, 24
238, 25
238, 26
238, 27
238, 28
238, 29
238, 30
238, 31
238, 32
238, 33
238, 34
238, 35
238, 36
238, 37
238, 38
238, 39
238, 40
238, 41
238, 42
238, 43
238, 44
238, 45
238, 46
238, 47
238, 48
238, 49
238, 50
238, 51
238, 52
238, 53
238, 54
238, 55
238, 56
238, 57
238, 58
238, 59
238, 60
238, 61
238, 62
238, 63
238, 64
238, 65
238, 66
238, 67
238, 68
238, 69
238, 70
238, 71
238, 72
238, 73
238, 74
238, 75
238, 76
238, 77
238, 78
239, 13
239, 14
239, 15
239, 16
239, 17
239, 18
239, 19
239, 20
239, 21
239, 22
239, 23
239, 24
239, 25
239, 26
239, 27
239, 28
239, 29
239, 30
239, 31
239, 32
239, 33
239, 34
239, 35
239, 36
239, 37
239, 38
239, 39
239, 40
239, 41
239, 42
239, 43
239, 44
239, 45
239, 46
239, 47
239, 48
239, 49
239, 50
239, 51
239, 52
239, 53
239, 54
239, 55
239, 56
239, 57
239, 58
239, 59
239, 60
239, 61
239, 62
239, 63
239, 64
239, 65
239, 66
239, 67
239, 68
239, 69
239, 70
239, 71
239, 72
239, 73
239, 74
239, 75
239, 76
239, 77
239, 78
240, 13
240, 14
240, 15
240, 16
240, 17
240, 18
240, 19
240, 20
240, 21
240, 22
240, 23
240, 24
240, 25
240, 26
240, 27
240, 28
240, 29
240, 30
240, 31
240, 32
240, 33
240, 34
240, 35
240, 36
240, 37
240, 38
240, 39
240, 40
240, 41
240, 42
240, 43
240, 44
240, 45
240, 46
240, 47
240, 48
240, 49
240, 50
240, 51
240, 52
240, 53
240, 54
240, 55
240, 56
240, 57
240, 58
240, 59
240, 60
240, 61
240, 62
240, 63
240, 64
240, 65
240, 66
240, 67
240, 68
240, 69
240, 70
240, 71
240, 72
240, 73
240, 74
240, 75
240, 76
240, 77
240, 78
241, 13
241, 14
241, 15
241, 16
241, 17
241, 18
241, 19
241, 20
241, 21
241, 22
241, 23
241, 24
241, 25
241, 26
241, 27
241, 28
241, 29
241, 30
241, 31
241, 32
241, 33
241, 34
241, 35
241, 36
241, 37
241, 38
241, 39
241, 40
241, 41
241, 42
241, 43
241, 44
241, 45
241, 46
241, 47
241, 48
241, 49
241, 50
241, 51
241, 52
241, 53
241, 54
241, 55
241, 56
241, 57
241, 58
241, 59
241, 60
241, 61
241, 62
241, 63
241, 64
241, 65
241, 66
241, 67
241, 68
241, 69
241, 70
241, 71
241, 72
241, 73
241, 74
241, 75
241, 76
241, 77
241, 78
242, 13
242, 14
242, 15
242, 16
242, 17
242, 18
242, 19
242, 20
242, 21
242, 22
242, 23
242, 24
242, 25
242, 26
242, 27
242, 28
242, 29
242, 30
242, 31
242, 32
242, 33
242, 34
242, 35
242, 36
242, 37
242, 38
242, 39
242, 40
242, 41
242, 42
242, 43
242, 44
242, 45
242, 46
242, 47
242, 48
242, 49
242, 50
242, 51
242, 52
242, 53
242, 54
242, 55
242, 56
242, 57
242, 58
242, 59
242, 60
242, 61
242, 62
242, 63
242, 64
242, 65
242, 66
242, 67
242, 68
242, 69
242, 70
242, 71
242, 72
242, 73
242, 74
242, 75
242, 76
242, 77
242, 78
243, 13
243, 14
243, 15
243, 16
243, 17
243, 18
243, 19
243, 20
243, 21
243, 22
243, 23
243, 24
243, 25
243, 26
243, 27
243, 28
243, 29
243, 30
243, 31
243, 32
243, 33
243, 34
243, 35
243, 36
243, 37
243, 38
243, 39
243, 40
243, 41
243, 42
243, 43
243, 44
243, 45
243, 46
243, 47
243, 48
243, 49
243, 50
243, 51
243, 52
243, 53
243, 54
243, 55
243, 56
243, 57
243, 58
243, 59
243, 60
243, 61
243, 62
243, 63
243, 64
243, 65
243, 66
243, 67
243, 68
243, 69
243, 70
243, 71
243, 72
243, 73
243, 74
243, 75
243, 76
243, 77
243, 78
244, 13
244, 14
244, 15
244, 16
244, 17
244, 18
244, 19
244, 20
244, 21
244, 22
244, 23
244, 24
244, 25
244, 26
244, 27
244, 28
244, 29
244, 30
244, 31
244, 32
244, 33
244, 34
244, 35
244, 36
244, 37
244, 38
244, 39
244, 40
244, 41
244, 42
244, 43
244, 44
244, 45
244, 46
244, 47
244, 48
244, 49
244, 50
244, 51
244, 52
244, 53
244, 54
244, 55
244, 56
244, 57
244, 58
244, 59
244, 60
244, 61
244, 62
244, 63
244, 64
244, 65
244, 66
244, 67
244, 68
244, 69
244, 70
244, 71
244, 72
244, 73
244, 74
244, 75
244, 76
244, 77
244, 78
245, 13
245, 14
245, 15
245, 16
245, 17
245, 18
245, 19
245, 20
245, 21
245, 22
245, 23
245, 24
245, 25
245, 26
245, 27
245, 28
245, 29
245, 30
245, 31
245, 32
245, 33
245, 34
245, 35
245, 36
245, 37
245, 38
245, 39
245, 40
245, 41
245, 42
245, 43
245, 44
245, 45
245, 46
245, 47
245, 48
245, 49
245, 50
245, 51
245, 52
245, 53
245, 54
245, 55
245, 56
245, 57
245, 58
245, 59
245, 60
245, 61
245, 62
245, 63
245, 64
245, 65
245, 66
245, 67
245, 68
245, 69
245, 70
245, 71
245, 72
245, 73
245, 74
245, 75
245, 76
245, 77
245, 78
246, 13
246, 14
246, 15
246, 16
246, 17
246, 18
246, 19
246, 20
246, 21
246, 22
246, 23
246, 24
246, 25
246, 26
246, 27
246, 28
246, 29
246, 30
246, 31
246, 32
246, 33
246, 34
246, 35
246, 36
246, 37
246, 38
246, 39
246, 40
246, 41
246, 42
246, 43
246, 44
246, 45
246, 46
246, 47
246, 48
246, 49
246, 50
246, 51
246, 52
246, 53
246, 54
246, 55
246, 56
246, 57
246, 58
246, 59
246, 60
246, 61
246, 62
246, 63
246, 64
246, 65
246, 66
246, 67
246, 68
246, 69
246, 70
246, 71
246, 72
246, 73
246, 74
246, 75
246, 76
246, 77
246, 78
247, 13
247, 14
247, 15
247, 16
247, 17
247, 18
247, 19
247, 20
247, 21
247, 22
247, 23
247, 24
247, 25
247, 26
247, 27
247, 28
247, 29
247, 30
247, 31
247, 32
247, 33
247, 34
247, 35
247, 36
247, 37
247, 38
247, 39
247, 40
247, 41
247, 42
247, 43
247, 44
247, 45
247, 46
247, 47
247, 48
247, 49
247, 50
247, 51
247, 52
247, 53
247, 54
247, 55
247, 56
247, 57
247, 58
247, 59
247, 60
247, 61
247, 62
247, 63
247, 64
247, 65
247, 66
247, 67
247, 68
247, 69
247, 70
247, 71
247, 72
247, 73
247, 74
247, 75
247, 76
247, 77
247, 78
248, 13
248, 14
248, 15
248, 16
248, 17
248, 18
248, 19
248, 20
248, 21
248, 22
248, 23
248, 24
248, 25
248, 26
248, 27
248, 28
248, 29
248, 30
248, 31
248, 32
248, 33
248, 34
248, 35
248, 36
248, 37
248, 38
248, 39
248, 40
248, 41
248, 42
248, 43
248, 44
248, 45
248, 46
248, 47
248, 48
248, 49
248, 50
248, 51
248, 52
248, 53
248, 54
248, 55
248, 56
248, 57
248, 58
248, 59
248, 60
248, 61
248, 62
248, 63
248, 64
248, 65
248, 66
248, 67
248, 68
248, 69
248, 70
248, 71
248, 72
248, 73
248, 74
248, 75
248, 76
248, 77
248, 78
249, 13
249, 14
249, 15
249, 16
249, 17
249, 18
249, 19
249, 20
249, 21
249, 22
249, 23
249, 24
249, 25
249, 26
249, 27
249, 28
249, 29
249, 30
249, 31
249, 32
249, 33
249, 34
249, 35
249, 36
249, 37
249, 38
249, 39
249, 40
249, 41
249, 42
249, 43
249, 44
249, 45
249, 46
249, 47
249, 48
249, 49
249, 50
249, 51
249, 52
249, 53
249, 54
249, 55
249, 56
249, 57
249, 58
249, 59
249, 60
249, 61
249, 62
249, 63
249, 64
249, 65
249, 66
249, 67
249, 68
249, 69
249, 70
249, 71
249, 72
249, 73
249, 74
249, 75
249, 76
249, 77
249, 78
250, 13
250, 14
250, 15
250, 16
250, 17
250, 18
250, 19
250, 20
250, 21
250, 22
250, 23
250, 24
250, 25
250, 26
250, 27
250, 28
250, 29
250, 30
250, 31
250, 32
250, 33
250, 34
250, 35
250, 36
250, 37
250, 38
250, 39
250, 40
250, 41
250, 42
250, 43
250, 44
250, 45
250, 46
250, 47
250, 48
250, 49
250, 50
250, 51
250, 52
250, 53
250, 54
250, 55
250, 56
250, 57
250, 58
250, 59
250, 60
250, 61
250, 62
250, 63
250, 64
250, 65
250, 66
250, 67
250, 68
250, 69
250, 70
250, 71
250, 72
250, 73
250, 74
250, 75
250, 76
250, 77
250, 78
251, 13
251, 14
251, 15
251, 16
251, 17
251, 18
251, 19
251, 20
251, 21
251, 22
251, 23
251, 24
251, 25
251, 26
251, 27
251, 28
251, 29
251, 30
251, 31
251, 32
251, 33
251, 34
251, 35
251, 36
251, 37
251, 38
251, 39
251, 40
251, 41
251, 42
251, 43
251, 44
251, 45
251, 46
251, 47
251, 48
251, 49
251, 50
251, 51
251, 52
251, 53
251, 54
251, 55
251, 56
251, 57
251, 58
251, 59
251, 60
251, 61
251, 62
251, 63
251, 64
251, 65
251, 66
251, 67
251, 68
251, 69
251, 70
251, 71
251, 72
251, 73
251, 74
251, 75
251, 76
251, 77
251, 78
252, 12
252, 13
252, 14
252, 15
252, 16
252, 17
252, 18
252, 19
252, 20
252, 21
252, 22
252, 23
252, 24
252, 25
252, 26
252, 27
252, 28
252, 29
252, 30
252, 31
252, 32
252, 33
252, 34
252, 35
252, 36
252, 37
252, 38
252, 39
252, 40
252, 41
252, 42
252, 43
252, 44
252, 45
252, 46
252, 47
252, 48
252, 49
252, 50
252, 51
252, 52
252, 53
252, 54
252, 55
252, 56
252, 57
252, 58
252, 59
252, 60
252, 61
252, 62
252, 63
252, 64
252, 65
252, 66
252, 67
252, 68
252, 69
252, 70
252, 71
252, 72
252, 73
252, 74
252, 75
252, 76
252, 77
252, 78
253, 12
253, 13
253, 14
253, 15
253, 16
253, 17
253, 18
253, 19
253, 20
253, 21
253, 22
253, 23
253, 24
253, 25
253, 26
253, 27
253, 28
253, 29
253, 30
253, 31
253, 32
253, 33
253, 34
253, 35
253, 36
253, 37
253, 38
253, 39
253, 40
253, 41
253, 42
253, 43
253, 44
253, 45
253, 46
253, 47
253, 48
253, 49
253, 50
253, 51
253, 52
253, 53
253, 54
253, 55
253, 56
253, 57
253, 58
253, 59
253, 60
253, 61
253, 62
253, 63
253, 64
253, 65
253, 66
253, 67
253, 68
253, 69
253, 70
253, 71
253, 72
253, 73
253, 74
253, 75
253, 76
253, 77
253, 78
254, 12
254, 13
254, 14
254, 15
254, 16
254, 17
254, 18
254, 19
254, 20
254, 21
254, 22
254, 23
254, 24
254, 25
254, 26
254, 27
254, 28
254, 29
254, 30
254, 31
254, 32
254, 33
254, 34
254, 35
254, 36
254, 37
254, 38
254, 39
254, 40
254, 41
254, 42
254, 43
254, 44
254, 45
254, 46
254, 47
254, 48
254, 49
254, 50
254, 51
254, 52
254, 53
254, 54
254, 55
254, 56
254, 57
254, 58
254, 59
254, 60
254, 61
254, 62
254, 63
254, 64
254, 65
254, 66
254, 67
254, 68
254, 69
254, 70
254, 71
254, 72
254, 73
254, 74
254, 75
254, 76
254, 77
254, 78
255, 12
255, 13
255, 14
255, 15
255, 16
255, 17
255, 18
255, 19
255, 20
255, 21
255, 22
255, 23
255, 24
255, 25
255, 26
255, 27
255, 28
255, 29
255, 30
255, 31
255, 32
255, 33
255, 34
255, 35
255, 36
255, 37
255, 38
255, 39
255, 40
255, 41
255, 42
255, 43
255, 44
255, 45
255, 46
255, 47
255, 48
255, 49
255, 50
255, 51
255, 52
255, 53
255, 54
255, 55
255, 56
255, 57
255, 58
255, 59
255, 60
255, 61
255, 62
255, 63
255, 64
255, 65
255, 66
255, 67
255, 68
255, 69
255, 70
255, 71
255, 72
255, 73
255, 74
255, 75
255, 76
255, 77
255, 78
256, 12
256, 13
256, 14
256, 15
256, 16
256, 17
256, 18
256, 19
256, 20
256, 21
256, 22
256, 23
256, 24
256, 25
256, 26
256, 27
256, 28
256, 29
256, 30
256, 31
256, 32
256, 33
256, 34
256, 35
256, 36
256, 37
256, 38
256, 39
256, 40
256, 41
256, 42
256, 43
256, 44
256, 45
256, 46
256, 47
256, 48
256, 49
256, 50
256, 51
256, 52
256, 53
256, 54
256, 55
256, 56
256, 57
256, 58
256, 59
256, 60
256, 61
256, 62
256, 63
256, 64
256, 65
256, 66
256, 67
256, 68
256, 69
256, 70
256, 71
256, 72
256, 73
256, 74
256, 75
256, 76
256, 77
256, 78
257, 12
257, 13
257, 14
257, 15
257, 16
257, 17
257, 18
257, 19
257, 20
257, 21
257, 22
257, 23
257, 24
257, 25
257, 26
257, 27
257, 28
257, 29
257, 30
257, 31
257, 32
257, 33
257, 34
257, 35
257, 36
257, 37
257, 38
257, 39
257, 40
257, 41
257, 42
257, 43
257, 44
257, 45
257, 46
257, 47
257, 48
257, 49
257, 50
257, 51
257, 52
257, 53
257, 54
257, 55
257, 56
257, 57
257, 58
257, 59
257, 60
257, 61
257, 62
257, 63
257, 64
257, 65
257, 66
257, 67
257, 68
257, 69
257, 70
257, 71
257, 72
257, 73
257, 74
257, 75
257, 76
257, 77
257, 78
258, 12
258, 13
258, 14
258, 15
258, 16
258, 17
258, 18
258, 19
258, 20
258, 21
258, 22
258, 23
258, 24
258, 25
258, 26
258, 27
258, 28
258, 29
258, 30
258, 31
258, 32
258, 33
258, 34
258, 35
258, 36
258, 37
258, 38
258, 39
258, 40
258, 41
258, 42
258, 43
258, 44
258, 45
258, 46
258, 47
258, 48
258, 49
258, 50
258, 51
258, 52
258, 53
258, 54
258, 55
258, 56
258, 57
258, 58
258, 59
258, 60
258, 61
258, 62
258, 63
258, 64
258, 65
258, 66
258, 67
258, 68
258, 69
258, 70
258, 71
258, 72
258, 73
258, 74
258, 75
258, 76
258, 77
258, 78
259, 12
259, 13
259, 14
259, 15
259, 16
259, 17
259, 18
259, 19
259, 20
259, 21
259, 22
259, 23
259, 24
259, 25
259, 26
259, 27
259, 28
259, 29
259, 30
259, 31
259, 32
259, 33
259, 34
259, 35
259, 36
259, 37
259, 38
259, 39
259, 40
259, 41
259, 42
259, 43
259, 44
259, 45
259, 46
259, 47
259, 48
259, 49
259, 50
259, 51
259, 52
259, 53
259, 54
259, 55
259, 56
259, 57
259, 58
259, 59
259, 60
259, 61
259, 62
259, 63
259, 64
259, 65
259, 66
259, 67
259, 68
259, 69
259, 70
259, 71
259, 72
259, 73
259, 74
259, 75
259, 76
259, 77
259, 78
260, 12
260, 13
260, 14
260, 15
260, 16
260, 17
260, 18
260, 19
260, 20
260, 21
260, 22
260, 23
260, 24
260, 25
260, 26
260, 27
260, 28
260, 29
260, 30
260, 31
260, 32
260, 33
260, 34
260, 35
260, 36
260, 37
260, 38
260, 39
260, 40
260, 41
260, 42
260, 43
260, 45
260, 46
260, 47
260, 48
260, 49
260, 50
260, 51
260, 52
260, 53
260, 54
260, 55
260, 56
260, 57
260, 58
260, 59
260, 60
260, 61
260, 62
260, 63
260, 64
260, 65
260, 66
260, 67
260, 68
260, 69
260, 70
260, 71
260, 72
260, 73
260, 74
260, 75
260, 76
260, 77
260, 78
261, 12
261, 13
261, 14
261, 15
261, 16
261, 17
261, 18
261, 19
261, 20
261, 21
261, 22
261, 23
261, 24
261, 25
261, 26
261, 27
261, 28
261, 29
261, 30
261, 31
261, 32
261, 33
261, 34
261, 35
261, 36
261, 37
261, 38
261, 39
261, 40
261, 41
261, 42
261, 43
261, 45
261, 46
261, 47
261, 48
261, 49
261, 50
261, 51
261, 52
261, 53
261, 54
261, 55
261, 56
261, 57
261, 58
261, 59
261, 60
261, 61
261, 62
261, 63
261, 64
261, 65
261, 66
261, 67
261, 68
261, 69
261, 70
261, 71
261, 72
261, 73
261, 74
261, 75
261, 76
261, 77
261, 78
262, 12
262, 13
262, 14
262, 15
262, 16
262, 17
262, 18
262, 19
262, 20
262, 21
262, 22
262, 23
262, 24
262, 25
262, 26
262, 27
262, 28
262, 29
262, 30
262, 31
262, 32
262, 33
262, 34
262, 35
262, 36
262, 37
262, 38
262, 39
262, 40
262, 41
262, 42
262, 45
262, 46
262, 47
262, 48
262, 49
262, 50
262, 51
262, 52
262, 53
262, 54
262, 55
262, 56
262, 57
262, 58
262, 59
262, 60
262, 61
262, 62
262, 63
262, 64
262, 65
262, 66
262, 67
262, 68
262, 69
262, 70
262, 71
262, 72
262, 73
262, 74
262, 75
262, 76
262, 77
262, 78
263, 12
263, 13
263, 14
263, 15
263, 16
263, 17
263, 18
263, 19
263, 20
263, 21
263, 22
263, 23
263, 24
263, 25
263, 26
263, 27
263, 28
263, 29
263, 30
263, 31
263, 32
263, 33
263, 34
263, 35
263, 36
263, 37
263, 38
263, 39
263, 40
263, 41
263, 42
263, 45
263, 46
263, 47
263, 48
263, 49
263, 50
263, 51
263, 52
263, 53
263, 54
263, 55
263, 56
263, 57
263, 58
263, 59
263, 60
263, 61
263, 62
263, 63
263, 64
263, 65
263, 66
263, 67
263, 68
263, 69
263, 70
263, 71
263, 72
263, 73
263, 74
263, 75
263, 76
263, 77
263, 78
264, 12
264, 13
264, 14
264, 15
264, 16
264, 17
264, 18
264, 19
264, 20
264, 21
264, 22
264, 23
264, 24
264, 25
264, 26
264, 27
264, 28
264, 29
264, 30
264, 31
264, 32
264, 33
264, 34
264, 35
264, 36
264, 37
264, 38
264, 39
264, 40
264, 41
264, 45
264, 46
264, 47
264, 48
264, 49
264, 50
264, 51
264, 52
264, 53
264, 54
264, 55
264, 56
264, 57
264, 58
264, 59
264, 60
264, 61
264, 62
264, 63
264, 64
264, 65
264, 66
264, 67
264, 68
264, 69
264, 70
264, 71
264, 72
264, 73
264, 74
264, 75
264, 76
264, 77
264, 78
265, 12
265, 13
265, 14
265, 15
265, 16
265, 17
265, 18
265, 19
265, 20
265, 21
265, 22
265, 23
265, 24
265, 25
265, 26
265, 27
265, 28
265, 29
265, 30
265, 31
265, 32
265, 33
265, 34
265, 35
265, 36
265, 37
265, 38
265, 39
265, 40
265, 41
265, 45
265, 46
265, 47
265, 48
265, 49
265, 50
265, 51
265, 52
265, 53
265, 54
265, 55
265, 56
265, 57
265, 58
265, 59
265, 60
265, 61
265, 62
265, 63
265, 64
265, 65
265, 66
265, 67
265, 68
265, 69
265, 70
265, 71
265, 72
265, 73
265, 74
265, 75
265, 76
265, 77
265, 78
266, 12
266, 13
266, 14
266, 15
266, 16
266, 17
266, 18
266, 19
266, 20
266, 21
266, 22
266, 23
266, 24
266, 25
266, 26
266, 27
266, 28
266, 29
266, 30
266, 31
266, 32
266, 33
266, 34
266, 35
266, 36
266, 37
266, 38
266, 39
266, 40
266, 41
266, 46
266, 47
266, 48
266, 49
266, 50
266, 51
266, 52
266, 53
266, 54
266, 55
266, 56
266, 57
266, 58
266, 59
266, 60
266, 61
266, 62
266, 63
266, 64
266, 65
266, 66
266, 67
266, 68
266, 69
266, 70
266, 71
266, 72
266, 73
266, 74
266, 75
266, 76
266, 77
266, 78
267, 12
267, 13
267, 14
267, 15
267, 16
267, 17
267, 18
267, 19
267, 20
267, 21
267, 22
267, 23
267, 24
267, 25
267, 26
267, 27
267, 28
267, 29
267, 30
267, 31
267, 32
267, 33
267, 34
267, 35
267, 36
267, 37
267, 38
267, 39
267, 40
267, 41
267, 46
267, 47
267, 48
267, 49
267, 50
267, 51
267, 52
267, 53
267, 54
267, 55
267, 56
267, 57
267, 58
267, 59
267, 60
267, 61
267, 62
267, 63
267, 64
267, 65
267, 66
267, 67
267, 68
267, 69
267, 70
267, 71
267, 72
267, 73
267, 74
267, 75
267, 76
267, 77
267, 78
268, 12
268, 13
268, 14
268, 15
268, 16
268, 17
268, 18
268, 19
268, 20
268, 21
268, 22
268, 23
268, 24
268, 25
268, 26
268, 27
268, 28
268, 29
268, 30
268, 31
268, 32
268, 33
268, 34
268, 35
268, 36
268, 37
268, 38
268, 39
268, 40
268, 46
268, 47
268, 48
268, 49
268, 50
268, 51
268, 52
268, 53
268, 54
268, 55
268, 56
268, 57
268, 58
268, 59
268, 60
268, 61
268, 62
268, 63
268, 64
268, 65
268, 66
268, 67
268, 68
268, 69
268, 70
268, 71
268, 72
268, 73
268, 74
268, 75
268, 76
268, 77
268, 78
269, 12
269, 13
269, 14
269, 15
269, 16
269, 17
269, 18
269, 19
269, 20
269, 21
269, 22
269, 23
269, 24
269, 25
269, 26
269, 27
269, 28
269, 29
269, 30
269, 31
269, 32
269, 33
269, 34
269, 35
269, 36
269, 37
269, 38
269, 39
269, 40
269, 46
269, 47
269, 48
269, 49
269, 50
269, 51
269, 52
269, 53
269, 54
269, 55
269, 56
269, 57
269, 58
269, 59
269, 60
269, 61
269, 62
269, 63
269, 64
269, 65
269, 66
269, 67
269, 68
269, 69
269, 70
269, 71
269, 72
269, 73
269, 74
269, 75
269, 76
269, 77
269, 78
270, 12
270, 13
270, 14
270, 15
270, 16
270, 17
270, 18
270, 19
270, 20
270, 21
270, 22
270, 23
270, 24
270, 25
270, 26
270, 27
270, 28
270, 29
270, 30
270, 31
270, 32
270, 33
270, 34
270, 35
270, 36
270, 37
270, 38
270, 39
270, 40
270, 46
270, 47
270, 48
270, 49
270, 50
270, 51
270, 52
270, 53
270, 54
270, 55
270, 56
270, 57
270, 58
270, 59
270, 60
270, 61
270, 62
270, 63
270, 64
270, 65
270, 66
270, 67
270, 68
270, 69
270, 70
270, 71
270, 72
270, 73
270, 74
270, 75
270, 76
270, 77
270, 78
271, 12
271, 13
271, 14
271, 15
271, 16
271, 17
271, 18
271, 19
271, 20
271, 21
271, 22
271, 23
271, 24
271, 25
271, 26
271, 27
271, 28
271, 29
271, 30
271, 31
271, 32
271, 33
271, 34
271, 35
271, 36
271, 37
271, 38
271, 39
271, 40
271, 46
271, 47
271, 48
271, 49
271, 50
271, 51
271, 52
271, 53
271, 54
271, 55
271, 56
271, 57
271, 58
271, 59
271, 60
271, 61
271, 62
271, 63
271, 64
271, 65
271, 66
271, 67
271, 68
271, 69
271, 70
271, 71
271, 72
271, 73
271, 74
271, 75
271, 76
271, 77
271, 78
272, 12
272, 13
272, 14
272, 15
272, 16
272, 17
272, 18
272, 19
272, 20
272, 21
272, 22
272, 23
272, 24
272, 25
272, 26
272, 27
272, 28
272, 29
272, 30
272, 31
272, 32
272, 33
272, 34
272, 35
272, 36
272, 37
272, 38
272, 39
272, 40
272, 46
272, 47
272, 48
272, 49
272, 50
272, 51
272, 52
272, 53
272, 54
272, 55
272, 56
272, 57
272, 58
272, 59
272, 60
272, 61
272, 62
272, 63
272, 64
272, 65
272, 66
272, 67
272, 68
272, 69
272, 70
272, 71
272, 72
272, 73
272, 74
272, 75
272, 76
272, 77
272, 78
273, 12
273, 13
273, 14
273, 15
273, 16
273, 17
273, 18
273, 19
273, 20
273, 21
273, 22
273, 23
273, 24
273, 25
273, 26
273, 27
273, 28
273, 29
273, 30
273, 31
273, 32
273, 33
273, 34
273, 35
273, 36
273, 37
273, 38
273, 39
273, 46
273, 47
273, 48
273, 49
273, 50
273, 51
273, 52
273, 53
273, 54
273, 55
273, 56
273, 57
273, 58
273, 59
273, 60
273, 61
273, 62
273, 63
273, 64
273, 65
273, 66
273, 67
273, 68
273, 69
273, 70
273, 71
273, 72
273, 73
273, 74
273, 75
273, 76
273, 77
273, 78
274, 12
274, 13
274, 14
274, 15
274, 16
274, 17
274, 18
274, 19
274, 20
274, 21
274, 22
274, 23
274, 24
274, 25
274, 26
274, 27
274, 28
274, 29
274, 30
274, 31
274, 32
274, 33
274, 34
274, 35
274, 36
274, 37
274, 38
274, 39
274, 46
274, 47
274, 48
274, 49
274, 50
274, 51
274, 52
274, 53
274, 54
274, 55
274, 56
274, 57
274, 58
274, 59
274, 60
274, 61
274, 62
274, 63
274, 64
274, 65
274, 66
274, 67
274, 68
274, 69
274, 70
274, 71
274, 72
274, 73
274, 74
274, 75
274, 76
274, 77
274, 78
275, 12
275, 13
275, 14
275, 15
275, 16
275, 17
275, 18
275, 19
275, 20
275, 21
275, 22
275, 23
275, 24
275, 25
275, 26
275, 27
275, 28
275, 29
275, 30
275, 31
275, 32
275, 33
275, 34
275, 35
275, 36
275, 37
275, 38
275, 39
275, 46
275, 47
275, 48
275, 49
275, 50
275, 51
275, 52
275, 53
275, 54
275, 55
275, 56
275, 57
275, 58
275, 59
275, 60
275, 61
275, 62
275, 63
275, 64
275, 65
275, 66
275, 67
275, 68
275, 69
275, 70
275, 71
275, 72
275, 73
275, 74
275, 75
275, 76
275, 77
275, 78
276, 12
276, 13
276, 14
276, 15
276, 16
276, 17
276, 18
276, 19
276, 20
276, 21
276, 22
276, 23
276, 24
276, 25
276, 26
276, 27
276, 28
276, 29
276, 30
276, 31
276, 32
276, 33
276, 34
276, 35
276, 36
276, 37
276, 38
276, 46
276, 47
276, 48
276, 49
276, 50
276, 51
276, 52
276, 53
276, 54
276, 55
276, 56
276, 57
276, 58
276, 59
276, 60
276, 61
276, 62
276, 63
276, 64
276, 65
276, 66
276, 67
276, 68
276, 69
276, 70
276, 71
276, 72
276, 73
276, 74
276, 75
276, 76
276, 77
276, 78
277, 12
277, 13
277, 14
277, 15
277, 16
277, 17
277, 18
277, 19
277, 20
277, 21
277, 22
277, 23
277, 24
277, 25
277, 26
277, 27
277, 28
277, 29
277, 30
277, 31
277, 32
277, 33
277, 34
277, 35
277, 36
277, 37
277, 38
277, 46
277, 47
277, 48
277, 49
277, 50
277, 51
277, 52
277, 53
277, 54
277, 55
277, 56
277, 57
277, 58
277, 59
277, 60
277, 61
277, 62
277, 63
277, 64
277, 65
277, 66
277, 67
277, 68
277, 69
277, 70
277, 71
277, 72
277, 73
277, 74
277, 75
277, 76
277, 77
277, 78
278, 12
278, 13
278, 14
278, 15
278, 16
278, 17
278, 18
278, 19
278, 20
278, 21
278, 22
278, 23
278, 24
278, 25
278, 26
278, 27
278, 28
278, 29
278, 30
278, 31
278, 32
278, 33
278, 34
278, 35
278, 36
278, 37
278, 38
278, 46
278, 47
278, 48
278, 49
278, 50
278, 51
278, 52
278, 53
278, 54
278, 55
278, 56
278, 57
278, 58
278, 59
278, 60
278, 61
278, 62
278, 63
278, 64
278, 65
278, 66
278, 67
278, 68
278, 69
278, 70
278, 71
278, 72
278, 73
278, 74
278, 75
278, 76
278, 77
278, 78
279, 12
279, 13
279, 14
279, 15
279, 16
279, 17
279, 18
279, 19
279, 20
279, 21
279, 22
279, 23
279, 24
279, 25
279, 26
279, 27
279, 28
279, 29
279, 30
279, 31
279, 32
279, 33
279, 34
279, 35
279, 36
279, 37
279, 38
279, 46
279, 47
279, 48
279, 49
279, 50
279, 51
279, 52
279, 53
279, 54
279, 55
279, 56
279, 57
279, 58
279, 59
279, 60
279, 61
279, 62
279, 63
279, 64
279, 65
279, 66
279, 67
279, 68
279, 69
279, 70
279, 71
279, 72
279, 73
279, 74
279, 75
279, 76
279, 77
279, 78
280, 12
280, 13
280, 14
280, 15
280, 16
280, 17
280, 18
280, 19
280, 20
280, 21
280, 22
280, 23
280, 24
280, 25
280, 26
280, 27
280, 28
280, 29
280, 30
280, 31
280, 32
280, 33
280, 34
280, 35
280, 36
280, 37
280, 38
280, 46
280, 47
280, 48
280, 49
280, 50
280, 51
280, 52
280, 53
280, 54
280, 55
280, 56
280, 57
280, 58
280, 59
280, 60
280, 61
280, 62
280, 63
280, 64
280, 65
280, 66
280, 67
280, 68
280, 69
280, 70
280, 71
280, 72
280, 73
280, 74
280, 75
280, 76
280, 77
280, 78
281, 12
281, 13
281, 14
281, 15
281, 16
281, 17
281, 18
281, 19
281, 20
281, 21
281, 22
281, 23
281, 24
281, 25
281, 26
281, 27
281, 28
281, 29
281, 30
281, 31
281, 32
281, 33
281, 34
281, 35
281, 36
281, 37
281, 46
281, 47
281, 48
281, 49
281, 50
281, 51
281, 52
281, 53
281, 54
281, 55
281, 56
281, 57
281, 58
281, 59
281, 60
281, 61
281, 62
281, 63
281, 64
281, 65
281, 66
281, 67
281, 68
281, 69
281, 70
281, 71
281, 72
281, 73
281, 74
281, 75
281, 76
281, 77
281, 78
282, 12
282, 13
282, 14
282, 15
282, 16
282, 17
282, 18
282, 19
282, 20
282, 21
282, 22
282, 23
282, 24
282, 25
282, 26
282, 27
282, 28
282, 29
282, 30
282, 31
282, 32
282, 33
282, 34
282, 35
282, 36
282, 37
282, 46
282, 47
282, 48
282, 49
282, 50
282, 51
282, 52
282, 53
282, 54
282, 55
282, 56
282, 57
282, 58
282, 59
282, 60
282, 61
282, 62
282, 63
282, 64
282, 65
282, 66
282, 67
282, 68
282, 69
282, 70
282, 71
282, 72
282, 73
282, 74
282, 75
282, 76
282, 77
282, 78
283, 12
283, 13
283, 14
283, 15
283, 16
283, 17
283, 18
283, 19
283, 20
283, 21
283, 22
283, 23
283, 24
283, 25
283, 26
283, 27
283, 28
283, 29
283, 30
283, 31
283, 32
283, 33
283, 34
283, 35
283, 36
283, 37
283, 46
283, 47
283, 48
283, 49
283, 50
283, 51
283, 52
283, 53
283, 54
283, 55
283, 56
283, 57
283, 58
283, 59
283, 60
283, 61
283, 62
283, 63
283, 64
283, 65
283, 66
283, 67
283, 68
283, 69
283, 70
283, 71
283, 72
283, 73
283, 74
283, 75
283, 76
283, 77
283, 78
284, 12
284, 13
284, 14
284, 15
284, 16
284, 17
284, 18
284, 19
284, 20
284, 21
284, 22
284, 23
284, 24
284, 25
284, 26
284, 27
284, 28
284, 29
284, 30
284, 31
284, 32
284, 33
284, 34
284, 35
284, 36
284, 37
284, 46
284, 47
284, 48
284, 49
284, 50
284, 51
284, 52
284, 53
284, 54
284, 55
284, 56
284, 57
284, 58
284, 59
284, 60
284, 61
284, 62
284, 63
284, 64
284, 65
284, 66
284, 67
284, 68
284, 69
284, 70
284, 71
284, 72
284, 73
284, 74
284, 75
284, 76
284, 77
284, 78
285, 12
285, 13
285, 14
285, 15
285, 16
285, 17
285, 18
285, 19
285, 20
285, 21
285, 22
285, 23
285, 24
285, 25
285, 26
285, 27
285, 28
285, 29
285, 30
285, 31
285, 32
285, 33
285, 34
285, 35
285, 36
285, 46
285, 47
285, 48
285, 49
285, 50
285, 51
285, 52
285, 53
285, 54
285, 55
285, 56
285, 57
285, 58
285, 59
285, 60
285, 61
285, 62
285, 63
285, 64
285, 65
285, 66
285, 67
285, 68
285, 69
285, 70
285, 71
285, 72
285, 73
285, 74
285, 75
285, 76
285, 77
285, 78
286, 12
286, 13
286, 14
286, 15
286, 16
286, 17
286, 18
286, 19
286, 20
286, 21
286, 22
286, 23
286, 24
286, 25
286, 26
286, 27
286, 28
286, 29
286, 30
286, 31
286, 32
286, 33
286, 34
286, 35
286, 36
286, 46
286, 47
286, 48
286, 49
286, 50
286, 51
286, 52
286, 53
286, 54
286, 55
286, 56
286, 57
286, 58
286, 59
286, 60
286, 61
286, 62
286, 63
286, 64
286, 65
286, 66
286, 67
286, 68
286, 69
286, 70
286, 71
286, 72
286, 73
286, 74
286, 75
286, 76
286, 77
286, 78
287, 12
287, 13
287, 14
287, 15
287, 16
287, 17
287, 18
287, 19
287, 20
287, 21
287, 22
287, 23
287, 24
287, 25
287, 26
287, 27
287, 28
287, 29
287, 30
287, 31
287, 32
287, 33
287, 34
287, 35
287, 36
287, 46
287, 47
287, 48
287, 49
287, 50
287, 51
287, 52
287, 53
287, 54
287, 55
287, 56
287, 57
287, 58
287, 59
287, 60
287, 61
287, 62
287, 63
287, 64
287, 65
287, 66
287, 67
287, 68
287, 69
287, 70
287, 71
287, 72
287, 73
287, 74
287, 75
287, 76
287, 77
287, 78
288, 12
288, 13
288, 14
288, 15
288, 16
288, 17
288, 18
288, 19
288, 20
288, 21
288, 22
288, 23
288, 24
288, 25
288, 26
288, 27
288, 28
288, 29
288, 30
288, 31
288, 32
288, 33
288, 34
288, 35
288, 36
288, 46
288, 47
288, 48
288, 49
288, 50
288, 51
288, 52
288, 53
288, 54
288, 55
288, 56
288, 57
288, 58
288, 59
288, 60
288, 61
288, 62
288, 63
288, 64
288, 65
288, 66
288, 67
288, 68
288, 69
288, 70
288, 71
288, 72
288, 73
288, 74
288, 75
288, 76
288, 77
288, 78
289, 12
289, 13
289, 14
289, 15
289, 16
289, 17
289, 18
289, 19
289, 20
289, 21
289, 22
289, 23
289, 24
289, 25
289, 26
289, 27
289, 28
289, 29
289, 30
289, 31
289, 32
289, 33
289, 34
289, 35
289, 46
289, 47
289, 48
289, 49
289, 50
289, 51
289, 52
289, 53
289, 54
289, 55
289, 56
289, 57
289, 58
289, 59
289, 60
289, 61
289, 62
289, 63
289, 64
289, 65
289, 66
289, 67
289, 68
289, 69
289, 70
289, 71
289, 72
289, 73
289, 74
289, 75
289, 76
289, 77
289, 78
290, 12
290, 13
290, 14
290, 15
290, 16
290, 17
290, 18
290, 19
290, 20
290, 21
290, 22
290, 23
290, 24
290, 25
290, 26
290, 27
290, 28
290, 29
290, 30
290, 31
290, 32
290, 33
290, 34
290, 35
290, 46
290, 47
290, 48
290, 49
290, 50
290, 51
290, 52
290, 53
290, 54
290, 55
290, 56
290, 57
290, 58
290, 59
290, 60
290, 61
290, 62
290, 63
290, 64
290, 65
290, 66
290, 67
290, 68
290, 69
290, 70
290, 71
290, 72
290, 73
290, 74
290, 75
290, 76
290, 77
290, 78
291, 12
291, 13
291, 14
291, 15
291, 16
291, 17
291, 18
291, 19
291, 20
291, 21
291, 22
291, 23
291, 24
291, 25
291, 26
291, 27
291, 28
291, 29
291, 30
291, 31
291, 32
291, 33
291, 34
291, 35
291, 47
291, 48
291, 49
291, 50
291, 51
291, 52
291, 53
291, 54
291, 55
291, 56
291, 57
291, 58
291, 59
291, 60
291, 61
291, 62
291, 63
291, 64
291, 65
291, 66
291, 67
291, 68
291, 69
291, 70
291, 71
291, 72
291, 73
291, 74
291, 75
291, 76
291, 77
291, 78
292, 12
292, 13
292, 14
292, 15
292, 16
292, 17
292, 18
292, 19
292, 20
292, 21
292, 22
292, 23
292, 24
292, 25
292, 26
292, 27
292, 28
292, 29
292, 30
292, 31
292, 32
292, 33
292, 34
292, 35
292, 47
292, 48
292, 49
292, 50
292, 51
292, 52
292, 53
292, 54
292, 55
292, 56
292, 57
292, 58
292, 59
292, 60
292, 61
292, 62
292, 63
292, 64
292, 65
292, 66
292, 67
292, 68
292, 69
292, 70
292, 71
292, 72
292, 73
292, 74
292, 75
292, 76
292, 77
292, 78
293, 12
293, 13
293, 14
293, 15
293, 16
293, 17
293, 18
293, 19
293, 20
293, 21
293, 22
293, 23
293, 24
293, 25
293, 26
293, 27
293, 28
293, 29
293, 30
293, 31
293, 32
293, 33
293, 34
293, 47
293, 48
293, 49
293, 50
293, 51
293, 52
293, 53
293, 54
293, 55
293, 56
293, 57
293, 58
293, 59
293, 60
293, 61
293, 62
293, 63
293, 64
293, 65
293, 66
293, 67
293, 68
293, 69
293, 70
293, 71
293, 72
293, 73
293, 74
293, 75
293, 76
293, 77
293, 78
294, 12
294, 13
294, 14
294, 15
294, 16
294, 17
294, 18
294, 19
294, 20
294, 21
294, 22
294, 23
294, 24
294, 25
294, 26
294, 27
294, 28
294, 29
294, 30
294, 31
294, 32
294, 33
294, 34
294, 47
294, 48
294, 49
294, 50
294, 51
294, 52
294, 53
294, 54
294, 55
294, 56
294, 57
294, 58
294, 59
294, 60
294, 61
294, 62
294, 63
294, 64
294, 65
294, 66
294, 67
294, 68
294, 69
294, 70
294, 71
294, 72
294, 73
294, 74
294, 75
294, 76
294, 77
294, 78
295, 12
295, 13
295, 14
295, 15
295, 16
295, 17
295, 18
295, 19
295, 20
295, 21
295, 22
295, 23
295, 24
295, 25
295, 26
295, 27
295, 28
295, 29
295, 30
295, 31
295, 32
295, 33
295, 34
295, 47
295, 48
295, 49
295, 50
295, 51
295, 52
295, 53
295, 54
295, 55
295, 56
295, 57
295, 58
295, 59
295, 60
295, 61
295, 62
295, 63
295, 64
295, 65
295, 66
295, 67
295, 68
295, 69
295, 70
295, 71
295, 72
295, 73
295, 74
295, 75
295, 76
295, 77
295, 78
296, 12
296, 13
296, 14
296, 15
296, 16
296, 17
296, 18
296, 19
296, 20
296, 21
296, 22
296, 23
296, 24
296, 25
296, 26
296, 27
296, 28
296, 29
296, 30
296, 31
296, 32
296, 33
296, 34
296, 47
296, 48
296, 49
296, 50
296, 51
296, 52
296, 53
296, 54
296, 55
296, 56
296, 57
296, 58
296, 59
296, 60
296, 61
296, 62
296, 63
296, 64
296, 65
296, 66
296, 67
296, 68
296, 69
296, 70
296, 71
296, 72
296, 73
296, 74
296, 75
296, 76
296, 77
296, 78
297, 12
297, 13
297, 14
297, 15
297, 16
297, 17
297, 18
297, 19
297, 20
297, 21
297, 22
297, 23
297, 24
297, 25
297, 26
297, 27
297, 28
297, 29
297, 30
297, 31
297, 32
297, 33
297, 34
297, 47
297, 48
297, 49
297, 50
297, 51
297, 52
297, 53
297, 54
297, 55
297, 56
297, 57
297, 58
297, 59
297, 60
297, 61
297, 62
297, 63
297, 64
297, 65
297, 66
297, 67
297, 68
297, 69
297, 70
297, 71
297, 72
297, 73
297, 74
297, 75
297, 76
297, 77
297, 78
298, 12
298, 13
298, 14
298, 15
298, 16
298, 17
298, 18
298, 19
298, 20
298, 21
298, 22
298, 23
298, 24
298, 25
298, 26
298, 27
298, 28
298, 29
298, 30
298, 31
298, 32
298, 33
298, 34
298, 47
298, 48
298, 49
298, 50
298, 51
298, 52
298, 53
298, 54
298, 55
298, 56
298, 57
298, 58
298, 59
298, 60
298, 61
298, 62
298, 63
298, 64
298, 65
298, 66
298, 67
298, 68
298, 69
298, 70
298, 71
298, 72
298, 73
298, 74
298, 75
298, 76
298, 77
298, 78
299, 12
299, 13
299, 14
299, 15
299, 16
299, 17
299, 18
299, 19
299, 20
299, 21
299, 22
299, 23
299, 24
299, 25
299, 26
299, 27
299, 28
299, 29
299, 30
299, 31
299, 32
299, 33
299, 34
299, 47
299, 48
299, 49
299, 50
299, 51
299, 52
299, 53
299, 54
299, 55
299, 56
299, 57
299, 58
299, 59
299, 60
299, 61
299, 62
299, 63
299, 64
299, 65
299, 66
299, 67
299, 68
299, 69
299, 70
299, 71
299, 72
299, 73
299, 74
299, 75
299, 76
299, 77
299, 78
300, 12
300, 13
300, 14
300, 15
300, 16
300, 17
300, 18
300, 19
300, 20
300, 21
300, 22
300, 23
300, 24
300, 25
300, 26
300, 27
300, 28
300, 29
300, 30
300, 31
300, 32
300, 33
300, 47
300, 48
300, 49
300, 50
300, 51
300, 52
300, 53
300, 54
300, 55
300, 56
300, 57
300, 58
300, 59
300, 60
300, 61
300, 62
300, 63
300, 64
300, 65
300, 66
300, 67
300, 68
300, 69
300, 70
300, 71
300, 72
300, 73
300, 74
300, 75
300, 76
300, 77
300, 78
301, 12
301, 13
301, 14
301, 15
301, 16
301, 17
301, 18
301, 19
301, 20
301, 21
301, 22
301, 23
301, 24
301, 25
301, 26
301, 27
301, 28
301, 29
301, 30
301, 31
301, 32
301, 33
301, 47
301, 48
301, 49
301, 50
301, 51
301, 52
301, 53
301, 54
301, 55
301, 56
301, 57
301, 58
301, 59
301, 60
301, 61
301, 62
301, 63
301, 64
301, 65
301, 66
301, 67
301, 68
301, 69
301, 70
301, 71
301, 72
301, 73
301, 74
301, 75
301, 76
301, 77
302, 12
302, 13
302, 14
302, 15
302, 16
302, 17
302, 18
302, 19
302, 20
302, 21
302, 22
302, 23
302, 24
302, 25
302, 26
302, 27
302, 28
302, 29
302, 30
302, 31
302, 32
302, 33
302, 47
302, 48
302, 49
302, 50
302, 51
302, 52
302, 53
302, 54
302, 55
302, 56
302, 57
302, 58
302, 59
302, 60
302, 61
302, 62
302, 63
302, 64
302, 65
302, 66
302, 67
302, 68
302, 69
302, 70
302, 71
302, 72
302, 73
302, 74
302, 75
302, 76
302, 77
303, 12
303, 13
303, 14
303, 15
303, 16
303, 17
303, 18
303, 19
303, 20
303, 21
303, 22
303, 23
303, 24
303, 25
303, 26
303, 27
303, 28
303, 29
303, 30
303, 31
303, 32
303, 33
303, 47
303, 48
303, 49
303, 50
303, 51
303, 52
303, 53
303, 54
303, 55
303, 56
303, 57
303, 58
303, 59
303, 60
303, 61
303, 62
303, 63
303, 64
303, 65
303, 66
303, 67
303, 68
303, 69
303, 70
303, 71
303, 72
303, 73
303, 74
303, 75
303, 76
303, 77
304, 12
304, 13
304, 14
304, 15
304, 16
304, 17
304, 18
304, 19
304, 20
304, 21
304, 22
304, 23
304, 24
304, 25
304, 26
304, 27
304, 28
304, 29
304, 30
304, 31
304, 32
304, 33
304, 47
304, 48
304, 49
304, 50
304, 51
304, 52
304, 53
304, 54
304, 55
304, 56
304, 57
304, 58
304, 59
304, 60
304, 61
304, 62
304, 63
304, 64
304, 65
304, 66
304, 67
304, 68
304, 69
304, 70
304, 71
304, 72
304, 73
304, 74
304, 75
304, 76
304, 77
305, 12
305, 13
305, 14
305, 15
305, 16
305, 17
305, 18
305, 19
305, 20
305, 21
305, 22
305, 23
305, 24
305, 25
305, 26
305, 27
305, 28
305, 29
305, 30
305, 31
305, 32
305, 33
305, 47
305, 48
305, 49
305, 50
305, 51
305, 52
305, 53
305, 54
305, 55
305, 56
305, 57
305, 58
305, 59
305, 60
305, 61
305, 62
305, 63
305, 64
305, 65
305, 66
305, 67
305, 68
305, 69
305, 70
305, 71
305, 72
305, 73
305, 74
305, 75
305, 76
305, 77
306, 12
306, 13
306, 14
306, 15
306, 16
306, 17
306, 18
306, 19
306, 20
306, 21
306, 22
306, 23
306, 24
306, 25
306, 26
306, 27
306, 28
306, 29
306, 30
306, 31
306, 32
306, 47
306, 48
306, 49
306, 50
306, 51
306, 52
306, 53
306, 54
306, 55
306, 56
306, 57
306, 58
306, 59
306, 60
306, 61
306, 62
306, 63
306, 64
306, 65
306, 66
306, 67
306, 68
306, 69
306, 70
306, 71
306, 72
306, 73
306, 74
306, 75
306, 76
306, 77
307, 12
307, 13
307, 14
307, 15
307, 16
307, 17
307, 18
307, 19
307, 20
307, 21
307, 22
307, 23
307, 24
307, 25
307, 26
307, 27
307, 28
307, 29
307, 30
307, 31
307, 32
307, 47
307, 48
307, 49
307, 50
307, 51
307, 52
307, 53
307, 54
307, 55
307, 56
307, 57
307, 58
307, 59
307, 60
307, 61
307, 62
307, 63
307, 64
307, 65
307, 66
307, 67
307, 68
307, 69
307, 70
307, 71
307, 72
307, 73
307, 74
307, 75
307, 76
307, 77
308, 12
308, 13
308, 14
308, 15
308, 16
308, 17
308, 18
308, 19
308, 20
308, 21
308, 22
308, 23
308, 24
308, 25
308, 26
308, 27
308, 28
308, 29
308, 30
308, 31
308, 32
308, 47
308, 48
308, 49
308, 50
308, 51
308, 52
308, 53
308, 54
308, 55
308, 56
308, 57
308, 58
308, 59
308, 60
308, 61
308, 62
308, 63
308, 64
308, 65
308, 66
308, 67
308, 68
308, 69
308, 70
308, 71
308, 72
308, 73
308, 74
308, 75
308, 76
308, 77
309, 12
309, 13
309, 14
309, 15
309, 16
309, 17
309, 18
309, 19
309, 20
309, 21
309, 22
309, 23
309, 24
309, 25
309, 26
309, 27
309, 28
309, 29
309, 30
309, 31
309, 32
309, 48
309, 49
309, 50
309, 51
309, 52
309, 53
309, 54
309, 55
309, 56
309, 57
309, 58
309, 59
309, 60
309, 61
309, 62
309, 63
309, 64
309, 65
309, 66
309, 67
309, 68
309, 69
309, 70
309, 71
309, 72
309, 73
309, 74
309, 75
309, 76
309, 77
310, 12
310, 13
310, 14
310, 15
310, 16
310, 17
310, 18
310, 19
310, 20
310, 21
310, 22
310, 23
310, 24
310, 25
310, 26
310, 27
310, 28
310, 29
310, 30
310, 31
310, 48
310, 49
310, 50
310, 51
310, 52
310, 53
310, 54
310, 55
310, 56
310, 57
310, 58
310, 59
310, 60
310, 61
310, 62
310, 63
310, 64
310, 65
310, 66
310, 67
310, 68
310, 69
310, 70
310, 71
310, 72
310, 73
310, 74
310, 75
310, 76
310, 77
311, 12
311, 13
311, 14
311, 15
311, 16
311, 17
311, 18
311, 19
311, 20
311, 21
311, 22
311, 23
311, 24
311, 25
311, 26
311, 27
311, 28
311, 29
311, 30
311, 31
311, 32
311, 47
311, 48
311, 49
311, 50
311, 51
311, 52
311, 53
311, 54
311, 55
311, 56
311, 57
311, 58
311, 59
311, 60
311, 61
311, 62
311, 63
311, 64
311, 65
311, 66
311, 67
311, 68
311, 69
311, 70
311, 71
311, 72
311, 73
311, 74
311, 75
311, 76
311, 77
312, 12
312, 13
312, 14
312, 15
312, 16
312, 17
312, 18
312, 19
312, 20
312, 21
312, 22
312, 23
312, 24
312, 25
312, 26
312, 27
312, 28
312, 29
312, 30
312, 31
312, 32
312, 47
312, 48
312, 49
312, 50
312, 51
312, 52
312, 53
312, 54
312, 55
312, 56
312, 57
312, 58
312, 59
312, 60
312, 61
312, 62
312, 63
312, 64
312, 65
312, 66
312, 67
312, 68
312, 69
312, 70
312, 71
312, 72
312, 73
312, 74
312, 75
312, 76
312, 77
313, 12
313, 13
313, 14
313, 15
313, 16
313, 17
313, 18
313, 19
313, 20
313, 21
313, 22
313, 23
313, 24
313, 25
313, 26
313, 27
313, 28
313, 29
313, 30
313, 31
313, 32
313, 47
313, 48
313, 49
313, 50
313, 51
313, 52
313, 53
313, 54
313, 55
313, 56
313, 57
313, 58
313, 59
313, 60
313, 61
313, 62
313, 63
313, 64
313, 65
313, 66
313, 67
313, 68
313, 69
313, 70
313, 71
313, 72
313, 73
313, 74
313, 75
313, 76
313, 77
314, 12
314, 13
314, 14
314, 15
314, 16
314, 17
314, 18
314, 19
314, 20
314, 21
314, 22
314, 23
314, 24
314, 25
314, 26
314, 27
314, 28
314, 29
314, 30
314, 31
314, 32
314, 47
314, 48
314, 49
314, 50
314, 51
314, 52
314, 53
314, 54
314, 55
314, 56
314, 57
314, 58
314, 59
314, 60
314, 61
314, 62
314, 63
314, 64
314, 65
314, 66
314, 67
314, 68
314, 69
314, 70
314, 71
314, 72
314, 73
314, 74
314, 75
314, 76
314, 77
315, 12
315, 13
315, 14
315, 15
315, 16
315, 17
315, 18
315, 19
315, 20
315, 21
315, 22
315, 23
315, 24
315, 25
315, 26
315, 27
315, 28
315, 29
315, 30
315, 31
315, 32
315, 47
315, 48
315, 49
315, 50
315, 51
315, 52
315, 53
315, 54
315, 55
315, 56
315, 57
315, 58
315, 59
315, 60
315, 61
315, 62
315, 63
315, 64
315, 65
315, 66
315, 67
315, 68
315, 69
315, 70
315, 71
315, 72
315, 73
315, 74
315, 75
315, 76
315, 77
316, 12
316, 13
316, 14
316, 15
316, 16
316, 17
316, 18
316, 19
316, 20
316, 21
316, 22
316, 23
316, 24
316, 25
316, 26
316, 27
316, 28
316, 29
316, 30
316, 31
316, 32
316, 47
316, 48
316, 49
316, 50
316, 51
316, 52
316, 53
316, 54
316, 55
316, 56
316, 57
316, 58
316, 59
316, 60
316, 61
316, 62
316, 63
316, 64
316, 65
316, 66
316, 67
316, 68
316, 69
316, 70
316, 71
316, 72
316, 73
316, 74
316, 75
316, 76
316, 77
317, 13
317, 14
317, 15
317, 16
317, 17
317, 18
317, 19
317, 20
317, 21
317, 22
317, 23
317, 24
317, 25
317, 26
317, 27
317, 28
317, 29
317, 30
317, 31
317, 47
317, 48
317, 49
317, 50
317, 51
317, 52
317, 53
317, 54
317, 55
317, 56
317, 57
317, 58
317, 59
317, 60
317, 61
317, 62
317, 63
317, 64
317, 65
317, 66
317, 67
317, 68
317, 69
317, 70
317, 71
317, 72
317, 73
317, 74
317, 75
317, 76
317, 77
318, 13
318, 14
318, 15
318, 16
318, 17
318, 18
318, 19
318, 20
318, 21
318, 22
318, 23
318, 24
318, 25
318, 26
318, 27
318, 28
318, 29
318, 30
318, 31
318, 47
318, 48
318, 49
318, 50
318, 51
318, 52
318, 53
318, 54
318, 55
318, 56
318, 57
318, 58
318, 59
318, 60
318, 61
318, 62
318, 63
318, 64
318, 65
318, 66
318, 67
318, 68
318, 69
318, 70
318, 71
318, 72
318, 73
318, 74
318, 75
318, 76
318, 77
319, 13
319, 14
319, 15
319, 16
319, 17
319, 18
319, 19
319, 20
319, 21
319, 22
319, 23
319, 24
319, 25
319, 26
319, 27
319, 28
319, 29
319, 30
319, 31
319, 47
319, 48
319, 49
319, 50
319, 51
319, 52
319, 53
319, 54
319, 55
319, 56
319, 57
319, 58
319, 59
319, 60
319, 61
319, 62
319, 63
319, 64
319, 65
319, 66
319, 67
319, 68
319, 69
319, 70
319, 71
319, 72
319, 73
319, 74
319, 75
319, 76
319, 77
320, 13
320, 14
320, 15
320, 16
320, 17
320, 18
320, 19
320, 20
320, 21
320, 22
320, 23
320, 24
320, 25
320, 26
320, 27
320, 28
320, 29
320, 30
320, 31
320, 47
320, 48
320, 49
320, 50
320, 51
320, 52
320, 53
320, 54
320, 55
320, 56
320, 57
320, 58
320, 59
320, 60
320, 61
320, 62
320, 63
320, 64
320, 65
320, 66
320, 67
320, 68
320, 69
320, 70
320, 71
320, 72
320, 73
320, 74
320, 75
320, 76
320, 77
321, 16
321, 17
321, 18
321, 19
321, 20
321, 21
321, 22
321, 23
321, 24
321, 25
321, 26
321, 27
321, 28
321, 29
321, 30
321, 31
321, 47
321, 48
321, 49
321, 50
321, 51
321, 52
321, 53
321, 54
321, 55
321, 56
321, 57
321, 58
321, 59
321, 60
321, 61
321, 62
321, 63
321, 64
321, 65
321, 66
321, 67
321, 68
321, 69
321, 70
321, 71
321, 72
321, 73
321, 74
321, 75
321, 76
321, 77
322, 17
322, 18
322, 19
322, 20
322, 21
322, 22
322, 23
322, 24
322, 25
322, 26
322, 27
322, 28
322, 29
322, 30
322, 47
322, 48
322, 49
322, 50
322, 51
322, 52
322, 53
322, 54
322, 55
322, 56
322, 57
322, 58
322, 59
322, 60
322, 61
322, 62
322, 63
322, 64
322, 65
322, 66
322, 67
322, 68
322, 69
322, 70
322, 71
322, 72
322, 73
322, 74
322, 75
322, 76
322, 77
323, 19
323, 20
323, 21
323, 22
323, 23
323, 24
323, 25
323, 26
323, 27
323, 28
323, 29
323, 47
323, 48
323, 49
323, 50
323, 51
323, 52
323, 53
323, 54
323, 55
323, 56
323, 57
323, 58
323, 59
323, 60
323, 61
323, 62
323, 63
323, 64
323, 65
323, 66
323, 67
323, 68
323, 69
323, 70
323, 71
323, 72
323, 73
323, 74
323, 75
323, 76
323, 77
324, 47
324, 48
324, 49
324, 50
324, 51
324, 52
324, 53
324, 54
324, 55
324, 56
324, 57
324, 58
324, 59
324, 60
324, 61
324, 62
324, 63
324, 64
324, 65
324, 66
324, 67
324, 68
324, 69
324, 70
324, 71
324, 72
324, 73
324, 74
324, 75
324, 76
324, 77
325, 46
325, 47
325, 48
325, 49
325, 50
325, 51
325, 52
325, 53
325, 54
325, 55
325, 56
325, 57
325, 58
325, 59
325, 60
325, 61
325, 62
325, 63
325, 64
325, 65
325, 66
325, 67
325, 68
325, 69
325, 70
325, 71
325, 72
325, 73
325, 74
325, 75
325, 76
325, 77
326, 46
326, 47
326, 48
326, 49
326, 50
326, 51
326, 52
326, 53
326, 54
326, 55
326, 56
326, 57
326, 58
326, 59
326, 60
326, 61
326, 62
326, 63
326, 64
326, 65
326, 66
326, 67
326, 68
326, 69
326, 70
326, 71
326, 72
326, 73
326, 74
326, 75
326, 76
326, 77
327, 47
327, 48
327, 49
327, 50
327, 51
327, 52
327, 53
327, 54
327, 55
327, 56
327, 57
327, 58
327, 59
327, 60
327, 61
327, 62
327, 63
327, 64
327, 65
327, 66
327, 67
327, 68
327, 69
327, 70
327, 71
327, 72
327, 73
327, 74
327, 75
327, 76
327, 77
328, 48
328, 49
328, 50
328, 51
328, 52
328, 53
328, 54
328, 55
328, 56
328, 57
328, 58
328, 59
328, 60
328, 61
328, 62
328, 63
328, 64
328, 65
328, 66
328, 67
328, 68
328, 69
328, 70
328, 71
328, 72
328, 73
328, 74
328, 75
328, 76
329, 49
329, 50
329, 51
329, 52
329, 53
329, 54
329, 55
329, 56
329, 57
329, 58
329, 59
329, 60
329, 61
329, 62
329, 63
329, 64
329, 65
329, 66
329, 67
329, 68
329, 69
329, 70
329, 71
329, 72
329, 73
329, 74
