307, 57
307, 58
307, 59
307, 60
307, 61
308, 55
308, 56
308, 57
308, 58
308, 59
308, 60
308, 61
308, 62
308, 63
308, 64
308, 172
309, 53
309, 54
309, 55
309, 56
309, 57
309, 58
309, 59
309, 60
309, 61
309, 62
309, 63
309, 64
309, 65
309, 161
309, 162
309, 163
309, 169
309, 170
309, 171
309, 172
309, 173
310, 52
310, 53
310, 54
310, 55
310, 56
310, 57
310, 58
310, 59
310, 60
310, 61
310, 62
310, 63
310, 64
310, 65
310, 66
310, 159
310, 160
310, 161
310, 162
310, 163
310, 164
310, 165
310, 166
310, 167
310, 168
310, 169
310, 170
310, 171
310, 172
310, 173
310, 174
311, 52
311, 53
311, 54
311, 55
311, 56
311, 57
311, 58
311, 59
311, 60
311, 61
311, 62
311, 63
311, 64
311, 65
311, 66
311, 67
311, 158
311, 159
311, 160
311, 161
311, 162
311, 163
311, 164
311, 165
311, 166
311, 167
311, 168
311, 169
311, 170
311, 171
311, 172
311, 173
311, 174
311, 175
312, 52
312, 53
312, 54
312, 55
312, 56
312, 57
312, 58
312, 59
312, 60
312, 61
312, 62
312, 63
312, 64
312, 65
312, 66
312, 67
312, 159
312, 160
312, 161
312, 162
312, 163
312, 164
312, 165
312, 166
312, 167
312, 168
312, 169
312, 170
312, 171
312, 172
312, 173
312, 174
312, 175
313, 52
313, 53
313, 54
313, 55
313, 56
313, 57
313, 58
313, 59
313, 60
313, 61
313, 62
313, 63
313, 64
313, 65
313, 66
313, 67
313, 68
313, 159
313, 160
313, 161
313, 162
313, 163
313, 164
313, 165
313, 166
313, 167
313, 168
313, 169
313, 170
313, 171
313, 172
313, 173
313, 174
313, 175
314, 51
314, 52
314, 53
314, 54
314, 55
314, 56
314, 57
314, 58
314, 59
314, 60
314, 61
314, 62
314, 63
314, 64
314, 65
314, 66
314, 67
314, 68
314, 69
314, 158
314, 159
314, 160
314, 161
314, 162
314, 163
314, 164
314, 165
314, 166
314, 167
314, 168
314, 169
314, 170
314, 171
314, 172
314, 173
314, 174
314, 175
314, 176
315, 51
315, 52
315, 53
315, 54
315, 55
315, 56
315, 57
315, 58
315, 59
315, 60
315, 61
315, 62
315, 63
315, 64
315, 65
315, 66
315, 67
315, 68
315, 69
315, 70
315, 71
315, 72
315, 78
315, 79
315, 80
315, 81
315, 82
315, 83
315, 84
315, 156
315, 157
315, 158
315, 159
315, 160
315, 161
315, 162
315, 163
315, 164
315, 165
315, 166
315, 167
315, 168
315, 169
315, 170
315, 171
315, 172
315, 173
315, 174
315, 175
315, 176
315, 177
316, 50
316, 51
316, 52
316, 53
316, 54
316, 55
316, 56
316, 57
316, 58
316, 59
316, 60
316, 61
316, 62
316, 63
316, 64
316, 65
316, 66
316, 67
316, 68
316, 69
316, 70
316, 71
316, 72
316, 73
316, 74
316, 75
316, 76
316, 77
316, 78
316, 79
316, 80
316, 81
316, 82
316, 83
316, 84
316, 85
316, 86
316, 87
316, 88
316, 89
316, 90
316, 152
316, 153
316, 154
316, 155
316, 156
316, 157
316, 158
316, 159
316, 160
316, 161
316, 162
316, 163
316, 164
316, 165
316, 166
316, 167
316, 168
316, 169
316, 170
316, 171
316, 172
316, 173
316, 174
316, 175
316, 176
316, 177
316, 178
317, 50
317, 51
317, 52
317, 53
317, 54
317, 55
317, 56
317, 57
317, 58
317, 59
317, 60
317, 61
317, 62
317, 63
317, 64
317, 65
317, 66
317, 67
317, 68
317, 69
317, 70
317, 71
317, 72
317, 73
317, 74
317, 75
317, 76
317, 77
317, 78
317, 79
317, 80
317, 81
317, 82
317, 83
317, 84
317, 85
317, 86
317, 87
317, 88
317, 89
317, 90
317, 91
317, 92
317, 93
317, 94
317, 95
317, 96
317, 97
317, 98
317, 99
317, 149
317, 150
317, 151
317, 152
317, 153
317, 154
317, 155
317, 156
317, 157
317, 158
317, 159
317, 160
317, 161
317, 162
317, 163
317, 164
317, 165
317, 166
317, 167
317, 168
317, 169
317, 170
317, 171
317, 172
317, 173
317, 174
317, 175
317, 176
317, 177
317, 178
317, 179
318, 49
318, 50
318, 51
318, 52
318, 53
318, 54
318, 55
318, 56
318, 57
318, 58
318, 59
318, 60
318, 61
318, 62
318, 63
318, 64
318, 65
318, 66
318, 67
318, 68
318, 69
318, 70
318, 71
318, 72
318, 73
318, 74
318, 75
318, 76
318, 77
318, 78
318, 79
318, 80
318, 81
318, 82
318, 83
318, 84
318, 85
318, 86
318, 87
318, 88
318, 89
318, 90
318, 91
318, 92
318, 93
318, 94
318, 95
318, 96
318, 97
318, 98
318, 99
318, 100
318, 101
318, 102
318, 103
318, 147
318, 148
318, 149
318, 150
318, 151
318, 152
318, 153
318, 154
318, 155
318, 156
318, 157
318, 158
318, 159
318, 160
318, 161
318, 162
318, 163
318, 164
318, 165
318, 166
318, 167
318, 168
318, 169
318, 170
318, 171
318, 172
318, 173
318, 174
318, 175
318, 176
318, 177
318, 178
318, 179
318, 180
319, 49
319, 50
319, 51
319, 52
319, 53
319, 54
319, 55
319, 56
319, 57
319, 58
319, 59
319, 60
319, 61
319, 62
319, 63
319, 64
319, 65
319, 66
319, 67
319, 68
319, 69
319, 70
319, 71
319, 72
319, 73
319, 74
319, 75
319, 76
319, 77
319, 78
319, 79
319, 80
319, 81
319, 82
319, 83
319, 84
319, 85
319, 86
319, 87
319, 88
319, 89
319, 90
319, 91
319, 92
319, 93
319, 94
319, 95
319, 96
319, 97
319, 98
319, 99
319, 100
319, 101
319, 102
319, 103
319, 104
319, 105
319, 106
319, 107
319, 108
319, 109
319, 110
319, 111
319, 112
319, 113
319, 114
319, 143
319, 144
319, 145
319, 146
319, 147
319, 148
319, 149
319, 150
319, 151
319, 152
319, 153
319, 154
319, 155
319, 156
319, 157
319, 158
319, 159
319, 160
319, 161
319, 162
319, 163
319, 164
319, 165
319, 166
319, 167
319, 168
319, 169
319, 170
319, 171
319, 172
319, 173
319, 174
319, 175
319, 176
319, 177
319, 178
319, 179
319, 180
319, 181
320, 49
320, 50
320, 51
320, 52
320, 53
320, 54
320, 55
320, 56
320, 57
320, 58
320, 59
320, 60
320, 61
320, 62
320, 63
320, 64
320, 65
320, 66
320, 67
320, 68
320, 69
320, 70
320, 71
320, 72
320, 73
320, 74
320, 75
320, 76
320, 77
320, 78
320, 79
320, 80
320, 81
320, 82
320, 83
320, 84
320, 85
320, 86
320, 87
320, 88
320, 89
320, 90
320, 91
320, 92
320, 93
320, 94
320, 95
320, 96
320, 97
320, 98
320, 99
320, 100
320, 101
320, 102
320, 103
320, 104
320, 105
320, 106
320, 107
320, 108
320, 109
320, 110
320, 111
320, 112
320, 113
320, 114
320, 115
320, 116
320, 117
320, 118
320, 119
320, 120
320, 121
320, 122
320, 123
320, 124
320, 125
320, 126
320, 127
320, 128
320, 129
320, 130
320, 131
320, 132
320, 133
320, 134
320, 135
320, 136
320, 137
320, 138
320, 139
320, 140
320, 141
320, 142
320, 143
320, 144
320, 145
320, 146
320, 147
320, 148
320, 149
320, 150
320, 151
320, 152
320, 153
320, 154
320, 155
320, 156
320, 157
320, 158
320, 159
320, 160
320, 161
320, 162
320, 163
320, 164
320, 165
320, 166
320, 167
320, 168
320, 169
320, 170
320, 171
320, 172
320, 173
320, 174
320, 175
320, 176
320, 177
320, 178
320, 179
320, 180
320, 181
320, 182
321, 49
321, 50
321, 51
321, 52
321, 53
321, 54
321, 55
321, 56
321, 57
321, 58
321, 59
321, 60
321, 61
321, 62
321, 63
321, 64
321, 65
321, 66
321, 67
321, 68
321, 69
321, 70
321, 71
321, 72
321, 73
321, 74
321, 75
321, 76
321, 77
321, 78
321, 79
321, 80
321, 81
321, 82
321, 83
321, 84
321, 85
321, 86
321, 87
321, 88
321, 89
321, 90
321, 91
321, 92
321, 93
321, 94
321, 95
321, 96
321, 97
321, 98
321, 99
321, 100
321, 101
321, 102
321, 103
321, 104
321, 105
321, 106
321, 107
321, 108
321, 109
321, 110
321, 111
321, 112
321, 113
321, 114
321, 115
321, 116
321, 117
321, 118
321, 119
321, 120
321, 121
321, 122
321, 123
321, 124
321, 125
321, 126
321, 127
321, 128
321, 129
321, 130
321, 131
321, 132
321, 133
321, 134
321, 135
321, 136
321, 137
321, 138
321, 139
321, 140
321, 141
321, 142
321, 143
321, 144
321, 145
321, 146
321, 147
321, 148
321, 149
321, 150
321, 151
321, 152
321, 153
321, 154
321, 155
321, 156
321, 157
321, 158
321, 159
321, 160
321, 161
321, 162
321, 163
321, 164
321, 165
321, 166
321, 167
321, 168
321, 169
321, 170
321, 171
321, 172
321, 173
321, 174
321, 175
321, 176
321, 177
321, 178
321, 179
321, 180
321, 181
321, 182
321, 183
322, 48
322, 49
322, 50
322, 51
322, 52
322, 53
322, 54
322, 55
322, 56
322, 57
322, 58
322, 59
322, 60
322, 61
322, 62
322, 63
322, 64
322, 65
322, 66
322, 67
322, 68
322, 69
322, 70
322, 71
322, 72
322, 73
322, 74
322, 75
322, 76
322, 77
322, 78
322, 79
322, 80
322, 81
322, 82
322, 83
322, 84
322, 85
322, 86
322, 87
322, 88
322, 89
322, 90
322, 91
322, 92
322, 93
322, 94
322, 95
322, 96
322, 97
322, 98
322, 99
322, 100
322, 101
322, 102
322, 103
322, 104
322, 105
322, 106
322, 107
322, 108
322, 109
322, 110
322, 111
322, 112
322, 113
322, 114
322, 115
322, 116
322, 117
322, 118
322, 119
322, 120
322, 121
322, 122
322, 123
322, 124
322, 125
322, 126
322, 127
322, 128
322, 129
322, 130
322, 131
322, 132
322, 133
322, 134
322, 135
322, 136
322, 137
322, 138
322, 139
322, 140
322, 141
322, 142
322, 143
322, 144
322, 145
322, 146
322, 147
322, 148
322, 149
322, 150
322, 151
322, 152
322, 153
322, 154
322, 155
322, 156
322, 157
322, 158
322, 159
322, 160
322, 161
322, 162
322, 163
322, 164
322, 165
322, 166
322, 167
322, 168
322, 169
322, 170
322, 171
322, 172
322, 173
322, 174
322, 175
322, 176
322, 177
322, 178
322, 179
322, 180
322, 181
322, 182
322, 183
322, 184
323, 48
323, 49
323, 50
323, 51
323, 52
323, 53
323, 54
323, 55
323, 56
323, 57
323, 58
323, 59
323, 60
323, 61
323, 62
323, 63
323, 64
323, 65
323, 66
323, 67
323, 68
323, 69
323, 70
323, 71
323, 72
323, 73
323, 74
323, 75
323, 76
323, 77
323, 78
323, 79
323, 80
323, 81
323, 82
323, 83
323, 84
323, 85
323, 86
323, 87
323, 88
323, 89
323, 90
323, 91
323, 92
323, 93
323, 94
323, 95
323, 96
323, 97
323, 98
323, 99
323, 100
323, 101
323, 102
323, 103
323, 104
323, 105
323, 106
323, 107
323, 108
323, 109
323, 110
323, 111
323, 112
323, 113
323, 114
323, 115
323, 116
323, 117
323, 118
323, 119
323, 120
323, 121
323, 122
323, 123
323, 124
323, 125
323, 126
323, 127
323, 128
323, 129
323, 130
323, 131
323, 132
323, 133
323, 134
323, 135
323, 136
323, 137
323, 138
323, 139
323, 140
323, 141
323, 142
323, 143
323, 144
323, 145
323, 146
323, 147
323, 148
323, 149
323, 150
323, 151
323, 152
323, 153
323, 154
323, 155
323, 156
323, 157
323, 158
323, 159
323, 160
323, 161
323, 162
323, 163
323, 164
323, 165
323, 166
323, 167
323, 168
323, 169
323, 170
323, 171
323, 172
323, 173
323, 174
323, 175
323, 176
323, 177
323, 178
323, 179
323, 180
323, 181
323, 182
323, 183
323, 184
323, 185
324, 48
324, 49
324, 50
324, 51
324, 52
324, 53
324, 54
324, 55
324, 56
324, 57
324, 58
324, 59
324, 60
324, 61
324, 62
324, 63
324, 64
324, 65
324, 66
324, 67
324, 68
324, 69
324, 70
324, 71
324, 72
324, 73
324, 74
324, 75
324, 76
324, 77
324, 78
324, 79
324, 80
324, 81
324, 82
324, 83
324, 84
324, 85
324, 86
324, 87
324, 88
324, 89
324, 90
324, 91
324, 92
324, 93
324, 94
324, 95
324, 96
324, 97
324, 98
324, 99
324, 100
324, 101
324, 102
324, 103
324, 104
324, 105
324, 106
324, 107
324, 108
324, 109
324, 110
324, 111
324, 112
324, 113
324, 114
324, 115
324, 116
324, 117
324, 118
324, 119
324, 120
324, 121
324, 122
324, 123
324, 124
324, 125
324, 126
324, 127
324, 128
324, 129
324, 130
324, 131
324, 132
324, 133
324, 134
324, 135
324, 136
324, 137
324, 138
324, 139
324, 140
324, 141
324, 142
324, 143
324, 144
324, 145
324, 146
324, 147
324, 148
324, 149
324, 150
324, 151
324, 152
324, 153
324, 154
324, 155
324, 156
324, 157
324, 158
324, 159
324, 160
324, 161
324, 162
324, 163
324, 164
324, 165
324, 166
324, 167
324, 168
324, 169
324, 170
324, 171
324, 172
324, 173
324, 174
324, 175
324, 176
324, 177
324, 178
324, 179
324, 180
324, 181
324, 182
324, 183
324, 184
324, 185
325, 48
325, 49
325, 50
325, 51
325, 52
325, 53
325, 54
325, 55
325, 56
325, 57
325, 58
325, 59
325, 60
325, 61
325, 62
325, 63
325, 64
325, 65
325, 66
325, 67
325, 68
325, 69
325, 70
325, 71
325, 72
325, 73
325, 74
325, 75
325, 76
325, 77
325, 78
325, 79
325, 80
325, 81
325, 82
325, 83
325, 84
325, 85
325, 86
325, 87
325, 88
325, 89
325, 90
325, 91
325, 92
325, 93
325, 94
325, 95
325, 96
325, 97
325, 98
325, 99
325, 100
325, 101
325, 102
325, 103
325, 104
325, 105
325, 106
325, 107
325, 108
325, 109
325, 110
325, 111
325, 112
325, 113
325, 114
325, 115
325, 116
325, 117
325, 118
325, 119
325, 120
325, 121
325, 122
325, 123
325, 124
325, 125
325, 126
325, 127
325, 128
325, 129
325, 130
325, 131
325, 132
325, 133
325, 134
325, 135
325, 136
325, 137
325, 138
325, 139
325, 140
325, 141
325, 142
325, 143
325, 144
325, 145
325, 146
325, 147
325, 148
325, 149
325, 150
325, 151
325, 152
325, 153
325, 154
325, 155
325, 156
325, 157
325, 158
325, 159
325, 160
325, 161
325, 162
325, 163
325, 164
325, 165
325, 166
325, 167
325, 168
325, 169
325, 170
325, 171
325, 172
325, 173
325, 174
325, 175
325, 176
325, 177
325, 178
325, 179
325, 180
325, 181
325, 182
325, 183
325, 184
325, 185
325, 186
326, 48
326, 49
326, 50
326, 51
326, 52
326, 53
326, 54
326, 55
326, 56
326, 57
326, 58
326, 59
326, 60
326, 61
326, 62
326, 63
326, 64
326, 65
326, 66
326, 67
326, 68
326, 69
326, 70
326, 71
326, 72
326, 73
326, 74
326, 75
326, 76
326, 77
326, 78
326, 79
326, 80
326, 81
326, 82
326, 83
326, 84
326, 85
326, 86
326, 87
326, 88
326, 89
326, 90
326, 91
326, 92
326, 93
326, 94
326, 95
326, 96
326, 97
326, 98
326, 99
326, 100
326, 101
326, 102
326, 103
326, 104
326, 105
326, 106
326, 107
326, 108
326, 109
326, 110
326, 111
326, 112
326, 113
326, 114
326, 115
326, 116
326, 117
326, 118
326, 119
326, 120
326, 121
326, 122
326, 123
326, 124
326, 125
326, 126
326, 127
326, 128
326, 129
326, 130
326, 131
326, 132
326, 133
326, 134
326, 135
326, 136
326, 137
326, 138
326, 139
326, 140
326, 141
326, 142
326, 143
326, 144
326, 145
326, 146
326, 147
326, 148
326, 149
326, 150
326, 151
326, 152
326, 153
326, 154
326, 155
326, 156
326, 157
326, 158
326, 159
326, 160
326, 161
326, 162
326, 163
326, 164
326, 165
326, 166
326, 167
326, 168
326, 169
326, 170
326, 171
326, 172
326, 173
326, 174
326, 175
326, 176
326, 177
326, 178
326, 179
326, 180
326, 181
326, 182
326, 183
326, 184
326, 185
326, 186
327, 48
327, 49
327, 50
327, 51
327, 52
327, 53
327, 54
327, 55
327, 56
327, 57
327, 58
327, 59
327, 60
327, 61
327, 62
327, 63
327, 64
327, 65
327, 66
327, 67
327, 68
327, 69
327, 70
327, 71
327, 72
327, 73
327, 74
327, 75
327, 76
327, 77
327, 78
327, 79
327, 80
327, 81
327, 82
327, 83
327, 84
327, 85
327, 86
327, 87
327, 88
327, 89
327, 90
327, 91
327, 92
327, 93
327, 94
327, 95
327, 96
327, 97
327, 98
327, 99
327, 100
327, 101
327, 102
327, 103
327, 104
327, 105
327, 106
327, 107
327, 108
327, 109
327, 110
327, 111
327, 112
327, 113
327, 114
327, 115
327, 116
327, 117
327, 118
327, 119
327, 120
327, 121
327, 122
327, 123
327, 124
327, 125
327, 126
327, 127
327, 128
327, 129
327, 130
327, 131
327, 132
327, 133
327, 134
327, 135
327, 136
327, 137
327, 138
327, 139
327, 140
327, 141
327, 142
327, 143
327, 144
327, 145
327, 146
327, 147
327, 148
327, 149
327, 150
327, 151
327, 152
327, 153
327, 154
327, 155
327, 156
327, 157
327, 158
327, 159
327, 160
327, 161
327, 162
327, 163
327, 164
327, 165
327, 166
327, 167
327, 168
327, 169
327, 170
327, 171
327, 172
327, 173
327, 174
327, 175
327, 176
327, 177
327, 178
327, 179
327, 180
327, 181
327, 182
327, 183
327, 184
327, 185
327, 186
327, 187
328, 48
328, 49
328, 50
328, 51
328, 52
328, 53
328, 54
328, 55
328, 56
328, 57
328, 58
328, 59
328, 60
328, 61
328, 62
328, 63
328, 64
328, 65
328, 66
328, 67
328, 68
328, 69
328, 70
328, 71
328, 72
328, 73
328, 74
328, 75
328, 76
328, 77
328, 78
328, 79
328, 80
328, 81
328, 82
328, 83
328, 84
328, 85
328, 86
328, 87
328, 88
328, 89
328, 90
328, 91
328, 92
328, 93
328, 94
328, 95
328, 96
328, 97
328, 98
328, 99
328, 100
328, 101
328, 102
328, 103
328, 104
328, 105
328, 106
328, 107
328, 108
328, 109
328, 110
328, 111
328, 112
328, 113
328, 114
328, 115
328, 116
328, 117
328, 118
328, 119
328, 120
328, 121
328, 122
328, 123
328, 124
328, 125
328, 126
328, 127
328, 128
328, 129
328, 130
328, 131
328, 132
328, 133
328, 134
328, 135
328, 136
328, 137
328, 138
328, 139
328, 140
328, 141
328, 142
328, 143
328, 144
328, 145
328, 146
328, 147
328, 148
328, 149
328, 150
328, 151
328, 152
328, 153
328, 154
328, 155
328, 156
328, 157
328, 158
328, 159
328, 160
328, 161
328, 162
328, 163
328, 164
328, 165
328, 166
328, 167
328, 168
328, 169
328, 170
328, 171
328, 172
328, 173
328, 174
328, 175
328, 176
328, 177
328, 178
328, 179
328, 180
328, 181
328, 182
328, 183
328, 184
328, 185
328, 186
328, 187
329, 48
329, 49
329, 50
329, 51
329, 52
329, 53
329, 54
329, 55
329, 56
329, 57
329, 58
329, 59
329, 60
329, 61
329, 62
329, 63
329, 64
329, 65
329, 66
329, 67
329, 68
329, 69
329, 70
329, 71
329, 72
329, 73
329, 74
329, 75
329, 76
329, 77
329, 78
329, 79
329, 80
329, 81
329, 82
329, 83
329, 84
329, 85
329, 86
329, 87
329, 88
329, 89
329, 90
329, 91
329, 92
329, 93
329, 94
329, 95
329, 96
329, 97
329, 98
329, 99
329, 100
329, 101
329, 102
329, 103
329, 104
329, 105
329, 106
329, 107
329, 108
329, 109
329, 110
329, 111
329, 112
329, 113
329, 114
329, 115
329, 116
329, 117
329, 118
329, 119
329, 120
329, 121
329, 122
329, 123
329, 124
329, 125
329, 126
329, 127
329, 128
329, 129
329, 130
329, 131
329, 132
329, 133
329, 134
329, 135
329, 136
329, 137
329, 138
329, 139
329, 140
329, 141
329, 142
329, 143
329, 144
329, 145
329, 146
329, 147
329, 148
329, 149
329, 150
329, 151
329, 152
329, 153
329, 154
329, 155
329, 156
329, 157
329, 158
329, 159
329, 160
329, 161
329, 162
329, 163
329, 164
329, 165
329, 166
329, 167
329, 168
329, 169
329, 170
329, 171
329, 172
329, 173
329, 174
329, 175
329, 176
329, 177
329, 178
329, 179
329, 180
329, 181
329, 182
329, 183
329, 184
329, 185
329, 186
329, 187
330, 47
330, 48
330, 49
330, 50
330, 51
330, 52
330, 53
330, 54
330, 55
330, 56
330, 57
330, 58
330, 59
330, 60
330, 61
330, 62
330, 63
330, 64
330, 65
330, 66
330, 67
330, 68
330, 69
330, 70
330, 71
330, 72
330, 73
330, 74
330, 75
330, 76
330, 77
330, 78
330, 79
330, 80
330, 81
330, 82
330, 83
330, 84
330, 85
330, 86
330, 87
330, 88
330, 89
330, 90
330, 91
330, 92
330, 93
330, 94
330, 95
330, 96
330, 97
330, 98
330, 99
330, 100
330, 101
330, 102
330, 103
330, 104
330, 105
330, 106
330, 107
330, 108
330, 109
330, 110
330, 111
330, 112
330, 113
330, 114
330, 115
330, 116
330, 117
330, 118
330, 119
330, 120
330, 121
330, 122
330, 123
330, 124
330, 125
330, 126
330, 127
330, 128
330, 129
330, 130
330, 131
330, 132
330, 133
330, 134
330, 135
330, 136
330, 137
330, 138
330, 139
330, 140
330, 141
330, 142
330, 143
330, 144
330, 145
330, 146
330, 147
330, 148
330, 149
330, 150
330, 151
330, 152
330, 153
330, 154
330, 155
330, 156
330, 157
330, 158
330, 159
330, 160
330, 161
330, 162
330, 163
330, 164
330, 165
330, 166
330, 167
330, 168
330, 169
330, 170
330, 171
330, 172
330, 173
330, 174
330, 175
330, 176
330, 177
330, 178
330, 179
330, 180
330, 181
330, 182
330, 183
330, 184
330, 185
330, 186
330, 187
330, 188
331, 47
331, 48
331, 49
331, 50
331, 51
331, 52
331, 53
331, 54
331, 55
331, 56
331, 57
331, 58
331, 59
331, 60
331, 61
331, 62
331, 63
331, 64
331, 65
331, 66
331, 67
331, 68
331, 69
331, 70
331, 71
331, 72
331, 73
331, 74
331, 75
331, 76
331, 77
331, 78
331, 79
331, 80
331, 81
331, 82
331, 83
331, 84
331, 85
331, 86
331, 87
331, 88
331, 89
331, 90
331, 91
331, 92
331, 93
331, 94
331, 95
331, 96
331, 97
331, 98
331, 99
331, 100
331, 101
331, 102
331, 103
331, 104
331, 105
331, 106
331, 107
331, 108
331, 109
331, 110
331, 111
331, 112
331, 113
331, 114
331, 115
331, 116
331, 117
331, 118
331, 119
331, 120
331, 121
331, 122
331, 123
331, 124
331, 125
331, 126
331, 127
331, 128
331, 129
331, 130
331, 131
331, 132
331, 133
331, 134
331, 135
331, 136
331, 137
331, 138
331, 139
331, 140
331, 141
331, 142
331, 143
331, 144
331, 145
331, 146
331, 147
331, 148
331, 149
331, 150
331, 151
331, 152
331, 153
331, 154
331, 155
331, 156
331, 157
331, 158
331, 159
331, 160
331, 161
331, 162
331, 163
331, 164
331, 165
331, 166
331, 167
331, 168
331, 169
331, 170
331, 171
331, 172
331, 173
331, 174
331, 175
331, 176
331, 177
331, 178
331, 179
331, 180
331, 181
331, 182
331, 183
331, 184
331, 185
331, 186
331, 187
331, 188
332, 47
332, 48
332, 49
332, 50
332, 51
332, 52
332, 53
332, 54
332, 55
332, 56
332, 57
332, 58
332, 59
332, 60
332, 61
332, 62
332, 63
332, 64
332, 65
332, 66
332, 67
332, 68
332, 69
332, 70
332, 71
332, 72
332, 73
332, 74
332, 75
332, 76
332, 77
332, 78
332, 79
332, 80
332, 81
332, 82
332, 83
332, 84
332, 85
332, 86
332, 87
332, 88
332, 89
332, 90
332, 91
332, 92
332, 93
332, 94
332, 95
332, 96
332, 97
332, 98
332, 99
332, 100
332, 101
332, 102
332, 103
332, 104
332, 105
332, 106
332, 107
332, 108
332, 109
332, 110
332, 111
332, 112
332, 113
332, 114
332, 115
332, 116
332, 117
332, 118
332, 119
332, 120
332, 121
332, 122
332, 123
332, 124
332, 125
332, 126
332, 127
332, 128
332, 129
332, 130
332, 131
332, 132
332, 133
332, 134
332, 135
332, 136
332, 137
332, 138
332, 139
332, 140
332, 141
332, 142
332, 143
332, 144
332, 145
332, 146
332, 147
332, 148
332, 149
332, 150
332, 151
332, 152
332, 153
332, 154
332, 155
332, 156
332, 157
332, 158
332, 159
332, 160
332, 161
332, 162
332, 163
332, 164
332, 165
332, 166
332, 167
332, 168
332, 169
332, 170
332, 171
332, 172
332, 173
332, 174
332, 175
332, 176
332, 177
332, 178
332, 179
332, 180
332, 181
332, 182
332, 183
332, 184
332, 185
332, 186
332, 187
332, 188
333, 47
333, 48
333, 49
333, 50
333, 51
333, 52
333, 53
333, 54
333, 55
333, 56
333, 57
333, 58
333, 59
333, 60
333, 61
333, 62
333, 63
333, 64
333, 65
333, 66
333, 67
333, 68
333, 69
333, 70
333, 71
333, 72
333, 73
333, 74
333, 75
333, 76
333, 77
333, 78
333, 79
333, 80
333, 81
333, 82
333, 83
333, 84
333, 85
333, 86
333, 87
333, 88
333, 89
333, 90
333, 91
333, 92
333, 93
333, 94
333, 95
333, 96
333, 97
333, 98
333, 99
333, 100
333, 101
333, 102
333, 103
333, 104
333, 105
333, 106
333, 107
333, 108
333, 109
333, 110
333, 111
333, 112
333, 113
333, 114
333, 115
333, 116
333, 117
333, 118
333, 119
333, 120
333, 121
333, 122
333, 123
333, 124
333, 125
333, 126
333, 127
333, 128
333, 129
333, 130
333, 131
333, 132
333, 133
333, 134
333, 135
333, 136
333, 137
333, 138
333, 139
333, 140
333, 141
333, 142
333, 143
333, 144
333, 145
333, 146
333, 147
333, 148
333, 149
333, 150
333, 151
333, 152
333, 153
333, 154
333, 155
333, 156
333, 157
333, 158
333, 159
333, 160
333, 161
333, 162
333, 163
333, 164
333, 165
333, 166
333, 167
333, 168
333, 169
333, 170
333, 171
333, 172
333, 173
333, 174
333, 175
333, 176
333, 177
333, 178
333, 179
333, 180
333, 181
333, 182
333, 183
333, 184
333, 185
333, 186
333, 187
333, 188
333, 189
334, 47
334, 48
334, 49
334, 50
334, 51
334, 52
334, 53
334, 54
334, 55
334, 56
334, 57
334, 58
334, 59
334, 60
334, 61
334, 62
334, 63
334, 64
334, 65
334, 66
334, 67
334, 68
334, 69
334, 70
334, 71
334, 72
334, 73
334, 74
334, 75
334, 76
334, 77
334, 78
334, 79
334, 80
334, 81
334, 82
334, 83
334, 84
334, 85
334, 86
334, 87
334, 88
334, 89
334, 90
334, 91
334, 92
334, 93
334, 94
334, 95
334, 96
334, 97
334, 98
334, 99
334, 100
334, 101
334, 102
334, 103
334, 104
334, 105
334, 106
334, 107
334, 108
334, 109
334, 110
334, 111
334, 112
334, 113
334, 114
334, 115
334, 116
334, 117
334, 118
334, 119
334, 120
334, 121
334, 122
334, 123
334, 124
334, 125
334, 126
334, 127
334, 128
334, 129
334, 130
334, 131
334, 132
334, 133
334, 134
334, 135
334, 136
334, 137
334, 138
334, 139
334, 140
334, 141
334, 142
334, 143
334, 144
334, 145
334, 146
334, 147
334, 148
334, 149
334, 150
334, 151
334, 152
334, 153
334, 154
334, 155
334, 156
334, 157
334, 158
334, 159
334, 160
334, 161
334, 162
334, 163
334, 164
334, 165
334, 166
334, 167
334, 168
334, 169
334, 170
334, 171
334, 172
334, 173
334, 174
334, 175
334, 176
334, 177
334, 178
334, 179
334, 180
334, 181
334, 182
334, 183
334, 184
334, 185
334, 186
334, 187
334, 188
334, 189
335, 47
335, 48
335, 49
335, 50
335, 51
335, 52
335, 53
335, 54
335, 55
335, 56
335, 57
335, 58
335, 59
335, 60
335, 61
335, 62
335, 63
335, 64
335, 65
335, 66
335, 67
335, 68
335, 69
335, 70
335, 71
335, 72
335, 73
335, 74
335, 75
335, 76
335, 77
335, 78
335, 79
335, 80
335, 81
335, 82
335, 83
335, 84
335, 85
335, 86
335, 87
335, 88
335, 89
335, 90
335, 91
335, 92
335, 93
335, 94
335, 95
335, 96
335, 97
335, 98
335, 99
335, 100
335, 101
335, 102
335, 103
335, 104
335, 105
335, 106
335, 107
335, 108
335, 109
335, 110
335, 111
335, 112
335, 113
335, 114
335, 115
335, 116
335, 117
335, 118
335, 119
335, 120
335, 121
335, 122
335, 123
335, 124
335, 125
335, 126
335, 127
335, 128
335, 129
335, 130
335, 131
335, 132
335, 133
335, 134
335, 135
335, 136
335, 137
335, 138
335, 139
335, 140
335, 141
335, 142
335, 143
335, 144
335, 145
335, 146
335, 147
335, 148
335, 149
335, 150
335, 151
335, 152
335, 153
335, 154
335, 155
335, 156
335, 157
335, 158
335, 159
335, 160
335, 161
335, 162
335, 163
335, 164
335, 165
335, 166
335, 167
335, 168
335, 169
335, 170
335, 171
335, 172
335, 173
335, 174
335, 175
335, 176
335, 177
335, 178
335, 179
335, 180
335, 181
335, 182
335, 183
335, 184
335, 185
335, 186
335, 187
335, 188
335, 189
335, 190
336, 47
336, 48
336, 49
336, 50
336, 51
336, 52
336, 53
336, 54
336, 55
336, 56
336, 57
336, 58
336, 59
336, 60
336, 61
336, 62
336, 63
336, 64
336, 65
336, 66
336, 67
336, 68
336, 69
336, 70
336, 71
336, 72
336, 73
336, 74
336, 75
336, 76
336, 77
336, 78
336, 79
336, 80
336, 81
336, 82
336, 83
336, 84
336, 85
336, 86
336, 87
336, 88
336, 89
336, 90
336, 91
336, 92
336, 93
336, 94
336, 95
336, 96
336, 97
336, 98
336, 99
336, 100
336, 101
336, 102
336, 103
336, 104
336, 105
336, 106
336, 107
336, 108
336, 109
336, 110
336, 111
336, 112
336, 113
336, 114
336, 115
336, 116
336, 117
336, 118
336, 119
336, 120
336, 121
336, 122
336, 123
336, 124
336, 125
336, 126
336, 127
336, 128
336, 129
336, 130
336, 131
336, 132
336, 133
336, 134
336, 135
336, 136
336, 137
336, 138
336, 139
336, 140
336, 141
336, 142
336, 143
336, 144
336, 145
336, 146
336, 147
336, 148
336, 149
336, 150
336, 151
336, 152
336, 153
336, 154
336, 155
336, 156
336, 157
336, 158
336, 159
336, 160
336, 161
336, 162
336, 163
336, 164
336, 165
336, 166
336, 167
336, 168
336, 169
336, 170
336, 171
336, 172
336, 173
336, 174
336, 175
336, 176
336, 177
336, 178
336, 179
336, 180
336, 181
336, 182
336, 183
336, 184
336, 185
336, 186
336, 187
336, 188
336, 189
336, 190
337, 47
337, 48
337, 49
337, 50
337, 51
337, 52
337, 53
337, 54
337, 55
337, 56
337, 57
337, 58
337, 59
337, 60
337, 61
337, 62
337, 63
337, 64
337, 65
337, 66
337, 67
337, 68
337, 69
337, 70
337, 71
337, 72
337, 73
337, 74
337, 75
337, 76
337, 77
337, 78
337, 79
337, 80
337, 81
337, 82
337, 83
337, 84
337, 85
337, 86
337, 87
337, 88
337, 89
337, 90
337, 91
337, 92
337, 93
337, 94
337, 95
337, 96
337, 97
337, 98
337, 99
337, 100
337, 101
337, 102
337, 103
337, 104
337, 105
337, 106
337, 107
337, 108
337, 109
337, 110
337, 111
337, 112
337, 113
337, 114
337, 115
337, 116
337, 117
337, 118
337, 119
337, 120
337, 121
337, 122
337, 123
337, 124
337, 125
337, 126
337, 127
337, 128
337, 129
337, 130
337, 131
337, 132
337, 133
337, 134
337, 135
337, 136
337, 137
337, 138
337, 139
337, 140
337, 141
337, 142
337, 143
337, 144
337, 145
337, 146
337, 147
337, 148
337, 149
337, 150
337, 151
337, 152
337, 153
337, 154
337, 155
337, 156
337, 157
337, 158
337, 159
337, 160
337, 161
337, 162
337, 163
337, 164
337, 165
337, 166
337, 167
337, 168
337, 169
337, 170
337, 171
337, 172
337, 173
337, 174
337, 175
337, 176
337, 177
337, 178
337, 179
337, 180
337, 181
337, 182
337, 183
337, 184
337, 185
337, 186
337, 187
337, 188
337, 189
337, 190
338, 47
338, 48
338, 49
338, 50
338, 51
338, 52
338, 53
338, 54
338, 55
338, 56
338, 57
338, 58
338, 59
338, 60
338, 61
338, 62
338, 63
338, 64
338, 65
338, 66
338, 67
338, 68
338, 69
338, 70
338, 71
338, 72
338, 73
338, 74
338, 75
338, 76
338, 77
338, 78
338, 79
338, 80
338, 81
338, 82
338, 83
338, 84
338, 85
338, 86
338, 87
338, 88
338, 89
338, 90
338, 91
338, 92
338, 93
338, 94
338, 95
338, 96
338, 97
338, 98
338, 99
338, 100
338, 101
338, 102
338, 103
338, 104
338, 105
338, 106
338, 107
338, 108
338, 109
338, 110
338, 111
338, 112
338, 113
338, 114
338, 115
338, 116
338, 117
338, 118
338, 119
338, 120
338, 121
338, 122
338, 123
338, 124
338, 125
338, 126
338, 127
338, 128
338, 129
338, 130
338, 131
338, 132
338, 133
338, 134
338, 135
338, 136
338, 137
338, 138
338, 139
338, 140
338, 141
338, 142
338, 143
338, 144
338, 145
338, 146
338, 147
338, 148
338, 149
338, 150
338, 151
338, 152
338, 153
338, 154
338, 155
338, 156
338, 157
338, 158
338, 159
338, 160
338, 161
338, 162
338, 163
338, 164
338, 165
338, 166
338, 167
338, 168
338, 169
338, 170
338, 171
338, 172
338, 173
338, 174
338, 175
338, 176
338, 177
338, 178
338, 179
338, 180
338, 181
338, 182
338, 183
338, 184
338, 185
338, 186
338, 187
338, 188
338, 189
338, 190
339, 47
339, 48
339, 49
339, 50
339, 51
339, 52
339, 53
339, 54
339, 55
339, 56
339, 57
339, 58
339, 59
339, 60
339, 61
339, 62
339, 63
339, 64
339, 65
339, 66
339, 67
339, 68
339, 69
339, 70
339, 71
339, 72
339, 73
339, 74
339, 75
339, 76
339, 77
339, 78
339, 79
339, 80
339, 81
339, 82
339, 83
339, 84
339, 85
339, 86
339, 87
339, 88
339, 89
339, 90
339, 91
339, 92
339, 93
339, 94
339, 95
339, 96
339, 97
339, 98
339, 99
339, 100
339, 101
339, 102
339, 103
339, 104
339, 105
339, 106
339, 107
339, 108
339, 109
339, 110
339, 111
339, 112
339, 113
339, 114
339, 115
339, 116
339, 117
339, 118
339, 119
339, 120
339, 121
339, 122
339, 123
339, 124
339, 125
339, 126
339, 127
339, 128
339, 129
339, 130
339, 131
339, 132
339, 133
339, 134
339, 135
339, 136
339, 137
339, 138
339, 139
339, 140
339, 141
339, 142
339, 143
339, 144
339, 145
339, 146
339, 147
339, 148
339, 149
339, 150
339, 151
339, 152
339, 153
339, 154
339, 155
339, 156
339, 157
339, 158
339, 159
339, 160
339, 161
339, 162
339, 163
339, 164
339, 165
339, 166
339, 167
339, 168
339, 169
339, 170
339, 171
339, 172
339, 173
339, 174
339, 175
339, 176
339, 177
339, 178
339, 179
339, 180
339, 181
339, 182
339, 183
339, 184
339, 185
339, 186
339, 187
339, 188
339, 189
339, 190
340, 47
340, 48
340, 49
340, 50
340, 51
340, 52
340, 53
340, 54
340, 55
340, 56
340, 57
340, 58
340, 59
340, 60
340, 61
340, 62
340, 63
340, 64
340, 65
340, 66
340, 67
340, 68
340, 69
340, 70
340, 71
340, 72
340, 73
340, 74
340, 75
340, 76
340, 77
340, 78
340, 79
340, 80
340, 81
340, 82
340, 83
340, 84
340, 85
340, 86
340, 87
340, 88
340, 89
340, 90
340, 91
340, 92
340, 93
340, 94
340, 95
340, 96
340, 97
340, 98
340, 99
340, 100
340, 101
340, 102
340, 103
340, 104
340, 105
340, 106
340, 107
340, 108
340, 109
340, 110
340, 111
340, 112
340, 113
340, 114
340, 115
340, 116
340, 117
340, 118
340, 119
340, 120
340, 121
340, 122
340, 123
340, 124
340, 125
340, 126
340, 127
340, 128
340, 129
340, 130
340, 131
340, 132
340, 133
340, 134
340, 135
340, 136
340, 137
340, 138
340, 139
340, 140
340, 141
340, 142
340, 143
340, 144
340, 145
340, 146
340, 147
340, 148
340, 149
340, 150
340, 151
340, 152
340, 153
340, 154
340, 155
340, 156
340, 157
340, 158
340, 159
340, 160
340, 161
340, 162
340, 163
340, 164
340, 165
340, 166
340, 167
340, 168
340, 169
340, 170
340, 171
340, 172
340, 173
340, 174
340, 175
340, 176
340, 177
340, 178
340, 179
340, 180
340, 181
340, 182
340, 183
340, 184
340, 185
340, 186
340, 187
340, 188
340, 189
340, 190
341, 47
341, 48
341, 49
341, 50
341, 51
341, 52
341, 53
341, 54
341, 55
341, 56
341, 57
341, 58
341, 59
341, 60
341, 61
341, 62
341, 63
341, 64
341, 65
341, 66
341, 67
341, 68
341, 69
341, 70
341, 71
341, 72
341, 73
341, 74
341, 75
341, 76
341, 77
341, 78
341, 79
341, 80
341, 81
341, 82
341, 83
341, 84
341, 85
341, 86
341, 87
341, 88
341, 89
341, 90
341, 91
341, 92
341, 93
341, 94
341, 95
341, 96
341, 97
341, 98
341, 99
341, 100
341, 101
341, 102
341, 103
341, 104
341, 105
341, 106
341, 107
341, 108
341, 109
341, 110
341, 111
341, 112
341, 113
341, 114
341, 115
341, 116
341, 117
341, 118
341, 119
341, 120
341, 121
341, 122
341, 123
341, 124
341, 125
341, 126
341, 127
341, 128
341, 129
341, 130
341, 131
341, 132
341, 133
341, 134
341, 135
341, 136
341, 137
341, 138
341, 139
341, 140
341, 141
341, 142
341, 143
341, 144
341, 145
341, 146
341, 147
341, 148
341, 149
341, 150
341, 151
341, 152
341, 153
341, 154
341, 155
341, 156
341, 157
341, 158
341, 159
341, 160
341, 161
341, 162
341, 163
341, 164
341, 165
341, 166
341, 167
341, 168
341, 169
341, 170
341, 171
341, 172
341, 173
341, 174
341, 175
341, 176
341, 177
341, 178
341, 179
341, 180
341, 181
341, 182
341, 183
341, 184
341, 185
341, 186
341, 187
341, 188
341, 189
341, 190
342, 47
342, 48
342, 49
342, 50
342, 51
342, 52
342, 53
342, 54
342, 55
342, 56
342, 57
342, 58
342, 59
342, 60
342, 61
342, 62
342, 63
342, 64
342, 65
342, 66
342, 67
342, 68
342, 69
342, 70
342, 71
342, 72
342, 73
342, 74
342, 75
342, 76
342, 77
342, 78
342, 79
342, 80
342, 81
342, 82
342, 83
342, 84
342, 85
342, 86
342, 87
342, 88
342, 89
342, 90
342, 91
342, 92
342, 93
342, 94
342, 95
342, 96
342, 97
342, 98
342, 99
342, 100
342, 101
342, 102
342, 103
342, 104
342, 105
342, 106
342, 107
342, 108
342, 109
342, 110
342, 111
342, 112
342, 113
342, 114
342, 115
342, 116
342, 117
342, 118
342, 119
342, 120
342, 121
342, 122
342, 123
342, 124
342, 125
342, 126
342, 127
342, 128
342, 129
342, 130
342, 131
342, 132
342, 133
342, 134
342, 135
342, 136
342, 137
342, 138
342, 139
342, 140
342, 141
342, 142
342, 143
342, 144
342, 145
342, 146
342, 147
342, 148
342, 149
342, 150
342, 151
342, 152
342, 153
342, 154
342, 155
342, 156
342, 157
342, 158
342, 159
342, 160
342, 161
342, 162
342, 163
342, 164
342, 165
342, 166
342, 167
342, 168
342, 169
342, 170
342, 171
342, 172
342, 173
342, 174
342, 175
342, 176
342, 177
342, 178
342, 179
342, 180
342, 181
342, 182
342, 183
342, 184
342, 185
342, 186
342, 187
342, 188
342, 189
342, 190
343, 47
343, 48
343, 49
343, 50
343, 51
343, 52
343, 53
343, 54
343, 55
343, 56
343, 57
343, 58
343, 59
343, 60
343, 61
343, 62
343, 63
343, 64
343, 65
343, 66
343, 67
343, 68
343, 69
343, 70
343, 71
343, 72
343, 73
343, 74
343, 75
343, 76
343, 77
343, 78
343, 79
343, 80
343, 81
343, 82
343, 83
343, 84
343, 85
343, 86
343, 87
343, 88
343, 89
343, 90
343, 91
343, 92
343, 93
343, 94
343, 95
343, 96
343, 97
343, 98
343, 99
343, 100
343, 101
343, 102
343, 103
343, 104
343, 105
343, 106
343, 107
343, 108
343, 109
343, 110
343, 111
343, 112
343, 113
343, 114
343, 115
343, 116
343, 117
343, 118
343, 119
343, 120
343, 121
343, 122
343, 123
343, 124
343, 125
343, 126
343, 127
343, 128
343, 129
343, 130
343, 131
343, 132
343, 133
343, 134
343, 135
343, 136
343, 137
343, 138
343, 139
343, 140
343, 141
343, 142
343, 143
343, 144
343, 145
343, 146
343, 147
343, 148
343, 149
343, 150
343, 151
343, 152
343, 153
343, 154
343, 155
343, 156
343, 157
343, 158
343, 159
343, 160
343, 161
343, 162
343, 163
343, 164
343, 165
343, 166
343, 167
343, 168
343, 169
343, 170
343, 171
343, 172
343, 173
343, 174
343, 175
343, 176
343, 177
343, 178
343, 179
343, 180
343, 181
343, 182
343, 183
343, 184
343, 185
343, 186
343, 187
343, 188
343, 189
343, 190
344, 47
344, 48
344, 49
344, 50
344, 51
344, 52
344, 53
344, 54
344, 55
344, 56
344, 57
344, 58
344, 59
344, 60
344, 61
344, 62
344, 63
344, 64
344, 65
344, 66
344, 67
344, 68
344, 69
344, 70
344, 71
344, 72
344, 73
344, 74
344, 75
344, 76
344, 77
344, 78
344, 79
344, 80
344, 81
344, 82
344, 83
344, 84
344, 85
344, 86
344, 87
344, 88
344, 89
344, 90
344, 91
344, 92
344, 93
344, 94
344, 95
344, 96
344, 97
344, 98
344, 99
344, 100
344, 101
344, 102
344, 103
344, 104
344, 105
344, 106
344, 107
344, 108
344, 109
344, 110
344, 111
344, 112
344, 113
344, 114
344, 115
344, 116
344, 117
344, 118
344, 119
344, 120
344, 121
344, 122
344, 123
344, 124
344, 125
344, 126
344, 127
344, 128
344, 129
344, 130
344, 131
344, 132
344, 133
344, 134
344, 135
344, 136
344, 137
344, 138
344, 139
344, 140
344, 141
344, 142
344, 143
344, 144
344, 145
344, 146
344, 147
344, 148
344, 149
344, 150
344, 151
344, 152
344, 153
344, 154
344, 155
344, 156
344, 157
344, 158
344, 159
344, 160
344, 161
344, 162
344, 163
344, 164
344, 165
344, 166
344, 167
344, 168
344, 169
344, 170
344, 171
344, 172
344, 173
344, 174
344, 175
344, 176
344, 177
344, 178
344, 179
344, 180
344, 181
344, 182
344, 183
344, 184
344, 185
344, 186
344, 187
344, 188
344, 189
344, 190
345, 47
345, 48
345, 49
345, 50
345, 51
345, 52
345, 53
345, 54
345, 55
345, 56
345, 57
345, 58
345, 59
345, 60
345, 61
345, 62
345, 63
345, 64
345, 65
345, 66
345, 67
345, 68
345, 69
345, 70
345, 71
345, 72
345, 73
345, 74
345, 75
345, 76
345, 77
345, 78
345, 79
345, 80
345, 81
345, 82
345, 83
345, 84
345, 85
345, 86
345, 87
345, 88
345, 89
345, 90
345, 91
345, 92
345, 93
345, 94
345, 95
345, 96
345, 97
345, 98
345, 99
345, 100
345, 101
345, 102
345, 103
345, 104
345, 105
345, 106
345, 107
345, 108
345, 109
345, 110
345, 111
345, 112
345, 113
345, 114
345, 115
345, 116
345, 117
345, 118
345, 119
345, 120
345, 121
345, 122
345, 123
345, 124
345, 125
345, 126
345, 127
345, 128
345, 129
345, 130
345, 131
345, 132
345, 133
345, 134
345, 135
345, 136
345, 137
345, 138
345, 139
345, 140
345, 141
345, 142
345, 143
345, 144
345, 145
345, 146
345, 147
345, 148
345, 149
345, 150
345, 151
345, 152
345, 153
345, 154
345, 155
345, 156
345, 157
345, 158
345, 159
345, 160
345, 161
345, 162
345, 163
345, 164
345, 165
345, 166
345, 167
345, 168
345, 169
345, 170
345, 171
345, 172
345, 173
345, 174
345, 175
345, 176
345, 177
345, 178
345, 179
345, 180
345, 181
345, 182
345, 183
345, 184
345, 185
345, 186
345, 187
345, 188
345, 189
345, 190
346, 47
346, 48
346, 49
346, 50
346, 51
346, 52
346, 53
346, 54
346, 55
346, 56
346, 57
346, 58
346, 59
346, 60
346, 61
346, 62
346, 63
346, 64
346, 65
346, 66
346, 67
346, 68
346, 69
346, 70
346, 71
346, 72
346, 73
346, 74
346, 75
346, 76
346, 77
346, 78
346, 79
346, 80
346, 81
346, 82
346, 83
346, 84
346, 85
346, 86
346, 87
346, 88
346, 89
346, 90
346, 91
346, 92
346, 93
346, 94
346, 95
346, 96
346, 97
346, 98
346, 99
346, 100
346, 101
346, 102
346, 103
346, 104
346, 105
346, 106
346, 107
346, 108
346, 109
346, 110
346, 111
346, 112
346, 113
346, 114
346, 115
346, 116
346, 117
346, 118
346, 119
346, 120
346, 121
346, 122
346, 123
346, 124
346, 125
346, 126
346, 127
346, 128
346, 129
346, 130
346, 131
346, 132
346, 133
346, 134
346, 135
346, 136
346, 137
346, 138
346, 139
346, 140
346, 141
346, 142
346, 143
346, 144
346, 145
346, 146
346, 147
346, 148
346, 149
346, 150
346, 151
346, 152
346, 153
346, 154
346, 155
346, 156
346, 157
346, 158
346, 159
346, 160
346, 161
346, 162
346, 163
346, 164
346, 165
346, 166
346, 167
346, 168
346, 169
346, 170
346, 171
346, 172
346, 173
346, 174
346, 175
346, 176
346, 177
346, 178
346, 179
346, 180
346, 181
346, 182
346, 183
346, 184
346, 185
346, 186
346, 187
346, 188
346, 189
346, 190
346, 191
347, 47
347, 48
347, 49
347, 50
347, 51
347, 52
347, 53
347, 54
347, 55
347, 56
347, 57
347, 58
347, 59
347, 60
347, 61
347, 62
347, 63
347, 64
347, 65
347, 66
347, 67
347, 68
347, 69
347, 70
347, 71
347, 72
347, 73
347, 74
347, 75
347, 76
347, 77
347, 78
347, 79
347, 80
347, 81
347, 82
347, 83
347, 84
347, 85
347, 86
347, 87
347, 88
347, 89
347, 90
347, 91
347, 92
347, 93
347, 94
347, 95
347, 96
347, 97
347, 98
347, 99
347, 100
347, 101
347, 102
347, 103
347, 104
347, 105
347, 106
347, 107
347, 108
347, 109
347, 110
347, 111
347, 112
347, 113
347, 114
347, 115
347, 116
347, 117
347, 118
347, 119
347, 120
347, 121
347, 122
347, 123
347, 124
347, 125
347, 126
347, 127
347, 128
347, 129
347, 130
347, 131
347, 132
347, 133
347, 134
347, 135
347, 136
347, 137
347, 138
347, 139
347, 140
347, 141
347, 142
347, 143
347, 144
347, 145
347, 146
347, 147
347, 148
347, 149
347, 150
347, 151
347, 152
347, 153
347, 154
347, 155
347, 156
347, 157
347, 158
347, 159
347, 160
347, 161
347, 162
347, 163
347, 164
347, 165
347, 166
347, 167
347, 168
347, 169
347, 170
347, 171
347, 172
347, 173
347, 174
347, 175
347, 176
347, 177
347, 178
347, 179
347, 180
347, 181
347, 182
347, 183
347, 184
347, 185
347, 186
347, 187
347, 188
347, 189
347, 190
347, 191
348, 47
348, 48
348, 49
348, 50
348, 51
348, 52
348, 53
348, 54
348, 55
348, 56
348, 57
348, 58
348, 59
348, 60
348, 61
348, 62
348, 63
348, 64
348, 65
348, 66
348, 67
348, 68
348, 69
348, 70
348, 71
348, 72
348, 73
348, 74
348, 75
348, 76
348, 77
348, 78
348, 79
348, 80
348, 81
348, 82
348, 83
348, 84
348, 85
348, 86
348, 87
348, 88
348, 89
348, 90
348, 91
348, 92
348, 93
348, 94
348, 95
348, 96
348, 97
348, 98
348, 99
348, 100
348, 101
348, 102
348, 103
348, 104
348, 105
348, 106
348, 107
348, 108
348, 109
348, 110
348, 111
348, 112
348, 113
348, 114
348, 115
348, 116
348, 117
348, 118
348, 119
348, 120
348, 121
348, 122
348, 123
348, 124
348, 125
348, 126
348, 127
348, 128
348, 129
348, 130
348, 131
348, 132
348, 133
348, 134
348, 135
348, 136
348, 137
348, 138
348, 139
348, 140
348, 141
348, 142
348, 143
348, 144
348, 145
348, 146
348, 147
348, 148
348, 149
348, 150
348, 151
348, 152
348, 153
348, 154
348, 155
348, 156
348, 157
348, 158
348, 159
348, 160
348, 161
348, 162
348, 163
348, 164
348, 165
348, 166
348, 167
348, 168
348, 169
348, 170
348, 171
348, 172
348, 173
348, 174
348, 175
348, 176
348, 177
348, 178
348, 179
348, 180
348, 181
348, 182
348, 183
348, 184
348, 185
348, 186
348, 187
348, 188
348, 189
348, 190
348, 191
349, 47
349, 48
349, 49
349, 50
349, 51
349, 52
349, 53
349, 54
349, 55
349, 56
349, 57
349, 58
349, 59
349, 60
349, 61
349, 62
349, 63
349, 64
349, 65
349, 66
349, 67
349, 68
349, 69
349, 70
349, 71
349, 72
349, 73
349, 74
349, 75
349, 76
349, 77
349, 78
349, 79
349, 80
349, 81
349, 82
349, 83
349, 84
349, 85
349, 86
349, 87
349, 88
349, 89
349, 90
349, 91
349, 92
349, 93
349, 94
349, 95
349, 96
349, 97
349, 98
349, 99
349, 100
349, 101
349, 102
349, 103
349, 104
349, 105
349, 106
349, 107
349, 108
349, 109
349, 110
349, 111
349, 112
349, 113
349, 114
349, 115
349, 116
349, 117
349, 118
349, 119
349, 120
349, 121
349, 122
349, 123
349, 124
349, 125
349, 126
349, 127
349, 128
349, 129
349, 130
349, 131
349, 132
349, 133
349, 134
349, 135
349, 136
349, 137
349, 138
349, 139
349, 140
349, 141
349, 142
349, 143
349, 144
349, 145
349, 146
349, 147
349, 148
349, 149
349, 150
349, 151
349, 152
349, 153
349, 154
349, 155
349, 156
349, 157
349, 158
349, 159
349, 160
349, 161
349, 162
349, 163
349, 164
349, 165
349, 166
349, 167
349, 168
349, 169
349, 170
349, 171
349, 172
349, 173
349, 174
349, 175
349, 176
349, 177
349, 178
349, 179
349, 180
349, 181
349, 182
349, 183
349, 184
349, 185
349, 186
349, 187
349, 188
349, 189
349, 190
349, 191
350, 47
350, 48
350, 49
350, 50
350, 51
350, 52
350, 53
350, 54
350, 55
350, 56
350, 57
350, 58
350, 59
350, 60
350, 61
350, 62
350, 63
350, 64
350, 65
350, 66
350, 67
350, 68
350, 69
350, 70
350, 71
350, 72
350, 73
350, 74
350, 75
350, 76
350, 77
350, 78
350, 79
350, 80
350, 81
350, 82
350, 83
350, 84
350, 85
350, 86
350, 87
350, 88
350, 89
350, 90
350, 91
350, 92
350, 93
350, 94
350, 95
350, 96
350, 97
350, 98
350, 99
350, 100
350, 101
350, 102
350, 103
350, 104
350, 105
350, 106
350, 107
350, 108
350, 109
350, 110
350, 111
350, 112
350, 113
350, 114
350, 115
350, 116
350, 117
350, 118
350, 119
350, 120
350, 121
350, 122
350, 123
350, 124
350, 125
350, 126
350, 127
350, 128
350, 129
350, 130
350, 131
350, 132
350, 133
350, 134
350, 135
350, 136
350, 137
350, 138
350, 139
350, 140
350, 141
350, 142
350, 143
350, 144
350, 145
350, 146
350, 147
350, 148
350, 149
350, 150
350, 151
350, 152
350, 153
350, 154
350, 155
350, 156
350, 157
350, 158
350, 159
350, 160
350, 161
350, 162
350, 163
350, 164
350, 165
350, 166
350, 167
350, 168
350, 169
350, 170
350, 171
350, 172
350, 173
350, 174
350, 175
350, 176
350, 177
350, 178
350, 179
350, 180
350, 181
350, 182
350, 183
350, 184
350, 185
350, 186
350, 187
350, 188
350, 189
350, 190
350, 191
351, 47
351, 48
351, 49
351, 50
351, 51
351, 52
351, 53
351, 54
351, 55
351, 56
351, 57
351, 58
351, 59
351, 60
351, 61
351, 62
351, 63
351, 64
351, 65
351, 66
351, 67
351, 68
351, 69
351, 70
351, 71
351, 72
351, 73
351, 74
351, 75
351, 76
351, 77
351, 78
351, 79
351, 80
351, 81
351, 82
351, 83
351, 84
351, 85
351, 86
351, 87
351, 88
351, 89
351, 90
351, 91
351, 92
351, 93
351, 94
351, 95
351, 96
351, 97
351, 98
351, 99
351, 100
351, 101
351, 102
351, 103
351, 104
351, 105
351, 106
351, 107
351, 108
351, 109
351, 110
351, 111
351, 112
351, 113
351, 114
351, 115
351, 116
351, 117
351, 118
351, 119
351, 120
351, 121
351, 122
351, 123
351, 124
351, 125
351, 126
351, 127
351, 128
351, 129
351, 130
351, 131
351, 132
351, 133
351, 134
351, 135
351, 136
351, 137
351, 138
351, 139
351, 140
351, 141
351, 142
351, 143
351, 144
351, 145
351, 146
351, 147
351, 148
351, 149
351, 150
351, 151
351, 152
351, 153
351, 154
351, 155
351, 156
351, 157
351, 158
351, 159
351, 160
351, 161
351, 162
351, 163
351, 164
351, 165
351, 166
351, 167
351, 168
351, 169
351, 170
351, 171
351, 172
351, 173
351, 174
351, 175
351, 176
351, 177
351, 178
351, 179
351, 180
351, 181
351, 182
351, 183
351, 184
351, 185
351, 186
351, 187
351, 188
351, 189
351, 190
351, 191
352, 47
352, 48
352, 49
352, 50
352, 51
352, 52
352, 53
352, 54
352, 55
352, 56
352, 57
352, 58
352, 59
352, 60
352, 61
352, 62
352, 63
352, 64
352, 65
352, 66
352, 67
352, 68
352, 69
352, 70
352, 71
352, 72
352, 73
352, 74
352, 75
352, 76
352, 77
352, 78
352, 79
352, 80
352, 81
352, 82
352, 83
352, 84
352, 85
352, 86
352, 87
352, 88
352, 89
352, 90
352, 91
352, 92
352, 93
352, 94
352, 95
352, 96
352, 97
352, 98
352, 99
352, 100
352, 101
352, 102
352, 103
352, 104
352, 105
352, 106
352, 107
352, 108
352, 109
352, 110
352, 111
352, 112
352, 113
352, 114
352, 115
352, 116
352, 117
352, 118
352, 119
352, 120
352, 121
352, 122
352, 123
352, 124
352, 125
352, 126
352, 127
352, 128
352, 129
352, 130
352, 131
352, 132
352, 133
352, 134
352, 135
352, 136
352, 137
352, 138
352, 139
352, 140
352, 141
352, 142
352, 143
352, 144
352, 145
352, 146
352, 147
352, 148
352, 149
352, 150
352, 151
352, 152
352, 153
352, 154
352, 155
352, 156
352, 157
352, 158
352, 159
352, 160
352, 161
352, 162
352, 163
352, 164
352, 165
352, 166
352, 167
352, 168
352, 169
352, 170
352, 171
352, 172
352, 173
352, 174
352, 175
352, 176
352, 177
352, 178
352, 179
352, 180
352, 181
352, 182
352, 183
352, 184
352, 185
352, 186
352, 187
352, 188
352, 189
352, 190
352, 191
353, 47
353, 48
353, 49
353, 50
353, 51
353, 52
353, 53
353, 54
353, 55
353, 56
353, 57
353, 58
353, 59
353, 60
353, 61
353, 62
353, 63
353, 64
353, 65
353, 66
353, 67
353, 68
353, 69
353, 70
353, 71
353, 72
353, 73
353, 74
353, 75
353, 76
353, 77
353, 78
353, 79
353, 80
353, 81
353, 82
353, 83
353, 84
353, 85
353, 86
353, 87
353, 88
353, 89
353, 90
353, 91
353, 92
353, 93
353, 94
353, 95
353, 96
353, 97
353, 98
353, 99
353, 100
353, 101
353, 102
353, 103
353, 104
353, 105
353, 106
353, 107
353, 108
353, 109
353, 110
353, 111
353, 112
353, 113
353, 114
353, 115
353, 116
353, 117
353, 118
353, 119
353, 120
353, 121
353, 122
353, 123
353, 124
353, 125
353, 126
353, 127
353, 128
353, 129
353, 130
353, 131
353, 132
353, 133
353, 134
353, 135
353, 136
353, 137
353, 138
353, 139
353, 140
353, 141
353, 142
353, 143
353, 144
353, 145
353, 146
353, 147
353, 148
353, 149
353, 150
353, 151
353, 152
353, 153
353, 154
353, 155
353, 156
353, 157
353, 158
353, 159
353, 160
353, 161
353, 162
353, 163
353, 164
353, 165
353, 166
353, 167
353, 168
353, 169
353, 170
353, 171
353, 172
353, 173
353, 174
353, 175
353, 176
353, 177
353, 178
353, 179
353, 180
353, 181
353, 182
353, 183
353, 184
353, 185
353, 186
353, 187
353, 188
353, 189
353, 190
354, 47
354, 48
354, 49
354, 50
354, 51
354, 52
354, 53
354, 54
354, 55
354, 56
354, 57
354, 58
354, 59
354, 60
354, 61
354, 62
354, 63
354, 64
354, 65
354, 66
354, 67
354, 68
354, 69
354, 70
354, 71
354, 72
354, 73
354, 74
354, 75
354, 76
354, 77
354, 78
354, 79
354, 80
354, 81
354, 82
354, 83
354, 84
354, 85
354, 86
354, 87
354, 88
354, 89
354, 90
354, 91
354, 92
354, 93
354, 94
354, 95
354, 96
354, 97
354, 98
354, 99
354, 100
354, 101
354, 102
354, 103
354, 104
354, 105
354, 106
354, 107
354, 108
354, 109
354, 110
354, 111
354, 112
354, 113
354, 114
354, 115
354, 116
354, 117
354, 118
354, 119
354, 120
354, 121
354, 122
354, 123
354, 124
354, 125
354, 126
354, 127
354, 128
354, 129
354, 130
354, 131
354, 132
354, 133
354, 134
354, 135
354, 136
354, 137
354, 138
354, 139
354, 140
354, 141
354, 142
354, 143
354, 144
354, 145
354, 146
354, 147
354, 148
354, 149
354, 150
354, 151
354, 152
354, 153
354, 154
354, 155
354, 156
354, 157
354, 158
354, 159
354, 160
354, 161
354, 162
354, 163
354, 164
354, 165
354, 166
354, 167
354, 168
354, 169
354, 170
354, 171
354, 172
354, 173
354, 174
354, 175
354, 176
354, 177
354, 178
354, 179
354, 180
354, 181
354, 182
354, 183
354, 184
354, 185
354, 186
354, 187
354, 188
354, 189
354, 190
355, 47
355, 48
355, 49
355, 50
355, 51
355, 52
355, 53
355, 54
355, 55
355, 56
355, 57
355, 58
355, 59
355, 60
355, 61
355, 62
355, 63
355, 64
355, 65
355, 66
355, 67
355, 68
355, 69
355, 70
355, 71
355, 72
355, 73
355, 74
355, 75
355, 76
355, 77
355, 78
355, 79
355, 80
355, 81
355, 82
355, 83
355, 84
355, 85
355, 86
355, 87
355, 88
355, 89
355, 90
355, 91
355, 92
355, 93
355, 94
355, 95
355, 96
355, 97
355, 98
355, 99
355, 100
355, 101
355, 102
355, 103
355, 104
355, 105
355, 106
355, 107
355, 108
355, 109
355, 110
355, 111
355, 112
355, 113
355, 114
355, 115
355, 116
355, 117
355, 118
355, 119
355, 120
355, 121
355, 122
355, 123
355, 124
355, 125
355, 126
355, 127
355, 128
355, 129
355, 130
355, 131
355, 132
355, 133
355, 134
355, 135
355, 136
355, 137
355, 138
355, 139
355, 140
355, 141
355, 142
355, 143
355, 144
355, 145
355, 146
355, 147
355, 148
355, 149
355, 150
355, 151
355, 152
355, 153
355, 154
355, 155
355, 156
355, 157
355, 158
355, 159
355, 160
355, 161
355, 162
355, 163
355, 164
355, 165
355, 166
355, 167
355, 168
355, 169
355, 170
355, 171
355, 172
355, 173
355, 174
355, 175
355, 176
355, 177
355, 178
355, 179
355, 180
355, 181
355, 182
355, 183
355, 184
355, 185
355, 186
355, 187
355, 188
355, 189
355, 190
356, 47
356, 48
356, 49
356, 50
356, 51
356, 52
356, 53
356, 54
356, 55
356, 56
356, 57
356, 58
356, 59
356, 60
356, 61
356, 62
356, 63
356, 64
356, 65
356, 66
356, 67
356, 68
356, 69
356, 70
356, 71
356, 72
356, 73
356, 74
356, 75
356, 76
356, 77
356, 78
356, 79
356, 80
356, 81
356, 82
356, 83
356, 84
356, 85
356, 86
356, 87
356, 88
356, 89
356, 90
356, 91
356, 92
356, 93
356, 94
356, 95
356, 96
356, 97
356, 98
356, 99
356, 100
356, 101
356, 102
356, 103
356, 104
356, 105
356, 106
356, 107
356, 108
356, 109
356, 110
356, 111
356, 112
356, 113
356, 114
356, 115
356, 116
356, 117
356, 118
356, 119
356, 120
356, 121
356, 122
356, 123
356, 124
356, 125
356, 126
356, 127
356, 128
356, 129
356, 130
356, 131
356, 132
356, 133
356, 134
356, 135
356, 136
356, 137
356, 138
356, 139
356, 140
356, 141
356, 142
356, 143
356, 144
356, 145
356, 146
356, 147
356, 148
356, 149
356, 150
356, 151
356, 152
356, 153
356, 154
356, 155
356, 156
356, 157
356, 158
356, 159
356, 160
356, 161
356, 162
356, 163
356, 164
356, 165
356, 166
356, 167
356, 168
356, 169
356, 170
356, 171
356, 172
356, 173
356, 174
356, 175
356, 176
356, 177
356, 178
356, 179
356, 180
356, 181
356, 182
356, 183
356, 184
356, 185
356, 186
356, 187
356, 188
356, 189
356, 190
357, 48
357, 49
357, 50
357, 51
357, 52
357, 53
357, 54
357, 55
357, 56
357, 57
357, 58
357, 59
357, 60
357, 61
357, 62
357, 63
357, 64
357, 65
357, 66
357, 67
357, 68
357, 69
357, 70
357, 71
357, 72
357, 73
357, 74
357, 75
357, 76
357, 77
357, 78
357, 79
357, 80
357, 81
357, 82
357, 83
357, 84
357, 85
357, 86
357, 87
357, 88
357, 89
357, 90
357, 91
357, 92
357, 93
357, 94
357, 95
357, 96
357, 97
357, 98
357, 99
357, 100
357, 101
357, 102
357, 103
357, 104
357, 105
357, 106
357, 107
357, 108
357, 109
357, 110
357, 111
357, 112
357, 113
357, 114
357, 115
357, 116
357, 117
357, 118
357, 119
357, 120
357, 121
357, 122
357, 123
357, 124
357, 125
357, 126
357, 127
357, 128
357, 129
357, 130
357, 131
357, 132
357, 133
357, 134
357, 135
357, 136
357, 137
357, 138
357, 139
357, 140
357, 141
357, 142
357, 143
357, 144
357, 145
357, 146
357, 147
357, 148
357, 149
357, 150
357, 151
357, 152
357, 153
357, 154
357, 155
357, 156
357, 157
357, 158
357, 159
357, 160
357, 161
357, 162
357, 163
357, 164
357, 165
357, 166
357, 167
357, 168
357, 169
357, 170
357, 171
357, 172
357, 173
357, 174
357, 175
357, 176
357, 177
357, 178
357, 179
357, 180
357, 181
357, 182
357, 183
357, 184
357, 185
357, 186
357, 187
357, 188
357, 189
357, 190
358, 48
358, 49
358, 50
358, 51
358, 52
358, 53
358, 54
358, 55
358, 56
358, 57
358, 58
358, 59
358, 60
358, 61
358, 62
358, 63
358, 64
358, 65
358, 66
358, 67
358, 68
358, 69
358, 70
358, 71
358, 72
358, 73
358, 74
358, 75
358, 76
358, 77
358, 78
358, 79
358, 80
358, 81
358, 82
358, 83
358, 84
358, 85
358, 86
358, 87
358, 88
358, 89
358, 90
358, 91
358, 92
358, 93
358, 94
358, 95
358, 96
358, 97
358, 98
358, 99
358, 100
358, 101
358, 102
358, 103
358, 104
358, 105
358, 106
358, 107
358, 108
358, 109
358, 110
358, 111
358, 112
358, 113
358, 114
358, 115
358, 116
358, 117
358, 118
358, 119
358, 120
358, 121
358, 122
358, 123
358, 124
358, 125
358, 126
358, 127
358, 128
358, 129
358, 130
358, 131
358, 132
358, 133
358, 134
358, 135
358, 136
358, 137
358, 138
358, 139
358, 140
358, 141
358, 142
358, 143
358, 144
358, 145
358, 146
358, 147
358, 148
358, 149
358, 150
358, 151
358, 152
358, 153
358, 154
358, 155
358, 156
358, 157
358, 158
358, 159
358, 160
358, 161
358, 162
358, 163
358, 164
358, 165
358, 166
358, 167
358, 168
358, 169
358, 170
358, 171
358, 172
358, 173
358, 174
358, 175
358, 176
358, 177
358, 178
358, 179
358, 180
358, 181
358, 182
358, 183
358, 184
358, 185
358, 186
358, 187
358, 188
358, 189
358, 190
359, 48
359, 49
359, 50
359, 51
359, 52
359, 53
359, 54
359, 55
359, 56
359, 57
359, 58
359, 59
359, 60
359, 61
359, 62
359, 63
359, 64
359, 65
359, 66
359, 67
359, 68
359, 69
359, 70
359, 71
359, 72
359, 73
359, 74
359, 75
359, 76
359, 77
359, 78
359, 79
359, 80
359, 81
359, 82
359, 83
359, 84
359, 85
359, 86
359, 87
359, 88
359, 89
359, 90
359, 91
359, 92
359, 93
359, 94
359, 95
359, 96
359, 97
359, 98
359, 99
359, 100
359, 101
359, 102
359, 103
359, 104
359, 105
359, 106
359, 107
359, 108
359, 109
359, 110
359, 111
359, 112
359, 113
359, 114
359, 115
359, 116
359, 117
359, 118
359, 119
359, 120
359, 121
359, 122
359, 123
359, 124
359, 125
359, 126
359, 127
359, 128
359, 129
359, 130
359, 131
359, 132
359, 133
359, 134
359, 135
359, 136
359, 137
359, 138
359, 139
359, 140
359, 141
359, 142
359, 143
359, 144
359, 145
359, 146
359, 147
359, 148
359, 149
359, 150
359, 151
359, 152
359, 153
359, 154
359, 155
359, 156
359, 157
359, 158
359, 159
359, 160
359, 161
359, 162
359, 163
359, 164
359, 165
359, 166
359, 167
359, 168
359, 169
359, 170
359, 171
359, 172
359, 173
359, 174
359, 175
359, 176
359, 177
359, 178
359, 179
359, 180
359, 181
359, 182
359, 183
359, 184
359, 185
359, 186
359, 187
359, 188
359, 189
359, 190
360, 48
360, 49
360, 50
360, 51
360, 52
360, 53
360, 54
360, 55
360, 56
360, 57
360, 58
360, 59
360, 60
360, 61
360, 62
360, 63
360, 64
360, 65
360, 66
360, 67
360, 68
360, 69
360, 70
360, 71
360, 72
360, 73
360, 74
360, 75
360, 76
360, 77
360, 78
360, 79
360, 80
360, 81
360, 82
360, 83
360, 84
360, 85
360, 86
360, 87
360, 88
360, 89
360, 90
360, 91
360, 92
360, 93
360, 94
360, 95
360, 96
360, 97
360, 98
360, 99
360, 100
360, 101
360, 102
360, 103
360, 104
360, 105
360, 106
360, 107
360, 108
360, 109
360, 110
360, 111
360, 112
360, 113
360, 114
360, 115
360, 116
360, 117
360, 118
360, 119
360, 120
360, 121
360, 122
360, 123
360, 124
360, 125
360, 126
360, 127
360, 128
360, 129
360, 130
360, 131
360, 132
360, 133
360, 134
360, 135
360, 136
360, 137
360, 138
360, 139
360, 140
360, 141
360, 142
360, 143
360, 144
360, 145
360, 146
360, 147
360, 148
360, 149
360, 150
360, 151
360, 152
360, 153
360, 154
360, 155
360, 156
360, 157
360, 158
360, 159
360, 160
360, 161
360, 162
360, 163
360, 164
360, 165
360, 166
360, 167
360, 168
360, 169
360, 170
360, 171
360, 172
360, 173
360, 174
360, 175
360, 176
360, 177
360, 178
360, 179
360, 180
360, 181
360, 182
360, 183
360, 184
360, 185
360, 186
360, 187
360, 188
360, 189
360, 190
361, 49
361, 50
361, 51
361, 52
361, 53
361, 54
361, 55
361, 56
361, 57
361, 58
361, 59
361, 60
361, 61
361, 62
361, 63
361, 64
361, 65
361, 66
361, 67
361, 68
361, 69
361, 70
361, 71
361, 72
361, 73
361, 74
361, 75
361, 76
361, 77
361, 78
361, 79
361, 80
361, 81
361, 82
361, 83
361, 84
361, 85
361, 86
361, 87
361, 88
361, 89
361, 90
361, 91
361, 92
361, 93
361, 94
361, 95
361, 96
361, 97
361, 98
361, 99
361, 100
361, 101
361, 102
361, 103
361, 104
361, 105
361, 106
361, 107
361, 108
361, 109
361, 110
361, 111
361, 112
361, 113
361, 114
361, 115
361, 116
361, 117
361, 118
361, 119
361, 120
361, 121
361, 122
361, 123
361, 124
361, 125
361, 126
361, 127
361, 128
361, 129
361, 130
361, 131
361, 132
361, 133
361, 134
361, 135
361, 136
361, 137
361, 138
361, 139
361, 140
361, 141
361, 142
361, 143
361, 144
361, 145
361, 146
361, 147
361, 148
361, 149
361, 150
361, 151
361, 152
361, 153
361, 154
361, 155
361, 156
361, 157
361, 158
361, 159
361, 160
361, 161
361, 162
361, 163
361, 164
361, 165
361, 166
361, 167
361, 168
361, 169
361, 170
361, 171
361, 172
361, 173
361, 174
361, 175
361, 176
361, 177
361, 178
361, 179
361, 180
361, 181
361, 182
361, 183
361, 184
361, 185
361, 186
361, 187
361, 188
361, 189
361, 190
362, 49
362, 50
362, 51
362, 52
362, 53
362, 54
362, 55
362, 56
362, 57
362, 58
362, 59
362, 60
362, 61
362, 62
362, 63
362, 64
362, 65
362, 66
362, 67
362, 68
362, 69
362, 70
362, 71
362, 72
362, 73
362, 74
362, 75
362, 76
362, 77
362, 78
362, 79
362, 80
362, 81
362, 82
362, 83
362, 84
362, 85
362, 86
362, 87
362, 88
362, 89
362, 90
362, 91
362, 92
362, 93
362, 94
362, 95
362, 96
362, 97
362, 98
362, 99
362, 100
362, 101
362, 102
362, 103
362, 104
362, 105
362, 106
362, 107
362, 108
362, 109
362, 110
362, 111
362, 112
362, 113
362, 114
362, 115
362, 116
362, 117
362, 118
362, 119
362, 120
362, 121
362, 122
362, 123
362, 124
362, 125
362, 126
362, 127
362, 128
362, 129
362, 130
362, 131
362, 132
362, 133
362, 134
362, 135
362, 136
362, 137
362, 138
362, 139
362, 140
362, 141
362, 142
362, 143
362, 144
362, 145
362, 146
362, 147
362, 148
362, 149
362, 150
362, 151
362, 152
362, 153
362, 154
362, 155
362, 156
362, 157
362, 158
362, 159
362, 160
362, 161
362, 162
362, 163
362, 164
362, 165
362, 166
362, 167
362, 168
362, 169
362, 170
362, 171
362, 172
362, 173
362, 174
362, 175
362, 176
362, 177
362, 178
362, 179
362, 180
362, 181
362, 182
362, 183
362, 184
362, 185
362, 186
362, 187
362, 188
362, 189
362, 190
363, 49
363, 50
363, 51
363, 52
363, 53
363, 54
363, 55
363, 56
363, 57
363, 58
363, 59
363, 60
363, 61
363, 62
363, 63
363, 64
363, 65
363, 66
363, 67
363, 68
363, 69
363, 70
363, 71
363, 72
363, 73
363, 74
363, 75
363, 76
363, 77
363, 78
363, 79
363, 80
363, 81
363, 82
363, 83
363, 84
363, 85
363, 86
363, 87
363, 88
363, 89
363, 90
363, 91
363, 92
363, 93
363, 94
363, 95
363, 96
363, 97
363, 98
363, 99
363, 100
363, 101
363, 102
363, 103
363, 104
363, 105
363, 106
363, 107
363, 108
363, 109
363, 110
363, 111
363, 112
363, 113
363, 114
363, 115
363, 116
363, 117
363, 118
363, 119
363, 120
363, 121
363, 122
363, 123
363, 124
363, 125
363, 126
363, 127
363, 128
363, 129
363, 130
363, 131
363, 132
363, 133
363, 134
363, 135
363, 136
363, 137
363, 138
363, 139
363, 140
363, 141
363, 142
363, 143
363, 144
363, 145
363, 146
363, 147
363, 148
363, 149
363, 150
363, 151
363, 152
363, 153
363, 154
363, 155
363, 156
363, 157
363, 158
363, 159
363, 160
363, 161
363, 162
363, 163
363, 164
363, 165
363, 166
363, 167
363, 168
363, 169
363, 170
363, 171
363, 172
363, 173
363, 174
363, 175
363, 176
363, 177
363, 178
363, 179
363, 180
363, 181
363, 182
363, 183
363, 184
363, 185
363, 186
363, 187
363, 188
363, 189
363, 190
364, 49
364, 50
364, 51
364, 52
364, 53
364, 54
364, 55
364, 56
364, 57
364, 58
364, 59
364, 60
364, 61
364, 62
364, 63
364, 64
364, 65
364, 66
364, 67
364, 68
364, 69
364, 70
364, 71
364, 72
364, 73
364, 74
364, 75
364, 76
364, 77
364, 78
364, 79
364, 80
364, 81
364, 82
364, 83
364, 84
364, 85
364, 86
364, 87
364, 88
364, 89
364, 90
364, 91
364, 92
364, 93
364, 94
364, 95
364, 96
364, 97
364, 98
364, 99
364, 100
364, 101
364, 102
364, 103
364, 104
364, 105
364, 106
364, 107
364, 108
364, 109
364, 110
364, 111
364, 112
364, 113
364, 114
364, 115
364, 116
364, 117
364, 118
364, 119
364, 120
364, 121
364, 122
364, 123
364, 124
364, 125
364, 126
364, 127
364, 128
364, 129
364, 130
364, 131
364, 132
364, 133
364, 134
364, 135
364, 136
364, 137
364, 138
364, 139
364, 140
364, 141
364, 142
364, 143
364, 144
364, 145
364, 146
364, 147
364, 148
364, 149
364, 150
364, 151
364, 152
364, 153
364, 154
364, 155
364, 156
364, 157
364, 158
364, 159
364, 160
364, 161
364, 162
364, 163
364, 164
364, 165
364, 166
364, 167
364, 168
364, 169
364, 170
364, 171
364, 172
364, 173
364, 174
364, 175
364, 176
364, 177
364, 178
364, 179
364, 180
364, 181
364, 182
364, 183
364, 184
364, 185
364, 186
364, 187
364, 188
364, 189
364, 190
365, 49
365, 50
365, 51
365, 52
365, 53
365, 54
365, 55
365, 56
365, 57
365, 58
365, 59
365, 60
365, 61
365, 62
365, 63
365, 64
365, 65
365, 66
365, 67
365, 68
365, 69
365, 70
365, 71
365, 72
365, 73
365, 74
365, 75
365, 76
365, 77
365, 78
365, 79
365, 80
365, 81
365, 82
365, 83
365, 84
365, 85
365, 86
365, 87
365, 88
365, 89
365, 90
365, 91
365, 92
365, 93
365, 94
365, 95
365, 96
365, 97
365, 98
365, 99
365, 100
365, 101
365, 102
365, 103
365, 104
365, 105
365, 106
365, 107
365, 108
365, 109
365, 110
365, 111
365, 112
365, 113
365, 114
365, 115
365, 116
365, 117
365, 118
365, 119
365, 120
365, 121
365, 122
365, 123
365, 124
365, 125
365, 126
365, 127
365, 128
365, 129
365, 130
365, 131
365, 132
365, 133
365, 134
365, 135
365, 136
365, 137
365, 138
365, 139
365, 140
365, 141
365, 142
365, 143
365, 144
365, 145
365, 146
365, 147
365, 148
365, 149
365, 150
365, 151
365, 152
365, 153
365, 154
365, 155
365, 156
365, 157
365, 158
365, 159
365, 160
365, 161
365, 162
365, 163
365, 164
365, 165
365, 166
365, 167
365, 168
365, 169
365, 170
365, 171
365, 172
365, 173
365, 174
365, 175
365, 176
365, 177
365, 178
365, 179
365, 180
365, 181
365, 182
365, 183
365, 184
365, 185
365, 186
365, 187
365, 188
365, 189
365, 190
366, 50
366, 51
366, 52
366, 53
366, 54
366, 55
366, 56
366, 57
366, 58
366, 59
366, 60
366, 61
366, 62
366, 63
366, 64
366, 65
366, 66
366, 67
366, 68
366, 69
366, 70
366, 71
366, 72
366, 73
366, 74
366, 75
366, 76
366, 77
366, 78
366, 79
366, 80
366, 81
366, 82
366, 83
366, 84
366, 85
366, 86
366, 87
366, 88
366, 89
366, 90
366, 91
366, 92
366, 93
366, 94
366, 95
366, 96
366, 97
366, 98
366, 99
366, 100
366, 101
366, 102
366, 103
366, 104
366, 105
366, 106
366, 107
366, 108
366, 109
366, 110
366, 111
366, 112
366, 113
366, 114
366, 115
366, 116
366, 117
366, 118
366, 119
366, 120
366, 121
366, 122
366, 123
366, 124
366, 125
366, 126
366, 127
366, 128
366, 129
366, 130
366, 131
366, 132
366, 133
366, 134
366, 135
366, 136
366, 137
366, 138
366, 139
366, 140
366, 141
366, 142
366, 143
366, 144
366, 145
366, 146
366, 147
366, 148
366, 149
366, 150
366, 151
366, 152
366, 153
366, 154
366, 155
366, 156
366, 157
366, 158
366, 159
366, 160
366, 161
366, 162
366, 163
366, 164
366, 165
366, 166
366, 167
366, 168
366, 169
366, 170
366, 171
366, 172
366, 173
366, 174
366, 175
366, 176
366, 177
366, 178
366, 179
366, 180
366, 181
366, 182
366, 183
366, 184
366, 185
366, 186
366, 187
366, 188
366, 189
366, 190
367, 50
367, 51
367, 52
367, 53
367, 54
367, 55
367, 56
367, 57
367, 58
367, 59
367, 60
367, 61
367, 62
367, 63
367, 64
367, 65
367, 66
367, 67
367, 68
367, 69
367, 70
367, 71
367, 72
367, 73
367, 74
367, 75
367, 76
367, 77
367, 78
367, 79
367, 80
367, 81
367, 82
367, 83
367, 84
367, 85
367, 86
367, 87
367, 88
367, 89
367, 90
367, 91
367, 92
367, 93
367, 94
367, 95
367, 96
367, 97
367, 98
367, 99
367, 100
367, 101
367, 102
367, 103
367, 104
367, 105
367, 106
367, 107
367, 108
367, 109
367, 110
367, 111
367, 112
367, 113
367, 114
367, 115
367, 116
367, 117
367, 118
367, 119
367, 120
367, 121
367, 122
367, 123
367, 124
367, 125
367, 126
367, 127
367, 128
367, 129
367, 130
367, 131
367, 132
367, 133
367, 134
367, 135
367, 136
367, 137
367, 138
367, 139
367, 140
367, 141
367, 142
367, 143
367, 144
367, 145
367, 146
367, 147
367, 148
367, 149
367, 150
367, 151
367, 152
367, 153
367, 154
367, 155
367, 156
367, 157
367, 158
367, 159
367, 160
367, 161
367, 162
367, 163
367, 164
367, 165
367, 166
367, 167
367, 168
367, 169
367, 170
367, 171
367, 172
367, 173
367, 174
367, 175
367, 176
367, 177
367, 178
367, 179
367, 180
367, 181
367, 182
367, 183
367, 184
367, 185
367, 186
367, 187
367, 188
367, 189
367, 190
368, 50
368, 51
368, 52
368, 53
368, 54
368, 55
368, 56
368, 57
368, 58
368, 59
368, 60
368, 61
368, 62
368, 63
368, 64
368, 65
368, 66
368, 67
368, 68
368, 69
368, 70
368, 71
368, 72
368, 73
368, 74
368, 75
368, 76
368, 77
368, 78
368, 79
368, 80
368, 81
368, 82
368, 83
368, 84
368, 85
368, 86
368, 87
368, 88
368, 89
368, 90
368, 91
368, 92
368, 93
368, 94
368, 95
368, 96
368, 97
368, 98
368, 99
368, 100
368, 101
368, 102
368, 103
368, 104
368, 105
368, 106
368, 107
368, 108
368, 109
368, 110
368, 111
368, 112
368, 113
368, 114
368, 115
368, 116
368, 117
368, 118
368, 119
368, 120
368, 121
368, 122
368, 123
368, 124
368, 125
368, 126
368, 127
368, 128
368, 129
368, 130
368, 131
368, 132
368, 133
368, 134
368, 135
368, 136
368, 137
368, 138
368, 139
368, 140
368, 141
368, 142
368, 143
368, 144
368, 145
368, 146
368, 147
368, 148
368, 149
368, 150
368, 151
368, 152
368, 153
368, 154
368, 155
368, 156
368, 157
368, 158
368, 159
368, 160
368, 161
368, 162
368, 163
368, 164
368, 165
368, 166
368, 167
368, 168
368, 169
368, 170
368, 171
368, 172
368, 173
368, 174
368, 175
368, 176
368, 177
368, 178
368, 179
368, 180
368, 181
368, 182
368, 183
368, 184
368, 185
368, 186
368, 187
368, 188
368, 189
368, 190
369, 51
369, 52
369, 53
369, 54
369, 55
369, 56
369, 57
369, 58
369, 59
369, 60
369, 61
369, 62
369, 63
369, 64
369, 65
369, 66
369, 67
369, 68
369, 69
369, 70
369, 71
369, 72
369, 73
369, 74
369, 75
369, 76
369, 77
369, 78
369, 79
369, 80
369, 81
369, 82
369, 83
369, 84
369, 85
369, 86
369, 87
369, 88
369, 89
369, 90
369, 91
369, 92
369, 93
369, 94
369, 95
369, 96
369, 97
369, 98
369, 99
369, 100
369, 101
369, 102
369, 103
369, 104
369, 105
369, 106
369, 107
369, 108
369, 109
369, 110
369, 111
369, 112
369, 113
369, 114
369, 115
369, 116
369, 117
369, 118
369, 119
369, 120
369, 121
369, 122
369, 123
369, 124
369, 125
369, 126
369, 127
369, 128
369, 129
369, 130
369, 131
369, 132
369, 133
369, 134
369, 135
369, 136
369, 137
369, 138
369, 139
369, 140
369, 141
369, 142
369, 143
369, 144
369, 145
369, 146
369, 147
369, 148
369, 149
369, 150
369, 151
369, 152
369, 153
369, 154
369, 155
369, 156
369, 157
369, 158
369, 159
369, 160
369, 161
369, 162
369, 163
369, 164
369, 165
369, 166
369, 167
369, 168
369, 169
369, 170
369, 171
369, 172
369, 173
369, 174
369, 175
369, 176
369, 177
369, 178
369, 179
369, 180
369, 181
369, 182
369, 183
369, 184
369, 185
369, 186
369, 187
369, 188
369, 189
369, 190
370, 51
370, 52
370, 53
370, 54
370, 55
370, 56
370, 57
370, 58
370, 59
370, 60
370, 61
370, 62
370, 63
370, 64
370, 65
370, 66
370, 67
370, 68
370, 69
370, 70
370, 71
370, 72
370, 73
370, 74
370, 75
370, 76
370, 77
370, 78
370, 79
370, 80
370, 81
370, 82
370, 83
370, 84
370, 85
370, 86
370, 87
370, 88
370, 89
370, 90
370, 91
370, 92
370, 93
370, 94
370, 95
370, 96
370, 97
370, 98
370, 99
370, 100
370, 101
370, 102
370, 103
370, 104
370, 105
370, 106
370, 107
370, 108
370, 109
370, 110
370, 111
370, 112
370, 113
370, 114
370, 115
370, 116
370, 117
370, 118
370, 119
370, 120
370, 121
370, 122
370, 123
370, 124
370, 125
370, 126
370, 127
370, 128
370, 129
370, 130
370, 131
370, 132
370, 133
370, 134
370, 135
370, 136
370, 137
370, 138
370, 139
370, 140
370, 141
370, 142
370, 143
370, 144
370, 145
370, 146
370, 147
370, 148
370, 149
370, 150
370, 151
370, 152
370, 153
370, 154
370, 155
370, 156
370, 157
370, 158
370, 159
370, 160
370, 161
370, 162
370, 163
370, 164
370, 165
370, 166
370, 167
370, 168
370, 169
370, 170
370, 171
370, 172
370, 173
370, 174
370, 175
370, 176
370, 177
370, 178
370, 179
370, 180
370, 181
370, 182
370, 183
370, 184
370, 185
370, 186
370, 187
370, 188
370, 189
371, 52
371, 53
371, 54
371, 55
371, 56
371, 57
371, 58
371, 59
371, 60
371, 61
371, 62
371, 63
371, 64
371, 65
371, 66
371, 67
371, 68
371, 69
371, 70
371, 71
371, 72
371, 73
371, 74
371, 75
371, 76
371, 77
371, 78
371, 79
371, 80
371, 81
371, 82
371, 83
371, 84
371, 85
371, 86
371, 87
371, 88
371, 89
371, 90
371, 91
371, 92
371, 93
371, 94
371, 95
371, 96
371, 97
371, 98
371, 99
371, 100
371, 101
371, 102
371, 103
371, 104
371, 105
371, 106
371, 107
371, 108
371, 109
371, 110
371, 111
371, 112
371, 113
371, 114
371, 115
371, 116
371, 117
371, 118
371, 119
371, 120
371, 121
371, 122
371, 123
371, 124
371, 125
371, 126
371, 127
371, 128
371, 129
371, 130
371, 131
371, 132
371, 133
371, 134
371, 135
371, 136
371, 137
371, 138
371, 139
371, 140
371, 141
371, 142
371, 143
371, 144
371, 145
371, 146
371, 147
371, 148
371, 149
371, 150
371, 151
371, 152
371, 153
371, 154
371, 155
371, 156
371, 157
371, 158
371, 159
371, 160
371, 161
371, 162
371, 163
371, 164
371, 165
371, 166
371, 167
371, 168
371, 169
371, 170
371, 171
371, 172
371, 173
371, 174
371, 175
371, 176
371, 177
371, 178
371, 179
371, 180
371, 181
371, 182
371, 183
371, 184
371, 185
371, 186
371, 187
371, 188
371, 189
372, 52
372, 53
372, 54
372, 55
372, 56
372, 57
372, 58
372, 59
372, 60
372, 61
372, 62
372, 63
372, 64
372, 65
372, 66
372, 67
372, 68
372, 69
372, 70
372, 71
372, 72
372, 73
372, 74
372, 75
372, 76
372, 77
372, 78
372, 79
372, 80
372, 81
372, 82
372, 83
372, 84
372, 85
372, 86
372, 87
372, 88
372, 89
372, 90
372, 91
372, 92
372, 93
372, 94
372, 95
372, 96
372, 97
372, 98
372, 99
372, 100
372, 101
372, 102
372, 103
372, 104
372, 105
372, 106
372, 107
372, 108
372, 109
372, 110
372, 111
372, 112
372, 113
372, 114
372, 115
372, 116
372, 117
372, 118
372, 119
372, 120
372, 121
372, 122
372, 123
372, 124
372, 125
372, 126
372, 127
372, 128
372, 129
372, 130
372, 131
372, 132
372, 133
372, 134
372, 135
372, 136
372, 137
372, 138
372, 139
372, 140
372, 141
372, 142
372, 143
372, 144
372, 145
372, 146
372, 147
372, 148
372, 149
372, 150
372, 151
372, 152
372, 153
372, 154
372, 155
372, 156
372, 157
372, 158
372, 159
372, 160
372, 161
372, 162
372, 163
372, 164
372, 165
372, 166
372, 167
372, 168
372, 169
372, 170
372, 171
372, 172
372, 173
372, 174
372, 175
372, 176
372, 177
372, 178
372, 179
372, 180
372, 181
372, 182
372, 183
372, 184
372, 185
372, 186
372, 187
372, 188
372, 189
373, 54
373, 55
373, 56
373, 57
373, 58
373, 59
373, 60
373, 61
373, 62
373, 63
373, 64
373, 65
373, 66
373, 67
373, 68
373, 69
373, 70
373, 71
373, 72
373, 73
373, 74
373, 75
373, 76
373, 77
373, 78
373, 79
373, 80
373, 81
373, 82
373, 83
373, 84
373, 85
373, 86
373, 87
373, 88
373, 89
373, 90
373, 91
373, 92
373, 93
373, 94
373, 95
373, 96
373, 97
373, 98
373, 99
373, 100
373, 101
373, 102
373, 103
373, 104
373, 105
373, 106
373, 107
373, 108
373, 109
373, 110
373, 111
373, 112
373, 113
373, 114
373, 115
373, 116
373, 117
373, 118
373, 119
373, 120
373, 121
373, 122
373, 123
373, 124
373, 125
373, 126
373, 127
373, 128
373, 129
373, 130
373, 131
373, 132
373, 133
373, 134
373, 135
373, 136
373, 137
373, 138
373, 139
373, 140
373, 141
373, 142
373, 143
373, 144
373, 145
373, 146
373, 147
373, 148
373, 149
373, 150
373, 151
373, 152
373, 153
373, 154
373, 155
373, 156
373, 157
373, 158
373, 159
373, 160
373, 161
373, 162
373, 163
373, 164
373, 165
373, 166
373, 167
373, 168
373, 169
373, 170
373, 171
373, 172
373, 173
373, 174
373, 175
373, 176
373, 177
373, 178
373, 179
373, 180
373, 181
373, 182
373, 183
373, 184
373, 185
373, 186
373, 187
374, 57
374, 58
374, 59
374, 60
374, 61
374, 62
374, 63
374, 64
374, 65
374, 66
374, 67
374, 68
374, 69
374, 70
374, 71
374, 72
374, 73
374, 74
374, 75
374, 76
374, 77
374, 78
374, 79
374, 80
374, 81
374, 82
374, 83
374, 84
374, 85
374, 86
374, 87
374, 88
374, 89
374, 90
374, 91
374, 92
374, 93
374, 94
374, 95
374, 96
374, 97
374, 98
374, 99
374, 100
374, 101
374, 102
374, 103
374, 104
374, 105
374, 106
374, 107
374, 108
374, 109
374, 110
374, 111
374, 112
374, 113
374, 114
374, 115
374, 116
374, 117
374, 118
374, 119
374, 120
374, 121
374, 122
374, 123
374, 124
374, 125
374, 126
374, 127
374, 128
374, 129
374, 130
374, 131
374, 132
374, 133
374, 134
374, 135
374, 136
374, 137
374, 138
374, 139
374, 140
374, 141
374, 142
374, 143
374, 144
374, 145
374, 146
374, 147
374, 148
374, 149
374, 150
374, 151
374, 152
374, 153
374, 154
374, 155
374, 156
374, 157
374, 158
374, 159
374, 160
374, 168
374, 169
374, 170
374, 171
374, 172
374, 173
374, 174
374, 175
374, 176
374, 177
374, 181
374, 182
374, 183
374, 184
374, 185
375, 62
375, 63
375, 64
375, 65
375, 66
375, 67
375, 68
375, 69
375, 70
375, 71
375, 72
375, 73
375, 74
375, 75
375, 76
375, 77
375, 78
375, 79
375, 80
375, 81
375, 82
375, 83
375, 84
375, 85
375, 86
375, 87
375, 88
375, 89
375, 90
375, 91
375, 92
375, 93
375, 94
375, 95
375, 96
375, 97
375, 98
375, 99
375, 100
375, 101
375, 102
375, 103
375, 104
375, 105
375, 106
375, 107
375, 108
375, 109
375, 110
375, 111
375, 112
375, 113
375, 114
375, 115
375, 116
375, 117
375, 118
375, 119
375, 120
375, 121
375, 122
375, 123
375, 124
375, 125
375, 126
375, 127
375, 128
375, 129
375, 130
375, 131
375, 132
375, 133
375, 134
375, 135
375, 136
375, 137
375, 138
375, 139
375, 140
375, 141
375, 142
375, 143
375, 144
375, 145
375, 146
375, 147
375, 148
375, 149
375, 150
375, 151
375, 152
375, 153
375, 154
375, 155
375, 156
375, 170
375, 171
375, 172
375, 173
375, 174
375, 175
375, 176
376, 71
376, 72
376, 73
376, 74
376, 75
376, 76
376, 77
376, 78
376, 79
376, 80
376, 81
376, 82
376, 83
376, 84
376, 85
376, 86
376, 87
376, 88
376, 89
376, 90
376, 91
376, 92
376, 93
376, 94
376, 95
376, 96
376, 97
376, 98
376, 99
376, 100
376, 101
376, 102
376, 103
376, 104
376, 105
376, 106
376, 107
376, 108
376, 109
376, 110
376, 111
376, 112
376, 113
376, 114
376, 115
376, 116
376, 117
376, 118
376, 119
376, 120
376, 121
376, 122
376, 123
376, 124
376, 125
376, 126
376, 127
376, 128
376, 129
376, 130
376, 131
376, 132
376, 133
376, 134
376, 135
376, 136
376, 137
376, 138
376, 139
376, 140
376, 141
376, 142
376, 143
376, 144
376, 145
376, 146
376, 147
376, 172
376, 173
377, 76
377, 77
377, 78
377, 79
377, 80
377, 81
377, 82
377, 83
377, 84
377, 85
377, 86
377, 87
377, 88
377, 89
377, 90
377, 91
377, 92
377, 93
377, 94
377, 95
377, 96
377, 97
377, 98
377, 99
377, 100
377, 101
377, 102
377, 103
377, 104
377, 105
377, 106
377, 107
377, 108
377, 109
377, 110
377, 111
377, 112
377, 113
377, 114
377, 115
377, 116
377, 117
377, 118
377, 119
377, 120
377, 121
377, 122
377, 123
377, 124
377, 125
377, 126
377, 127
377, 128
377, 129
377, 130
377, 131
377, 132
377, 133
377, 134
377, 135
377, 136
377, 137
377, 138
377, 139
377, 140
377, 141
377, 142
377, 143
377, 144
377, 145
378, 80
378, 81
378, 82
378, 83
378, 84
378, 85
378, 86
378, 87
378, 88
378, 89
378, 90
378, 91
378, 92
378, 93
378, 94
378, 95
378, 96
378, 97
378, 98
378, 99
378, 100
378, 101
378, 102
378, 103
378, 104
378, 105
378, 106
378, 107
378, 108
378, 109
378, 110
378, 111
378, 112
378, 113
378, 114
378, 115
378, 116
378, 117
378, 118
378, 119
378, 120
378, 121
378, 122
378, 123
378, 124
378, 125
378, 126
378, 127
378, 128
378, 129
378, 130
378, 131
378, 132
378, 133
378, 134
378, 135
378, 136
378, 137
379, 84
379, 85
379, 86
379, 87
379, 88
379, 89
379, 90
379, 91
379, 92
379, 93
379, 94
379, 95
379, 96
379, 97
379, 98
379, 99
379, 100
379, 101
379, 102
379, 103
379, 104
379, 105
379, 106
379, 107
379, 108
379, 109
379, 110
379, 111
379, 112
379, 113
379, 114
379, 115
379, 116
379, 117
379, 118
379, 119
379, 120
379, 121
379, 122
379, 123
379, 124
379, 125
379, 126
379, 127
379, 128
379, 129
379, 130
379, 131
379, 132
379, 133
379, 134
380, 90
380, 91
380, 92
380, 93
380, 94
380, 95
380, 96
380, 97
380, 98
380, 99
380, 100
380, 101
380, 102
380, 103
380, 104
380, 105
380, 106
380, 107
380, 108
380, 109
380, 110
380, 111
380, 112
380, 113
380, 114
380, 115
380, 116
380, 117
380, 118
380, 119
380, 120
380, 121
380, 122
380, 123
380, 124
380, 125
