147, 88
147, 89
147, 90
147, 91
148, 87
148, 88
148, 89
148, 90
148, 91
148, 92
149, 87
149, 88
149, 89
149, 90
149, 91
149, 92
149, 93
150, 86
150, 87
150, 88
150, 89
150, 90
150, 91
150, 92
150, 93
150, 94
151, 82
151, 83
151, 84
151, 85
151, 86
151, 87
151, 88
151, 89
151, 90
151, 91
151, 92
151, 93
151, 94
151, 95
152, 77
152, 78
152, 79
152, 80
152, 81
152, 82
152, 83
152, 84
152, 85
152, 86
152, 87
152, 88
152, 89
152, 90
152, 91
152, 92
152, 93
152, 94
152, 95
152, 96
153, 76
153, 77
153, 78
153, 79
153, 80
153, 81
153, 82
153, 83
153, 84
153, 85
153, 86
153, 87
153, 88
153, 89
153, 90
153, 91
153, 92
153, 93
153, 94
153, 95
153, 96
154, 75
154, 76
154, 77
154, 78
154, 79
154, 80
154, 81
154, 82
154, 83
154, 84
154, 85
154, 86
154, 87
154, 88
154, 89
154, 90
154, 91
154, 92
154, 93
154, 94
154, 95
154, 96
154, 97
155, 35
155, 36
155, 37
155, 72
155, 73
155, 74
155, 75
155, 76
155, 77
155, 78
155, 79
155, 80
155, 81
155, 82
155, 83
155, 84
155, 85
155, 86
155, 87
155, 88
155, 89
155, 90
155, 91
155, 92
155, 93
155, 94
155, 95
155, 96
155, 97
156, 34
156, 35
156, 36
156, 37
156, 38
156, 39
156, 40
156, 41
156, 42
156, 66
156, 67
156, 68
156, 69
156, 70
156, 71
156, 72
156, 73
156, 74
156, 75
156, 76
156, 77
156, 78
156, 79
156, 80
156, 81
156, 82
156, 83
156, 84
156, 85
156, 86
156, 87
156, 88
156, 89
156, 90
156, 91
156, 92
156, 93
156, 94
156, 95
156, 96
156, 97
157, 34
157, 35
157, 36
157, 37
157, 38
157, 39
157, 40
157, 41
157, 42
157, 43
157, 44
157, 45
157, 46
157, 47
157, 48
157, 49
157, 50
157, 51
157, 52
157, 53
157, 54
157, 62
157, 63
157, 64
157, 65
157, 66
157, 67
157, 68
157, 69
157, 70
157, 71
157, 72
157, 73
157, 74
157, 75
157, 76
157, 77
157, 78
157, 79
157, 80
157, 81
157, 82
157, 83
157, 84
157, 85
157, 86
157, 87
157, 88
157, 89
157, 90
157, 91
157, 92
157, 93
157, 94
157, 95
157, 96
157, 97
158, 33
158, 34
158, 35
158, 36
158, 37
158, 38
158, 39
158, 40
158, 41
158, 42
158, 43
158, 44
158, 45
158, 46
158, 47
158, 48
158, 49
158, 50
158, 51
158, 52
158, 53
158, 54
158, 55
158, 56
158, 57
158, 58
158, 59
158, 60
158, 61
158, 62
158, 63
158, 64
158, 65
158, 66
158, 67
158, 68
158, 69
158, 70
158, 71
158, 72
158, 73
158, 74
158, 75
158, 76
158, 77
158, 78
158, 79
158, 80
158, 81
158, 82
158, 83
158, 84
158, 85
158, 86
158, 87
158, 88
158, 89
158, 90
158, 91
158, 92
158, 93
158, 94
158, 95
158, 96
158, 97
159, 33
159, 34
159, 35
159, 36
159, 37
159, 38
159, 39
159, 40
159, 41
159, 42
159, 43
159, 44
159, 45
159, 46
159, 47
159, 48
159, 49
159, 50
159, 51
159, 52
159, 53
159, 54
159, 55
159, 56
159, 57
159, 58
159, 59
159, 60
159, 61
159, 62
159, 63
159, 64
159, 65
159, 66
159, 67
159, 68
159, 69
159, 70
159, 71
159, 72
159, 73
159, 74
159, 75
159, 76
159, 77
159, 78
159, 79
159, 80
159, 81
159, 82
159, 83
159, 84
159, 85
159, 86
159, 87
159, 88
159, 89
159, 90
159, 91
159, 92
159, 93
159, 94
159, 95
159, 96
159, 97
160, 33
160, 34
160, 35
160, 36
160, 37
160, 38
160, 39
160, 40
160, 41
160, 42
160, 43
160, 44
160, 45
160, 46
160, 47
160, 48
160, 49
160, 50
160, 51
160, 52
160, 53
160, 54
160, 55
160, 56
160, 57
160, 58
160, 59
160, 60
160, 61
160, 62
160, 63
160, 64
160, 65
160, 66
160, 67
160, 68
160, 69
160, 70
160, 71
160, 72
160, 73
160, 74
160, 75
160, 76
160, 77
160, 78
160, 79
160, 80
160, 81
160, 82
160, 83
160, 84
160, 85
160, 86
160, 87
160, 88
160, 89
160, 90
160, 91
160, 92
160, 93
160, 94
160, 95
160, 96
160, 97
160, 98
161, 32
161, 33
161, 34
161, 35
161, 36
161, 37
161, 38
161, 39
161, 40
161, 41
161, 42
161, 43
161, 44
161, 45
161, 46
161, 47
161, 48
161, 49
161, 50
161, 51
161, 52
161, 53
161, 54
161, 55
161, 56
161, 57
161, 58
161, 59
161, 60
161, 61
161, 62
161, 63
161, 64
161, 65
161, 66
161, 67
161, 68
161, 69
161, 70
161, 71
161, 72
161, 73
161, 74
161, 75
161, 76
161, 77
161, 78
161, 79
161, 80
161, 81
161, 82
161, 83
161, 84
161, 85
161, 86
161, 87
161, 88
161, 89
161, 90
161, 91
161, 92
161, 93
161, 94
161, 95
161, 96
161, 97
161, 98
162, 32
162, 33
162, 34
162, 35
162, 36
162, 37
162, 38
162, 39
162, 40
162, 41
162, 42
162, 43
162, 44
162, 45
162, 46
162, 47
162, 48
162, 49
162, 50
162, 51
162, 52
162, 53
162, 54
162, 55
162, 56
162, 57
162, 58
162, 59
162, 60
162, 61
162, 62
162, 63
162, 64
162, 65
162, 66
162, 67
162, 68
162, 69
162, 70
162, 71
162, 72
162, 73
162, 74
162, 75
162, 76
162, 77
162, 78
162, 79
162, 80
162, 81
162, 82
162, 83
162, 84
162, 85
162, 86
162, 87
162, 88
162, 89
162, 90
162, 91
162, 92
162, 93
162, 94
162, 95
162, 96
162, 97
162, 98
163, 32
163, 33
163, 34
163, 35
163, 36
163, 37
163, 38
163, 39
163, 40
163, 41
163, 42
163, 43
163, 44
163, 45
163, 46
163, 47
163, 48
163, 49
163, 50
163, 51
163, 52
163, 53
163, 54
163, 55
163, 56
163, 57
163, 58
163, 59
163, 60
163, 61
163, 62
163, 63
163, 64
163, 65
163, 66
163, 67
163, 68
163, 69
163, 70
163, 71
163, 72
163, 73
163, 74
163, 75
163, 76
163, 77
163, 78
163, 79
163, 80
163, 81
163, 82
163, 83
163, 84
163, 85
163, 86
163, 87
163, 88
163, 89
163, 90
163, 91
163, 92
163, 93
163, 94
163, 95
163, 96
163, 97
163, 98
164, 32
164, 33
164, 34
164, 35
164, 36
164, 37
164, 38
164, 39
164, 40
164, 41
164, 42
164, 43
164, 44
164, 45
164, 46
164, 47
164, 48
164, 49
164, 50
164, 51
164, 52
164, 53
164, 54
164, 55
164, 56
164, 57
164, 58
164, 59
164, 60
164, 61
164, 62
164, 63
164, 64
164, 65
164, 66
164, 67
164, 68
164, 69
164, 70
164, 71
164, 72
164, 73
164, 74
164, 75
164, 76
164, 77
164, 78
164, 79
164, 80
164, 81
164, 82
164, 83
164, 84
164, 85
164, 86
164, 87
164, 88
164, 89
164, 90
164, 91
164, 92
164, 93
164, 94
164, 95
164, 96
164, 97
164, 98
165, 32
165, 33
165, 34
165, 35
165, 36
165, 37
165, 38
165, 39
165, 40
165, 41
165, 42
165, 43
165, 44
165, 45
165, 46
165, 47
165, 48
165, 49
165, 50
165, 51
165, 52
165, 53
165, 54
165, 55
165, 56
165, 57
165, 58
165, 59
165, 60
165, 61
165, 62
165, 63
165, 64
165, 65
165, 66
165, 67
165, 68
165, 69
165, 70
165, 71
165, 72
165, 73
165, 74
165, 75
165, 76
165, 77
165, 78
165, 79
165, 80
165, 81
165, 82
165, 83
165, 84
165, 85
165, 86
165, 87
165, 88
165, 89
165, 90
165, 91
165, 92
165, 93
165, 94
165, 95
165, 96
165, 97
165, 98
166, 32
166, 33
166, 34
166, 35
166, 36
166, 37
166, 38
166, 39
166, 40
166, 41
166, 42
166, 43
166, 44
166, 45
166, 46
166, 47
166, 48
166, 49
166, 50
166, 51
166, 52
166, 53
166, 54
166, 55
166, 56
166, 57
166, 58
166, 59
166, 60
166, 61
166, 62
166, 63
166, 64
166, 65
166, 66
166, 67
166, 68
166, 69
166, 70
166, 71
166, 72
166, 73
166, 74
166, 75
166, 76
166, 77
166, 78
166, 79
166, 80
166, 81
166, 82
166, 83
166, 84
166, 85
166, 86
166, 87
166, 88
166, 89
166, 90
166, 91
166, 92
166, 93
166, 94
166, 95
166, 96
166, 97
166, 98
167, 31
167, 32
167, 33
167, 34
167, 35
167, 36
167, 37
167, 38
167, 39
167, 40
167, 41
167, 42
167, 43
167, 44
167, 45
167, 46
167, 47
167, 48
167, 49
167, 50
167, 51
167, 52
167, 53
167, 54
167, 55
167, 56
167, 57
167, 58
167, 59
167, 60
167, 61
167, 62
167, 63
167, 64
167, 65
167, 66
167, 67
167, 68
167, 69
167, 70
167, 71
167, 72
167, 73
167, 74
167, 75
167, 76
167, 77
167, 78
167, 79
167, 80
167, 81
167, 82
167, 83
167, 84
167, 85
167, 86
167, 87
167, 88
167, 89
167, 90
167, 91
167, 92
167, 93
167, 94
167, 95
167, 96
167, 97
168, 31
168, 32
168, 33
168, 34
168, 35
168, 36
168, 37
168, 38
168, 39
168, 40
168, 41
168, 42
168, 43
168, 44
168, 45
168, 46
168, 47
168, 48
168, 49
168, 50
168, 51
168, 52
168, 53
168, 54
168, 55
168, 56
168, 57
168, 58
168, 59
168, 60
168, 61
168, 62
168, 63
168, 64
168, 65
168, 66
168, 67
168, 68
168, 69
168, 70
168, 71
168, 72
168, 73
168, 74
168, 75
168, 76
168, 77
168, 78
168, 79
168, 80
168, 81
168, 82
168, 83
168, 84
168, 85
168, 86
168, 87
168, 88
168, 89
168, 90
168, 91
168, 92
168, 93
168, 94
168, 95
168, 96
168, 97
168, 98
169, 31
169, 32
169, 33
169, 34
169, 35
169, 36
169, 37
169, 38
169, 39
169, 40
169, 41
169, 42
169, 43
169, 44
169, 45
169, 46
169, 47
169, 48
169, 49
169, 50
169, 51
169, 52
169, 53
169, 54
169, 55
169, 56
169, 57
169, 58
169, 59
169, 60
169, 61
169, 62
169, 63
169, 64
169, 65
169, 66
169, 67
169, 68
169, 69
169, 70
169, 71
169, 72
169, 73
169, 74
169, 75
169, 76
169, 77
169, 78
169, 79
169, 80
169, 81
169, 82
169, 83
169, 84
169, 85
169, 86
169, 87
169, 88
169, 89
169, 90
169, 91
169, 92
169, 93
169, 94
169, 95
169, 96
169, 97
169, 98
170, 31
170, 32
170, 33
170, 34
170, 35
170, 36
170, 37
170, 38
170, 39
170, 40
170, 41
170, 42
170, 43
170, 44
170, 45
170, 46
170, 47
170, 48
170, 49
170, 50
170, 51
170, 52
170, 53
170, 54
170, 55
170, 56
170, 57
170, 58
170, 59
170, 60
170, 61
170, 62
170, 63
170, 64
170, 65
170, 66
170, 67
170, 68
170, 69
170, 70
170, 71
170, 72
170, 73
170, 74
170, 75
170, 76
170, 77
170, 78
170, 79
170, 80
170, 81
170, 82
170, 83
170, 84
170, 85
170, 86
170, 87
170, 88
170, 89
170, 90
170, 91
170, 92
170, 93
170, 94
170, 95
170, 96
170, 97
171, 31
171, 32
171, 33
171, 34
171, 35
171, 36
171, 37
171, 38
171, 39
171, 40
171, 41
171, 42
171, 43
171, 44
171, 45
171, 46
171, 47
171, 48
171, 49
171, 50
171, 51
171, 52
171, 53
171, 54
171, 55
171, 56
171, 57
171, 58
171, 59
171, 60
171, 61
171, 62
171, 63
171, 64
171, 65
171, 66
171, 67
171, 68
171, 69
171, 70
171, 71
171, 72
171, 73
171, 74
171, 75
171, 76
171, 77
171, 78
171, 79
171, 80
171, 81
171, 82
171, 83
171, 84
171, 85
171, 86
171, 87
171, 88
171, 89
171, 90
171, 91
171, 92
171, 93
171, 94
171, 95
171, 96
171, 97
172, 31
172, 32
172, 33
172, 34
172, 35
172, 36
172, 37
172, 38
172, 39
172, 40
172, 41
172, 42
172, 43
172, 44
172, 45
172, 46
172, 47
172, 48
172, 49
172, 50
172, 51
172, 52
172, 53
172, 54
172, 55
172, 56
172, 57
172, 58
172, 59
172, 60
172, 61
172, 62
172, 63
172, 64
172, 65
172, 66
172, 67
172, 68
172, 69
172, 70
172, 71
172, 72
172, 73
172, 74
172, 75
172, 76
172, 77
172, 78
172, 79
172, 80
172, 81
172, 82
172, 83
172, 84
172, 85
172, 86
172, 87
172, 88
172, 89
172, 90
172, 91
172, 92
172, 93
172, 94
172, 95
172, 96
172, 97
173, 30
173, 31
173, 32
173, 33
173, 34
173, 35
173, 36
173, 37
173, 38
173, 39
173, 40
173, 41
173, 42
173, 43
173, 44
173, 45
173, 46
173, 47
173, 48
173, 49
173, 50
173, 51
173, 52
173, 53
173, 54
173, 55
173, 56
173, 57
173, 58
173, 59
173, 60
173, 61
173, 62
173, 63
173, 64
173, 65
173, 66
173, 67
173, 68
173, 69
173, 70
173, 71
173, 72
173, 73
173, 74
173, 75
173, 76
173, 77
173, 78
173, 79
173, 80
173, 81
173, 82
173, 83
173, 84
173, 85
173, 86
173, 87
173, 88
173, 89
173, 90
173, 91
173, 92
173, 93
173, 94
173, 95
173, 96
173, 97
174, 30
174, 31
174, 32
174, 33
174, 34
174, 35
174, 36
174, 37
174, 38
174, 39
174, 40
174, 41
174, 42
174, 43
174, 44
174, 45
174, 46
174, 47
174, 48
174, 49
174, 50
174, 51
174, 52
174, 53
174, 54
174, 55
174, 56
174, 57
174, 58
174, 59
174, 60
174, 61
174, 62
174, 63
174, 64
174, 65
174, 66
174, 67
174, 68
174, 69
174, 70
174, 71
174, 72
174, 73
174, 74
174, 75
174, 76
174, 77
174, 78
174, 79
174, 80
174, 81
174, 82
174, 83
174, 84
174, 85
174, 86
174, 87
174, 88
174, 89
174, 90
174, 91
174, 92
174, 93
174, 94
174, 95
174, 96
174, 97
175, 30
175, 31
175, 32
175, 33
175, 34
175, 35
175, 36
175, 37
175, 38
175, 39
175, 40
175, 41
175, 42
175, 43
175, 44
175, 45
175, 46
175, 47
175, 48
175, 49
175, 50
175, 51
175, 52
175, 53
175, 54
175, 55
175, 56
175, 57
175, 58
175, 59
175, 60
175, 61
175, 62
175, 63
175, 64
175, 65
175, 66
175, 67
175, 68
175, 69
175, 70
175, 71
175, 72
175, 73
175, 74
175, 75
175, 76
175, 77
175, 78
175, 79
175, 80
175, 81
175, 82
175, 83
175, 84
175, 85
175, 86
175, 87
175, 88
175, 89
175, 90
175, 91
175, 92
175, 93
175, 94
175, 95
175, 96
175, 97
176, 30
176, 31
176, 32
176, 33
176, 34
176, 35
176, 36
176, 37
176, 38
176, 39
176, 40
176, 41
176, 42
176, 43
176, 44
176, 45
176, 46
176, 47
176, 48
176, 49
176, 50
176, 51
176, 52
176, 53
176, 54
176, 55
176, 56
176, 57
176, 58
176, 59
176, 60
176, 61
176, 62
176, 63
176, 64
176, 65
176, 66
176, 67
176, 68
176, 69
176, 70
176, 71
176, 72
176, 73
176, 74
176, 75
176, 76
176, 77
176, 78
176, 79
176, 80
176, 81
176, 82
176, 83
176, 84
176, 85
176, 86
176, 87
176, 88
176, 89
176, 90
176, 91
176, 92
176, 93
176, 94
176, 95
176, 96
176, 97
177, 29
177, 30
177, 31
177, 32
177, 33
177, 34
177, 35
177, 36
177, 37
177, 38
177, 39
177, 40
177, 41
177, 42
177, 43
177, 44
177, 45
177, 46
177, 47
177, 48
177, 49
177, 50
177, 51
177, 52
177, 53
177, 54
177, 55
177, 56
177, 57
177, 58
177, 59
177, 60
177, 61
177, 62
177, 63
177, 64
177, 65
177, 66
177, 67
177, 68
177, 69
177, 70
177, 71
177, 72
177, 73
177, 74
177, 75
177, 76
177, 77
177, 78
177, 79
177, 80
177, 81
177, 82
177, 83
177, 84
177, 85
177, 86
177, 87
177, 88
177, 89
177, 90
177, 91
177, 92
177, 93
177, 94
177, 95
177, 96
177, 97
178, 29
178, 30
178, 31
178, 32
178, 33
178, 34
178, 35
178, 36
178, 37
178, 38
178, 39
178, 40
178, 41
178, 42
178, 43
178, 44
178, 45
178, 46
178, 47
178, 48
178, 49
178, 50
178, 51
178, 52
178, 53
178, 54
178, 55
178, 56
178, 57
178, 58
178, 59
178, 60
178, 61
178, 62
178, 63
178, 64
178, 65
178, 66
178, 67
178, 68
178, 69
178, 70
178, 71
178, 72
178, 73
178, 74
178, 75
178, 76
178, 77
178, 78
178, 79
178, 80
178, 81
178, 82
178, 83
178, 84
178, 85
178, 86
178, 87
178, 88
178, 89
178, 90
178, 91
178, 92
178, 93
178, 94
178, 95
178, 96
178, 97
179, 29
179, 30
179, 31
179, 32
179, 33
179, 34
179, 35
179, 36
179, 37
179, 38
179, 39
179, 40
179, 41
179, 42
179, 43
179, 44
179, 45
179, 46
179, 47
179, 48
179, 49
179, 50
179, 51
179, 52
179, 53
179, 54
179, 55
179, 56
179, 57
179, 58
179, 59
179, 60
179, 61
179, 62
179, 63
179, 64
179, 65
179, 66
179, 67
179, 68
179, 69
179, 70
179, 71
179, 72
179, 73
179, 74
179, 75
179, 76
179, 77
179, 78
179, 79
179, 80
179, 81
179, 82
179, 83
179, 84
179, 85
179, 86
179, 87
179, 88
179, 89
179, 90
179, 91
179, 92
179, 93
179, 94
179, 95
179, 96
179, 97
180, 29
180, 30
180, 31
180, 32
180, 33
180, 34
180, 35
180, 36
180, 37
180, 38
180, 39
180, 40
180, 41
180, 42
180, 43
180, 44
180, 45
180, 46
180, 47
180, 48
180, 49
180, 50
180, 51
180, 52
180, 53
180, 54
180, 55
180, 56
180, 57
180, 58
180, 59
180, 60
180, 61
180, 62
180, 63
180, 64
180, 65
180, 66
180, 67
180, 68
180, 69
180, 70
180, 71
180, 72
180, 73
180, 74
180, 75
180, 76
180, 77
180, 78
180, 79
180, 80
180, 81
180, 82
180, 83
180, 84
180, 85
180, 86
180, 87
180, 88
180, 89
180, 90
180, 91
180, 92
180, 93
180, 94
180, 95
180, 96
180, 97
181, 29
181, 30
181, 31
181, 32
181, 33
181, 34
181, 35
181, 36
181, 37
181, 38
181, 39
181, 40
181, 41
181, 42
181, 43
181, 44
181, 45
181, 46
181, 47
181, 48
181, 49
181, 50
181, 51
181, 52
181, 53
181, 54
181, 55
181, 56
181, 57
181, 58
181, 59
181, 60
181, 61
181, 62
181, 63
181, 64
181, 65
181, 66
181, 67
181, 68
181, 69
181, 70
181, 71
181, 72
181, 73
181, 74
181, 75
181, 76
181, 77
181, 78
181, 79
181, 80
181, 81
181, 82
181, 83
181, 84
181, 85
181, 86
181, 87
181, 88
181, 89
181, 90
181, 91
181, 92
181, 93
181, 94
181, 95
181, 96
181, 97
182, 29
182, 30
182, 31
182, 32
182, 33
182, 34
182, 35
182, 36
182, 37
182, 38
182, 39
182, 40
182, 41
182, 42
182, 43
182, 44
182, 45
182, 46
182, 47
182, 48
182, 49
182, 50
182, 51
182, 52
182, 53
182, 54
182, 55
182, 56
182, 57
182, 58
182, 59
182, 60
182, 61
182, 62
182, 63
182, 64
182, 65
182, 66
182, 67
182, 68
182, 69
182, 70
182, 71
182, 72
182, 73
182, 74
182, 75
182, 76
182, 77
182, 78
182, 79
182, 80
182, 81
182, 82
182, 83
182, 84
182, 85
182, 86
182, 87
182, 88
182, 89
182, 90
182, 91
182, 92
182, 93
182, 94
182, 95
182, 96
182, 97
183, 29
183, 30
183, 31
183, 32
183, 33
183, 34
183, 35
183, 36
183, 37
183, 38
183, 39
183, 40
183, 41
183, 42
183, 43
183, 44
183, 45
183, 46
183, 47
183, 48
183, 49
183, 50
183, 51
183, 52
183, 53
183, 54
183, 55
183, 56
183, 57
183, 58
183, 59
183, 60
183, 61
183, 62
183, 63
183, 64
183, 65
183, 66
183, 67
183, 68
183, 69
183, 70
183, 71
183, 72
183, 73
183, 74
183, 75
183, 76
183, 77
183, 78
183, 79
183, 80
183, 81
183, 82
183, 83
183, 84
183, 85
183, 86
183, 87
183, 88
183, 89
183, 90
183, 91
183, 92
183, 93
183, 94
183, 95
183, 96
183, 97
184, 29
184, 30
184, 31
184, 32
184, 33
184, 34
184, 35
184, 36
184, 37
184, 38
184, 39
184, 40
184, 41
184, 42
184, 43
184, 44
184, 45
184, 46
184, 47
184, 48
184, 49
184, 50
184, 51
184, 52
184, 53
184, 54
184, 55
184, 56
184, 57
184, 58
184, 59
184, 60
184, 61
184, 62
184, 63
184, 64
184, 65
184, 66
184, 67
184, 68
184, 69
184, 70
184, 71
184, 72
184, 73
184, 74
184, 75
184, 76
184, 77
184, 78
184, 79
184, 80
184, 81
184, 82
184, 83
184, 84
184, 85
184, 86
184, 87
184, 88
184, 89
184, 90
184, 91
184, 92
184, 93
184, 94
184, 95
184, 96
184, 97
184, 98
185, 29
185, 30
185, 31
185, 32
185, 33
185, 34
185, 35
185, 36
185, 37
185, 38
185, 39
185, 40
185, 41
185, 42
185, 43
185, 44
185, 45
185, 46
185, 47
185, 48
185, 49
185, 50
185, 51
185, 52
185, 53
185, 54
185, 55
185, 56
185, 57
185, 58
185, 59
185, 60
185, 61
185, 62
185, 63
185, 64
185, 65
185, 66
185, 67
185, 68
185, 69
185, 70
185, 71
185, 72
185, 73
185, 74
185, 75
185, 76
185, 77
185, 78
185, 79
185, 80
185, 81
185, 82
185, 83
185, 84
185, 85
185, 86
185, 87
185, 88
185, 89
185, 90
185, 91
185, 92
185, 93
185, 94
185, 95
185, 96
185, 97
185, 98
186, 29
186, 30
186, 31
186, 32
186, 33
186, 34
186, 35
186, 36
186, 37
186, 38
186, 39
186, 40
186, 41
186, 42
186, 43
186, 44
186, 45
186, 46
186, 47
186, 48
186, 49
186, 50
186, 51
186, 52
186, 53
186, 54
186, 55
186, 56
186, 57
186, 58
186, 59
186, 60
186, 61
186, 62
186, 63
186, 64
186, 65
186, 66
186, 67
186, 68
186, 69
186, 70
186, 71
186, 72
186, 73
186, 74
186, 75
186, 76
186, 77
186, 78
186, 79
186, 80
186, 81
186, 82
186, 83
186, 84
186, 85
186, 86
186, 87
186, 88
186, 89
186, 90
186, 91
186, 92
186, 93
186, 94
186, 95
186, 96
186, 97
187, 29
187, 30
187, 31
187, 32
187, 33
187, 34
187, 35
187, 36
187, 37
187, 38
187, 39
187, 40
187, 41
187, 42
187, 43
187, 44
187, 45
187, 46
187, 47
187, 48
187, 49
187, 50
187, 51
187, 52
187, 53
187, 54
187, 55
187, 56
187, 57
187, 58
187, 59
187, 60
187, 61
187, 62
187, 63
187, 64
187, 65
187, 66
187, 67
187, 68
187, 69
187, 70
187, 71
187, 72
187, 73
187, 74
187, 75
187, 76
187, 77
187, 78
187, 79
187, 80
187, 81
187, 82
187, 83
187, 84
187, 85
187, 86
187, 87
187, 88
187, 89
187, 90
187, 91
187, 92
187, 93
187, 94
187, 95
187, 96
187, 97
188, 29
188, 30
188, 31
188, 32
188, 33
188, 34
188, 35
188, 36
188, 37
188, 38
188, 39
188, 40
188, 41
188, 42
188, 43
188, 44
188, 45
188, 46
188, 47
188, 48
188, 49
188, 50
188, 51
188, 52
188, 53
188, 54
188, 55
188, 56
188, 57
188, 58
188, 59
188, 60
188, 61
188, 62
188, 63
188, 64
188, 65
188, 66
188, 67
188, 68
188, 69
188, 70
188, 71
188, 72
188, 73
188, 74
188, 75
188, 76
188, 77
188, 78
188, 79
188, 80
188, 81
188, 82
188, 83
188, 84
188, 85
188, 86
188, 87
188, 88
188, 89
188, 90
188, 91
188, 92
188, 93
188, 94
188, 95
188, 96
188, 97
189, 29
189, 30
189, 31
189, 32
189, 33
189, 34
189, 35
189, 36
189, 37
189, 38
189, 39
189, 40
189, 41
189, 42
189, 43
189, 44
189, 45
189, 46
189, 47
189, 48
189, 49
189, 50
189, 51
189, 52
189, 53
189, 54
189, 55
189, 56
189, 57
189, 58
189, 59
189, 60
189, 61
189, 62
189, 63
189, 64
189, 65
189, 66
189, 67
189, 68
189, 69
189, 70
189, 71
189, 72
189, 73
189, 74
189, 75
189, 76
189, 77
189, 78
189, 79
189, 80
189, 81
189, 82
189, 83
189, 84
189, 85
189, 86
189, 87
189, 88
189, 89
189, 90
189, 91
189, 92
189, 93
189, 94
189, 95
189, 96
189, 97
189, 98
190, 29
190, 30
190, 31
190, 32
190, 33
190, 34
190, 35
190, 36
190, 37
190, 38
190, 39
190, 40
190, 41
190, 42
190, 43
190, 44
190, 45
190, 46
190, 47
190, 48
190, 49
190, 50
190, 51
190, 52
190, 53
190, 54
190, 55
190, 56
190, 57
190, 58
190, 59
190, 60
190, 61
190, 62
190, 63
190, 64
190, 65
190, 66
190, 67
190, 68
190, 69
190, 70
190, 71
190, 72
190, 73
190, 74
190, 75
190, 76
190, 77
190, 78
190, 79
190, 80
190, 81
190, 82
190, 83
190, 84
190, 85
190, 86
190, 87
190, 88
190, 89
190, 90
190, 91
190, 92
190, 93
190, 94
190, 95
190, 96
190, 97
190, 98
191, 29
191, 30
191, 31
191, 32
191, 33
191, 34
191, 35
191, 36
191, 37
191, 38
191, 39
191, 40
191, 41
191, 42
191, 43
191, 44
191, 45
191, 46
191, 47
191, 48
191, 49
191, 50
191, 51
191, 52
191, 53
191, 54
191, 55
191, 56
191, 57
191, 58
191, 59
191, 60
191, 61
191, 62
191, 63
191, 64
191, 65
191, 66
191, 67
191, 68
191, 69
191, 70
191, 71
191, 72
191, 73
191, 74
191, 75
191, 76
191, 77
191, 78
191, 79
191, 80
191, 81
191, 82
191, 83
191, 84
191, 85
191, 86
191, 87
191, 88
191, 89
191, 90
191, 91
191, 92
191, 93
191, 94
191, 95
191, 96
191, 97
192, 29
192, 30
192, 31
192, 32
192, 33
192, 34
192, 35
192, 36
192, 37
192, 38
192, 39
192, 40
192, 41
192, 42
192, 43
192, 44
192, 45
192, 46
192, 47
192, 48
192, 49
192, 50
192, 51
192, 52
192, 53
192, 54
192, 55
192, 56
192, 57
192, 58
192, 59
192, 60
192, 61
192, 62
192, 63
192, 64
192, 65
192, 66
192, 67
192, 68
192, 69
192, 70
192, 71
192, 72
192, 73
192, 74
192, 75
192, 76
192, 77
192, 78
192, 79
192, 80
192, 81
192, 82
192, 83
192, 84
192, 85
192, 86
192, 87
192, 88
192, 89
192, 90
192, 91
192, 92
192, 93
192, 94
192, 95
192, 96
192, 97
193, 30
193, 31
193, 32
193, 33
193, 34
193, 35
193, 36
193, 37
193, 38
193, 39
193, 40
193, 41
193, 42
193, 43
193, 44
193, 45
193, 46
193, 47
193, 48
193, 49
193, 50
193, 51
193, 52
193, 53
193, 54
193, 55
193, 56
193, 57
193, 58
193, 59
193, 60
193, 61
193, 62
193, 63
193, 64
193, 65
193, 66
193, 67
193, 68
193, 69
193, 70
193, 71
193, 72
193, 73
193, 74
193, 75
193, 76
193, 77
193, 78
193, 79
193, 80
193, 81
193, 82
193, 83
193, 84
193, 85
193, 86
193, 87
193, 88
193, 89
193, 90
193, 91
193, 92
193, 93
193, 94
193, 95
193, 96
193, 97
194, 30
194, 31
194, 32
194, 33
194, 34
194, 35
194, 36
194, 37
194, 38
194, 39
194, 40
194, 41
194, 42
194, 43
194, 44
194, 45
194, 46
194, 47
194, 48
194, 49
194, 50
194, 51
194, 52
194, 53
194, 54
194, 55
194, 56
194, 57
194, 58
194, 59
194, 60
194, 61
194, 62
194, 63
194, 64
194, 65
194, 66
194, 67
194, 68
194, 69
194, 70
194, 71
194, 72
194, 73
194, 74
194, 75
194, 76
194, 77
194, 78
194, 79
194, 80
194, 81
194, 82
194, 83
194, 84
194, 85
194, 86
194, 87
194, 88
194, 89
194, 90
194, 91
194, 92
194, 93
194, 94
194, 95
194, 96
194, 97
195, 31
195, 32
195, 33
195, 34
195, 35
195, 36
195, 37
195, 38
195, 39
195, 40
195, 41
195, 42
195, 43
195, 44
195, 45
195, 46
195, 47
195, 48
195, 49
195, 50
195, 51
195, 52
195, 53
195, 54
195, 55
195, 56
195, 57
195, 58
195, 59
195, 60
195, 61
195, 62
195, 63
195, 64
195, 65
195, 66
195, 67
195, 68
195, 69
195, 70
195, 71
195, 72
195, 73
195, 74
195, 75
195, 76
195, 77
195, 78
195, 79
195, 80
195, 81
195, 82
195, 83
195, 84
195, 85
195, 86
195, 87
195, 88
195, 89
195, 90
195, 91
195, 92
195, 93
195, 94
195, 95
195, 96
195, 97
196, 31
196, 32
196, 33
196, 34
196, 35
196, 36
196, 37
196, 38
196, 39
196, 40
196, 41
196, 42
196, 43
196, 44
196, 45
196, 46
196, 47
196, 48
196, 49
196, 50
196, 51
196, 52
196, 53
196, 54
196, 55
196, 56
196, 57
196, 58
196, 59
196, 60
196, 61
196, 62
196, 63
196, 64
196, 65
196, 66
196, 67
196, 68
196, 69
196, 70
196, 71
196, 72
196, 73
196, 74
196, 75
196, 76
196, 77
196, 78
196, 79
196, 80
196, 81
196, 82
196, 83
196, 84
196, 85
196, 86
196, 87
196, 88
196, 89
196, 90
196, 91
196, 92
196, 93
196, 94
196, 95
196, 96
196, 97
197, 32
197, 33
197, 34
197, 35
197, 36
197, 37
197, 38
197, 39
197, 40
197, 41
197, 42
197, 43
197, 44
197, 45
197, 46
197, 47
197, 48
197, 49
197, 50
197, 51
197, 52
197, 53
197, 54
197, 55
197, 56
197, 57
197, 58
197, 59
197, 60
197, 61
197, 62
197, 63
197, 64
197, 65
197, 66
197, 67
197, 68
197, 69
197, 70
197, 71
197, 72
197, 73
197, 74
197, 75
197, 76
197, 77
197, 78
197, 79
197, 80
197, 81
197, 82
197, 83
197, 84
197, 85
197, 86
197, 87
197, 88
197, 89
197, 90
197, 91
197, 92
197, 93
197, 94
197, 95
197, 96
198, 32
198, 33
198, 34
198, 35
198, 36
198, 37
198, 38
198, 39
198, 40
198, 41
198, 42
198, 43
198, 44
198, 45
198, 46
198, 47
198, 48
198, 49
198, 50
198, 51
198, 52
198, 53
198, 54
198, 55
198, 56
198, 57
198, 58
198, 59
198, 60
198, 61
198, 62
198, 63
198, 64
198, 65
198, 66
198, 67
198, 68
198, 69
198, 70
198, 71
198, 72
198, 73
198, 74
198, 75
198, 76
198, 77
198, 78
198, 79
198, 80
198, 81
198, 82
198, 83
198, 84
198, 85
198, 86
198, 87
198, 88
198, 89
198, 90
198, 91
198, 92
198, 93
198, 94
198, 95
199, 33
199, 34
199, 35
199, 36
199, 37
199, 38
199, 39
199, 40
199, 41
199, 42
199, 43
199, 44
199, 45
199, 46
199, 47
199, 48
199, 49
199, 50
199, 51
199, 52
199, 53
199, 54
199, 55
199, 64
199, 65
199, 66
199, 67
199, 68
199, 69
199, 70
199, 71
199, 72
199, 73
199, 74
199, 75
199, 76
199, 77
199, 78
199, 79
199, 80
199, 81
199, 82
199, 83
199, 84
199, 85
199, 86
199, 87
199, 88
199, 89
199, 90
199, 91
199, 92
199, 93
199, 94
200, 34
200, 35
200, 36
200, 37
200, 69
200, 70
200, 71
200, 72
200, 73
200, 74
200, 75
200, 76
200, 77
200, 78
200, 79
200, 80
200, 81
200, 82
200, 83
200, 84
200, 85
200, 86
