214, 28
214, 29
214, 30
214, 31
214, 32
214, 33
214, 34
214, 35
214, 36
214, 37
214, 38
215, 27
215, 28
215, 29
215, 30
215, 31
215, 32
215, 33
215, 34
215, 35
215, 36
215, 37
215, 38
215, 39
215, 40
215, 41
215, 42
215, 43
215, 44
215, 45
215, 46
215, 47
216, 27
216, 28
216, 29
216, 30
216, 31
216, 32
216, 33
216, 34
216, 35
216, 36
216, 37
216, 38
216, 39
216, 40
216, 41
216, 42
216, 43
216, 44
216, 45
216, 46
216, 47
216, 48
216, 49
216, 50
216, 51
216, 52
216, 53
216, 54
216, 55
216, 69
216, 70
216, 71
216, 72
216, 73
216, 74
216, 75
216, 76
216, 77
217, 27
217, 28
217, 29
217, 30
217, 31
217, 32
217, 33
217, 34
217, 35
217, 36
217, 37
217, 38
217, 39
217, 40
217, 41
217, 42
217, 43
217, 44
217, 45
217, 46
217, 47
217, 48
217, 49
217, 50
217, 51
217, 52
217, 53
217, 54
217, 55
217, 56
217, 57
217, 58
217, 59
217, 60
217, 61
217, 62
217, 63
217, 64
217, 65
217, 66
217, 67
217, 68
217, 69
217, 70
217, 71
217, 72
217, 73
217, 74
217, 75
217, 76
217, 77
217, 78
218, 27
218, 28
218, 29
218, 30
218, 31
218, 32
218, 33
218, 34
218, 35
218, 36
218, 37
218, 38
218, 39
218, 40
218, 41
218, 42
218, 43
218, 44
218, 45
218, 46
218, 47
218, 48
218, 49
218, 50
218, 51
218, 52
218, 53
218, 54
218, 55
218, 56
218, 57
218, 58
218, 59
218, 60
218, 61
218, 62
218, 63
218, 64
218, 65
218, 66
218, 67
218, 68
218, 69
218, 70
218, 71
218, 72
218, 73
218, 74
218, 75
218, 76
218, 77
218, 78
219, 27
219, 28
219, 29
219, 30
219, 31
219, 32
219, 33
219, 34
219, 35
219, 36
219, 37
219, 38
219, 39
219, 40
219, 41
219, 42
219, 43
219, 44
219, 45
219, 46
219, 47
219, 48
219, 49
219, 50
219, 51
219, 52
219, 53
219, 54
219, 55
219, 56
219, 57
219, 58
219, 59
219, 60
219, 61
219, 62
219, 63
219, 64
219, 65
219, 66
219, 67
219, 68
219, 69
219, 70
219, 71
219, 72
219, 73
219, 74
219, 75
219, 76
219, 77
219, 78
219, 79
220, 27
220, 28
220, 29
220, 30
220, 31
220, 32
220, 33
220, 34
220, 35
220, 36
220, 37
220, 38
220, 39
220, 40
220, 41
220, 42
220, 43
220, 44
220, 45
220, 46
220, 47
220, 48
220, 49
220, 50
220, 51
220, 52
220, 53
220, 54
220, 55
220, 56
220, 57
220, 58
220, 59
220, 60
220, 61
220, 62
220, 63
220, 64
220, 65
220, 66
220, 67
220, 68
220, 69
220, 70
220, 71
220, 72
220, 73
220, 74
220, 75
220, 76
220, 77
220, 78
220, 79
221, 27
221, 28
221, 29
221, 30
221, 31
221, 32
221, 33
221, 34
221, 35
221, 36
221, 37
221, 38
221, 39
221, 40
221, 41
221, 42
221, 43
221, 44
221, 45
221, 46
221, 47
221, 48
221, 49
221, 50
221, 51
221, 52
221, 53
221, 54
221, 55
221, 56
221, 57
221, 58
221, 59
221, 60
221, 61
221, 62
221, 63
221, 64
221, 65
221, 66
221, 67
221, 68
221, 69
221, 70
221, 71
221, 72
221, 73
221, 74
221, 75
221, 76
221, 77
221, 78
221, 79
222, 27
222, 28
222, 29
222, 30
222, 31
222, 32
222, 33
222, 34
222, 35
222, 36
222, 37
222, 38
222, 39
222, 40
222, 41
222, 42
222, 43
222, 44
222, 45
222, 46
222, 47
222, 48
222, 49
222, 50
222, 51
222, 52
222, 53
222, 54
222, 55
222, 56
222, 57
222, 58
222, 59
222, 60
222, 61
222, 62
222, 63
222, 64
222, 65
222, 66
222, 67
222, 68
222, 69
222, 70
222, 71
222, 72
222, 73
222, 74
222, 75
222, 76
222, 77
222, 78
222, 79
223, 27
223, 28
223, 29
223, 30
223, 31
223, 32
223, 33
223, 34
223, 35
223, 36
223, 37
223, 38
223, 39
223, 40
223, 41
223, 42
223, 43
223, 44
223, 45
223, 46
223, 47
223, 48
223, 49
223, 50
223, 51
223, 52
223, 53
223, 54
223, 55
223, 56
223, 57
223, 58
223, 59
223, 60
223, 61
223, 62
223, 63
223, 64
223, 65
223, 66
223, 67
223, 68
223, 69
223, 70
223, 71
223, 72
223, 73
223, 74
223, 75
223, 76
223, 77
223, 78
223, 79
224, 27
224, 28
224, 29
224, 30
224, 31
224, 32
224, 33
224, 34
224, 35
224, 36
224, 37
224, 38
224, 39
224, 40
224, 41
224, 42
224, 43
224, 44
224, 45
224, 46
224, 47
224, 48
224, 49
224, 50
224, 51
224, 52
224, 53
224, 54
224, 55
224, 56
224, 57
224, 58
224, 59
224, 60
224, 61
224, 62
224, 63
224, 64
224, 65
224, 66
224, 67
224, 68
224, 69
224, 70
224, 71
224, 72
224, 73
224, 74
224, 75
224, 76
224, 77
224, 78
224, 79
225, 26
225, 27
225, 28
225, 29
225, 30
225, 31
225, 32
225, 33
225, 34
225, 35
225, 36
225, 37
225, 38
225, 39
225, 40
225, 41
225, 42
225, 43
225, 44
225, 45
225, 46
225, 47
225, 48
225, 49
225, 50
225, 51
225, 52
225, 53
225, 54
225, 55
225, 56
225, 57
225, 58
225, 59
225, 60
225, 61
225, 62
225, 63
225, 64
225, 65
225, 66
225, 67
225, 68
225, 69
225, 70
225, 71
225, 72
225, 73
225, 74
225, 75
225, 76
225, 77
225, 78
225, 79
226, 26
226, 27
226, 28
226, 29
226, 30
226, 31
226, 32
226, 33
226, 34
226, 35
226, 36
226, 37
226, 38
226, 39
226, 40
226, 41
226, 42
226, 43
226, 44
226, 45
226, 46
226, 47
226, 48
226, 49
226, 50
226, 51
226, 52
226, 53
226, 54
226, 55
226, 56
226, 57
226, 58
226, 59
226, 60
226, 61
226, 62
226, 63
226, 64
226, 65
226, 66
226, 67
226, 68
226, 69
226, 70
226, 71
226, 72
226, 73
226, 74
226, 75
226, 76
226, 77
226, 78
226, 79
227, 26
227, 27
227, 28
227, 29
227, 30
227, 31
227, 32
227, 33
227, 34
227, 35
227, 36
227, 37
227, 38
227, 39
227, 40
227, 41
227, 42
227, 43
227, 44
227, 45
227, 46
227, 47
227, 48
227, 49
227, 50
227, 51
227, 52
227, 53
227, 54
227, 55
227, 56
227, 57
227, 58
227, 59
227, 60
227, 61
227, 62
227, 63
227, 64
227, 65
227, 66
227, 67
227, 68
227, 69
227, 70
227, 71
227, 72
227, 73
227, 74
227, 75
227, 76
227, 77
227, 78
227, 79
228, 26
228, 27
228, 28
228, 29
228, 30
228, 31
228, 32
228, 33
228, 34
228, 35
228, 36
228, 37
228, 38
228, 39
228, 40
228, 41
228, 42
228, 43
228, 44
228, 45
228, 46
228, 47
228, 48
228, 49
228, 50
228, 51
228, 52
228, 53
228, 54
228, 55
228, 56
228, 57
228, 58
228, 59
228, 60
228, 61
228, 62
228, 63
228, 64
228, 65
228, 66
228, 67
228, 68
228, 69
228, 70
228, 71
228, 72
228, 73
228, 74
228, 75
228, 76
228, 77
228, 78
228, 79
229, 26
229, 27
229, 28
229, 29
229, 30
229, 31
229, 32
229, 33
229, 34
229, 35
229, 36
229, 37
229, 38
229, 39
229, 40
229, 41
229, 42
229, 43
229, 44
229, 45
229, 46
229, 47
229, 48
229, 49
229, 50
229, 51
229, 52
229, 53
229, 54
229, 55
229, 56
229, 57
229, 58
229, 59
229, 60
229, 61
229, 62
229, 63
229, 64
229, 65
229, 66
229, 67
229, 68
229, 69
229, 70
229, 71
229, 72
229, 73
229, 74
229, 75
229, 76
229, 77
229, 78
229, 79
230, 26
230, 27
230, 28
230, 29
230, 30
230, 31
230, 32
230, 33
230, 34
230, 35
230, 36
230, 37
230, 38
230, 39
230, 40
230, 41
230, 42
230, 43
230, 44
230, 45
230, 46
230, 47
230, 48
230, 49
230, 50
230, 51
230, 52
230, 53
230, 54
230, 55
230, 56
230, 57
230, 58
230, 59
230, 60
230, 61
230, 62
230, 63
230, 64
230, 65
230, 66
230, 67
230, 68
230, 69
230, 70
230, 71
230, 72
230, 73
230, 74
230, 75
230, 76
230, 77
230, 78
230, 79
230, 80
231, 26
231, 27
231, 28
231, 29
231, 30
231, 31
231, 32
231, 33
231, 34
231, 35
231, 36
231, 37
231, 38
231, 39
231, 40
231, 41
231, 42
231, 43
231, 44
231, 45
231, 46
231, 47
231, 48
231, 49
231, 50
231, 51
231, 52
231, 53
231, 54
231, 55
231, 56
231, 57
231, 58
231, 59
231, 60
231, 61
231, 62
231, 63
231, 64
231, 65
231, 66
231, 67
231, 68
231, 69
231, 70
231, 71
231, 72
231, 73
231, 74
231, 75
231, 76
231, 77
231, 78
231, 79
231, 80
232, 26
232, 27
232, 28
232, 29
232, 30
232, 31
232, 32
232, 33
232, 34
232, 35
232, 36
232, 37
232, 38
232, 39
232, 40
232, 41
232, 42
232, 43
232, 44
232, 45
232, 46
232, 47
232, 48
232, 49
232, 50
232, 51
232, 52
232, 53
232, 54
232, 55
232, 56
232, 57
232, 58
232, 59
232, 60
232, 61
232, 62
232, 63
232, 64
232, 65
232, 66
232, 67
232, 68
232, 69
232, 70
232, 71
232, 72
232, 73
232, 74
232, 75
232, 76
232, 77
232, 78
232, 79
232, 80
233, 26
233, 27
233, 28
233, 29
233, 30
233, 31
233, 32
233, 33
233, 34
233, 35
233, 36
233, 37
233, 38
233, 39
233, 40
233, 41
233, 42
233, 43
233, 44
233, 45
233, 46
233, 47
233, 48
233, 49
233, 50
233, 51
233, 52
233, 53
233, 54
233, 55
233, 56
233, 57
233, 58
233, 59
233, 60
233, 61
233, 62
233, 63
233, 64
233, 65
233, 66
233, 67
233, 68
233, 69
233, 70
233, 71
233, 72
233, 73
233, 74
233, 75
233, 76
233, 77
233, 78
233, 79
233, 80
234, 26
234, 27
234, 28
234, 29
234, 30
234, 31
234, 32
234, 33
234, 34
234, 35
234, 36
234, 37
234, 38
234, 39
234, 40
234, 41
234, 42
234, 43
234, 44
234, 45
234, 46
234, 47
234, 48
234, 49
234, 50
234, 51
234, 52
234, 53
234, 54
234, 55
234, 56
234, 57
234, 58
234, 59
234, 60
234, 61
234, 62
234, 63
234, 64
234, 65
234, 66
234, 67
234, 68
234, 69
234, 70
234, 71
234, 72
234, 73
234, 74
234, 75
234, 76
234, 77
234, 78
234, 79
234, 80
235, 26
235, 27
235, 28
235, 29
235, 30
235, 31
235, 32
235, 33
235, 34
235, 35
235, 36
235, 37
235, 38
235, 39
235, 40
235, 41
235, 42
235, 43
235, 44
235, 45
235, 46
235, 47
235, 48
235, 49
235, 50
235, 51
235, 52
235, 53
235, 54
235, 55
235, 56
235, 57
235, 58
235, 59
235, 60
235, 61
235, 62
235, 63
235, 64
235, 65
235, 66
235, 67
235, 68
235, 69
235, 70
235, 71
235, 72
235, 73
235, 74
235, 75
235, 76
235, 77
235, 78
235, 79
235, 80
236, 26
236, 27
236, 28
236, 29
236, 30
236, 31
236, 32
236, 33
236, 34
236, 35
236, 36
236, 37
236, 38
236, 39
236, 40
236, 41
236, 42
236, 43
236, 44
236, 45
236, 46
236, 47
236, 48
236, 49
236, 50
236, 51
236, 52
236, 53
236, 54
236, 55
236, 56
236, 57
236, 58
236, 59
236, 60
236, 61
236, 62
236, 63
236, 64
236, 65
236, 66
236, 67
236, 68
236, 69
236, 70
236, 71
236, 72
236, 73
236, 74
236, 75
236, 76
236, 77
236, 78
236, 79
236, 80
237, 26
237, 27
237, 28
237, 29
237, 30
237, 31
237, 32
237, 33
237, 34
237, 35
237, 36
237, 37
237, 38
237, 39
237, 40
237, 41
237, 42
237, 43
237, 44
237, 45
237, 46
237, 47
237, 48
237, 49
237, 50
237, 51
237, 52
237, 53
237, 54
237, 55
237, 56
237, 57
237, 58
237, 59
237, 60
237, 61
237, 62
237, 63
237, 64
237, 65
237, 66
237, 67
237, 68
237, 69
237, 70
237, 71
237, 72
237, 73
237, 74
237, 75
237, 76
237, 77
237, 78
237, 79
237, 80
238, 26
238, 27
238, 28
238, 29
238, 30
238, 31
238, 32
238, 33
238, 34
238, 35
238, 36
238, 37
238, 38
238, 39
238, 40
238, 41
238, 42
238, 43
238, 44
238, 45
238, 46
238, 47
238, 48
238, 49
238, 50
238, 51
238, 52
238, 53
238, 54
238, 55
238, 56
238, 57
238, 58
238, 59
238, 60
238, 61
238, 62
238, 63
238, 64
238, 65
238, 66
238, 67
238, 68
238, 69
238, 70
238, 71
238, 72
238, 73
238, 74
238, 75
238, 76
238, 77
238, 78
238, 79
238, 80
239, 26
239, 27
239, 28
239, 29
239, 30
239, 31
239, 32
239, 33
239, 34
239, 35
239, 36
239, 37
239, 38
239, 39
239, 40
239, 41
239, 42
239, 43
239, 44
239, 45
239, 46
239, 47
239, 48
239, 49
239, 50
239, 51
239, 52
239, 53
239, 54
239, 55
239, 56
239, 57
239, 58
239, 59
239, 60
239, 61
239, 62
239, 63
239, 64
239, 65
239, 66
239, 67
239, 68
239, 69
239, 70
239, 71
239, 72
239, 73
239, 74
239, 75
239, 76
239, 77
239, 78
239, 79
239, 80
240, 26
240, 27
240, 28
240, 29
240, 30
240, 31
240, 32
240, 33
240, 34
240, 35
240, 36
240, 37
240, 38
240, 39
240, 40
240, 41
240, 42
240, 43
240, 44
240, 45
240, 46
240, 47
240, 48
240, 49
240, 50
240, 51
240, 52
240, 53
240, 54
240, 55
240, 56
240, 57
240, 58
240, 59
240, 60
240, 61
240, 62
240, 63
240, 64
240, 65
240, 66
240, 67
240, 68
240, 69
240, 70
240, 71
240, 72
240, 73
240, 74
240, 75
240, 76
240, 77
240, 78
240, 79
240, 80
241, 26
241, 27
241, 28
241, 29
241, 30
241, 31
241, 32
241, 33
241, 34
241, 35
241, 36
241, 37
241, 38
241, 39
241, 40
241, 41
241, 42
241, 43
241, 44
241, 45
241, 46
241, 47
241, 48
241, 49
241, 50
241, 51
241, 52
241, 53
241, 54
241, 55
241, 56
241, 57
241, 58
241, 59
241, 60
241, 61
241, 62
241, 63
241, 64
241, 65
241, 66
241, 67
241, 68
241, 69
241, 70
241, 71
241, 72
241, 73
241, 74
241, 75
241, 76
241, 77
241, 78
241, 79
241, 80
242, 26
242, 27
242, 28
242, 29
242, 30
242, 31
242, 32
242, 33
242, 34
242, 35
242, 36
242, 37
242, 38
242, 39
242, 40
242, 41
242, 42
242, 43
242, 44
242, 45
242, 46
242, 47
242, 48
242, 49
242, 50
242, 51
242, 52
242, 53
242, 54
242, 55
242, 56
242, 57
242, 58
242, 59
242, 60
242, 61
242, 62
242, 63
242, 64
242, 65
242, 66
242, 67
242, 68
242, 69
242, 70
242, 71
242, 72
242, 73
242, 74
242, 75
242, 76
242, 77
242, 78
242, 79
242, 80
243, 26
243, 27
243, 28
243, 29
243, 30
243, 31
243, 32
243, 33
243, 34
243, 35
243, 36
243, 37
243, 38
243, 39
243, 40
243, 41
243, 42
243, 43
243, 44
243, 45
243, 46
243, 47
243, 48
243, 49
243, 50
243, 51
243, 52
243, 53
243, 54
243, 55
243, 56
243, 57
243, 58
243, 59
243, 60
243, 61
243, 62
243, 63
243, 64
243, 65
243, 66
243, 67
243, 68
243, 69
243, 70
243, 71
243, 72
243, 73
243, 74
243, 75
243, 76
243, 77
243, 78
243, 79
244, 26
244, 27
244, 28
244, 29
244, 30
244, 31
244, 32
244, 33
244, 34
244, 35
244, 36
244, 37
244, 38
244, 39
244, 40
244, 41
244, 42
244, 43
244, 44
244, 45
244, 46
244, 47
244, 48
244, 49
244, 50
244, 51
244, 52
244, 53
244, 54
244, 55
244, 56
244, 57
244, 58
244, 59
244, 60
244, 61
244, 62
244, 63
244, 64
244, 65
244, 66
244, 67
244, 68
244, 69
244, 70
244, 71
244, 72
244, 73
244, 74
244, 75
244, 76
244, 77
244, 78
244, 79
245, 26
245, 27
245, 28
245, 29
245, 30
245, 31
245, 32
245, 33
245, 34
245, 35
245, 36
245, 37
245, 38
245, 39
245, 40
245, 41
245, 42
245, 43
245, 44
245, 45
245, 46
245, 47
245, 48
245, 49
245, 50
245, 51
245, 52
245, 53
245, 54
245, 55
245, 56
245, 57
245, 58
245, 59
245, 60
245, 61
245, 62
245, 63
245, 64
245, 65
245, 66
245, 67
245, 68
245, 69
245, 70
245, 71
245, 72
245, 73
245, 74
245, 75
245, 76
245, 77
245, 78
245, 79
245, 80
246, 26
246, 27
246, 28
246, 29
246, 30
246, 31
246, 32
246, 33
246, 34
246, 35
246, 36
246, 37
246, 38
246, 39
246, 40
246, 41
246, 42
246, 43
246, 44
246, 45
246, 46
246, 47
246, 48
246, 49
246, 50
246, 51
246, 52
246, 53
246, 54
246, 55
246, 56
246, 57
246, 58
246, 59
246, 60
246, 61
246, 62
246, 63
246, 64
246, 65
246, 66
246, 67
246, 68
246, 69
246, 70
246, 71
246, 72
246, 73
246, 74
246, 75
246, 76
246, 77
246, 78
246, 79
246, 80
247, 26
247, 27
247, 28
247, 29
247, 30
247, 31
247, 32
247, 33
247, 34
247, 35
247, 36
247, 37
247, 38
247, 39
247, 40
247, 41
247, 42
247, 43
247, 44
247, 45
247, 46
247, 47
247, 48
247, 49
247, 50
247, 51
247, 52
247, 53
247, 54
247, 55
247, 56
247, 57
247, 58
247, 59
247, 60
247, 61
247, 62
247, 63
247, 64
247, 65
247, 66
247, 67
247, 68
247, 69
247, 70
247, 71
247, 72
247, 73
247, 74
247, 75
247, 76
247, 77
247, 78
247, 79
247, 80
248, 26
248, 27
248, 28
248, 29
248, 30
248, 31
248, 32
248, 33
248, 34
248, 35
248, 36
248, 37
248, 38
248, 39
248, 40
248, 41
248, 42
248, 43
248, 44
248, 45
248, 46
248, 47
248, 48
248, 49
248, 50
248, 51
248, 52
248, 53
248, 54
248, 55
248, 56
248, 57
248, 58
248, 59
248, 60
248, 61
248, 62
248, 63
248, 64
248, 65
248, 66
248, 67
248, 68
248, 69
248, 70
248, 71
248, 72
248, 73
248, 74
248, 75
248, 76
248, 77
248, 78
248, 79
248, 80
249, 27
249, 28
249, 29
249, 30
249, 31
249, 32
249, 33
249, 34
249, 35
249, 36
249, 37
249, 38
249, 39
249, 40
249, 41
249, 42
249, 43
249, 44
249, 45
249, 46
249, 47
249, 48
249, 49
249, 50
249, 51
249, 52
249, 53
249, 54
249, 55
249, 56
249, 57
249, 58
249, 59
249, 60
249, 61
249, 62
249, 63
249, 64
249, 65
249, 66
249, 67
249, 68
249, 69
249, 70
249, 71
249, 72
249, 73
249, 74
249, 75
249, 76
249, 77
249, 78
249, 79
249, 80
249, 81
250, 27
250, 28
250, 29
250, 30
250, 31
250, 32
250, 33
250, 34
250, 35
250, 36
250, 37
250, 38
250, 39
250, 40
250, 41
250, 42
250, 43
250, 44
250, 45
250, 46
250, 47
250, 48
250, 49
250, 50
250, 51
250, 52
250, 53
250, 54
250, 55
250, 56
250, 57
250, 58
250, 59
250, 60
250, 61
250, 62
250, 63
250, 64
250, 65
250, 66
250, 67
250, 68
250, 69
250, 70
250, 71
250, 72
250, 73
250, 74
250, 75
250, 76
250, 77
250, 78
250, 79
250, 80
250, 81
251, 27
251, 28
251, 29
251, 30
251, 31
251, 32
251, 33
251, 34
251, 35
251, 36
251, 37
251, 38
251, 39
251, 40
251, 41
251, 42
251, 43
251, 44
251, 45
251, 46
251, 47
251, 48
251, 49
251, 50
251, 51
251, 52
251, 53
251, 54
251, 55
251, 56
251, 57
251, 58
251, 59
251, 60
251, 61
251, 62
251, 63
251, 64
251, 65
251, 66
251, 67
251, 68
251, 69
251, 70
251, 71
251, 72
251, 73
251, 74
251, 75
251, 76
251, 77
251, 78
251, 79
251, 80
251, 81
252, 27
252, 28
252, 29
252, 30
252, 31
252, 32
252, 33
252, 34
252, 35
252, 36
252, 37
252, 38
252, 39
252, 40
252, 41
252, 42
252, 43
252, 44
252, 45
252, 46
252, 47
252, 48
252, 49
252, 50
252, 51
252, 52
252, 53
252, 54
252, 55
252, 56
252, 57
252, 58
252, 59
252, 60
252, 61
252, 62
252, 63
252, 64
252, 65
252, 66
252, 67
252, 68
252, 69
252, 70
252, 71
252, 72
252, 73
252, 74
252, 75
252, 76
252, 77
252, 78
252, 79
252, 80
252, 81
253, 27
253, 28
253, 29
253, 30
253, 31
253, 32
253, 33
253, 34
253, 35
253, 36
253, 37
253, 38
253, 39
253, 40
253, 41
253, 42
253, 43
253, 44
253, 45
253, 46
253, 47
253, 48
253, 49
253, 50
253, 51
253, 52
253, 53
253, 54
253, 55
253, 56
253, 57
253, 58
253, 59
253, 60
253, 61
253, 62
253, 63
253, 64
253, 65
253, 66
253, 67
253, 68
253, 69
253, 70
253, 71
253, 72
253, 73
253, 74
253, 75
253, 76
253, 77
253, 78
253, 79
253, 80
253, 81
254, 27
254, 28
254, 29
254, 30
254, 31
254, 32
254, 33
254, 34
254, 35
254, 36
254, 37
254, 38
254, 39
254, 40
254, 41
254, 42
254, 43
254, 44
254, 45
254, 46
254, 47
254, 48
254, 49
254, 50
254, 51
254, 52
254, 53
254, 54
254, 55
254, 56
254, 57
254, 58
254, 59
254, 60
254, 61
254, 62
254, 63
254, 64
254, 65
254, 66
254, 67
254, 68
254, 69
254, 70
254, 71
254, 72
254, 73
254, 74
254, 75
254, 76
254, 77
254, 78
254, 79
254, 80
254, 81
255, 27
255, 28
255, 29
255, 30
255, 31
255, 32
255, 33
255, 34
255, 35
255, 36
255, 37
255, 38
255, 39
255, 40
255, 41
255, 42
255, 43
255, 44
255, 45
255, 46
255, 47
255, 48
255, 49
255, 50
255, 51
255, 52
255, 53
255, 54
255, 55
255, 56
255, 57
255, 58
255, 59
255, 60
255, 61
255, 62
255, 63
255, 64
255, 65
255, 66
255, 67
255, 68
255, 69
255, 70
255, 71
255, 72
255, 73
255, 74
255, 75
255, 76
255, 77
255, 78
255, 79
255, 80
255, 81
256, 27
256, 28
256, 29
256, 30
256, 31
256, 32
256, 33
256, 34
256, 35
256, 36
256, 37
256, 38
256, 39
256, 40
256, 41
256, 42
256, 43
256, 44
256, 45
256, 46
256, 47
256, 48
256, 49
256, 50
256, 51
256, 52
256, 53
256, 54
256, 55
256, 56
256, 57
256, 58
256, 59
256, 60
256, 61
256, 62
256, 63
256, 64
256, 65
256, 66
256, 67
256, 68
256, 69
256, 70
256, 71
256, 72
256, 73
256, 74
256, 75
256, 76
256, 77
256, 78
256, 79
256, 80
256, 81
257, 27
257, 28
257, 29
257, 30
257, 31
257, 32
257, 33
257, 34
257, 35
257, 36
257, 37
257, 38
257, 39
257, 40
257, 41
257, 42
257, 43
257, 44
257, 45
257, 46
257, 47
257, 48
257, 49
257, 50
257, 51
257, 52
257, 53
257, 54
257, 55
257, 56
257, 57
257, 58
257, 59
257, 60
257, 61
257, 62
257, 63
257, 64
257, 65
257, 66
257, 67
257, 68
257, 69
257, 70
257, 71
257, 72
257, 73
257, 74
257, 75
257, 76
257, 77
257, 78
257, 79
257, 80
257, 81
258, 28
258, 29
258, 30
258, 31
258, 32
258, 33
258, 34
258, 35
258, 36
258, 37
258, 38
258, 39
258, 40
258, 41
258, 42
258, 43
258, 44
258, 45
258, 46
258, 47
258, 48
258, 49
258, 50
258, 51
258, 52
258, 53
258, 54
258, 55
258, 56
258, 57
258, 58
258, 59
258, 60
258, 61
258, 62
258, 63
258, 64
258, 65
258, 66
258, 67
258, 68
258, 69
258, 70
258, 71
258, 72
258, 73
258, 74
258, 75
258, 76
258, 77
258, 78
258, 79
258, 80
258, 81
259, 28
259, 29
259, 30
259, 31
259, 32
259, 33
259, 34
259, 35
259, 36
259, 37
259, 38
259, 39
259, 40
259, 41
259, 42
259, 43
259, 44
259, 45
259, 46
259, 47
259, 48
259, 49
259, 50
259, 51
259, 52
259, 53
259, 54
259, 55
259, 56
259, 57
259, 58
259, 59
259, 60
259, 61
259, 62
259, 63
259, 64
259, 65
259, 66
259, 67
259, 68
259, 69
259, 70
259, 71
259, 72
259, 73
259, 74
259, 75
259, 76
259, 77
259, 78
259, 79
259, 80
259, 81
260, 28
260, 29
260, 30
260, 31
260, 32
260, 33
260, 34
260, 35
260, 36
260, 37
260, 38
260, 39
260, 40
260, 41
260, 42
260, 43
260, 44
260, 45
260, 46
260, 47
260, 48
260, 49
260, 50
260, 51
260, 52
260, 53
260, 54
260, 55
260, 56
260, 57
260, 58
260, 59
260, 60
260, 61
260, 62
260, 63
260, 64
260, 65
260, 66
260, 67
260, 68
260, 69
260, 70
260, 71
260, 72
260, 73
260, 74
260, 75
260, 76
260, 77
260, 78
260, 79
260, 80
260, 81
261, 29
261, 30
261, 31
261, 32
261, 33
261, 34
261, 35
261, 36
261, 37
261, 38
261, 39
261, 40
261, 41
261, 42
261, 43
261, 44
261, 45
261, 46
261, 47
261, 48
261, 49
261, 50
261, 51
261, 52
261, 53
261, 54
261, 55
261, 56
261, 57
261, 58
261, 59
261, 60
261, 61
261, 62
261, 63
261, 64
261, 65
261, 66
261, 67
261, 68
261, 69
261, 70
261, 71
261, 72
261, 73
261, 74
261, 75
261, 76
261, 77
261, 78
261, 79
261, 80
261, 81
262, 29
262, 30
262, 31
262, 32
262, 33
262, 34
262, 35
262, 36
262, 37
262, 38
262, 39
262, 40
262, 41
262, 42
262, 43
262, 44
262, 45
262, 46
262, 47
262, 48
262, 49
262, 50
262, 51
262, 52
262, 53
262, 54
262, 55
262, 56
262, 57
262, 58
262, 59
262, 60
262, 61
262, 62
262, 63
262, 64
262, 65
262, 66
262, 67
262, 68
262, 69
262, 70
262, 71
262, 72
262, 73
262, 74
262, 75
262, 76
262, 77
262, 78
262, 79
262, 80
262, 81
263, 29
263, 30
263, 31
263, 32
263, 33
263, 34
263, 35
263, 36
263, 37
263, 38
263, 39
263, 40
263, 41
263, 42
263, 43
263, 44
263, 45
263, 46
263, 47
263, 48
263, 49
263, 50
263, 51
263, 52
263, 53
263, 54
263, 55
263, 56
263, 57
263, 58
263, 59
263, 60
263, 61
263, 62
263, 63
263, 64
263, 65
263, 66
263, 67
263, 68
263, 69
263, 70
263, 71
263, 72
263, 73
263, 74
263, 75
263, 76
263, 77
263, 78
263, 79
263, 80
264, 30
264, 31
264, 32
264, 33
264, 34
264, 35
264, 36
264, 37
264, 38
264, 39
264, 40
264, 41
264, 42
264, 43
264, 44
264, 45
264, 46
264, 47
264, 48
264, 49
264, 50
264, 51
264, 52
264, 53
264, 54
264, 55
264, 56
264, 57
264, 58
264, 59
264, 60
264, 61
264, 62
264, 63
264, 64
264, 65
264, 66
264, 67
264, 68
264, 69
264, 70
264, 71
264, 72
264, 73
264, 74
264, 75
264, 76
264, 77
264, 78
264, 79
265, 31
265, 32
265, 33
265, 34
265, 35
265, 36
265, 37
265, 38
265, 39
265, 40
265, 41
265, 42
265, 43
265, 44
265, 45
265, 46
265, 47
265, 48
265, 49
265, 50
265, 51
265, 52
265, 53
265, 54
265, 55
265, 56
265, 57
265, 58
265, 59
265, 60
265, 61
265, 62
265, 63
265, 64
265, 65
265, 66
265, 67
265, 68
265, 69
265, 70
265, 71
265, 72
265, 73
266, 32
266, 33
266, 34
266, 35
266, 36
266, 37
266, 38
266, 39
266, 40
266, 41
266, 42
266, 43
266, 44
266, 45
266, 46
266, 47
266, 48
266, 49
266, 50
266, 51
266, 52
266, 53
266, 54
266, 55
266, 56
266, 57
266, 58
266, 59
266, 60
266, 61
266, 62
266, 63
266, 64
266, 65
266, 66
266, 67
266, 68
267, 39
267, 40
267, 41
267, 42
267, 43
267, 44
267, 45
267, 46
267, 47
267, 48
267, 49
267, 50
267, 51
267, 52
267, 53
267, 54
268, 45
268, 46
