163, 25
163, 26
163, 27
163, 28
163, 29
163, 30
163, 31
164, 23
164, 24
164, 25
164, 26
164, 27
164, 28
164, 29
164, 30
164, 31
164, 32
164, 33
164, 34
164, 35
164, 36
164, 37
165, 23
165, 24
165, 25
165, 26
165, 27
165, 28
165, 29
165, 30
165, 31
165, 32
165, 33
165, 34
165, 35
165, 36
165, 37
165, 38
165, 39
165, 40
165, 41
166, 22
166, 23
166, 24
166, 25
166, 26
166, 27
166, 28
166, 29
166, 30
166, 31
166, 32
166, 33
166, 34
166, 35
166, 36
166, 37
166, 38
166, 39
166, 40
166, 41
166, 42
166, 43
166, 44
166, 45
167, 22
167, 23
167, 24
167, 25
167, 26
167, 27
167, 28
167, 29
167, 30
167, 31
167, 32
167, 33
167, 34
167, 35
167, 36
167, 37
167, 38
167, 39
167, 40
167, 41
167, 42
167, 43
167, 44
167, 45
167, 46
167, 47
167, 55
167, 56
167, 57
167, 58
167, 59
167, 60
167, 61
167, 62
167, 63
167, 64
167, 65
167, 66
167, 67
167, 68
167, 69
167, 70
167, 71
167, 94
168, 21
168, 22
168, 23
168, 24
168, 25
168, 26
168, 27
168, 28
168, 29
168, 30
168, 31
168, 32
168, 33
168, 34
168, 35
168, 36
168, 37
168, 38
168, 39
168, 40
168, 41
168, 42
168, 43
168, 44
168, 45
168, 46
168, 47
168, 48
168, 49
168, 50
168, 51
168, 52
168, 53
168, 54
168, 55
168, 56
168, 57
168, 58
168, 59
168, 60
168, 61
168, 62
168, 63
168, 64
168, 65
168, 66
168, 67
168, 68
168, 69
168, 70
168, 71
168, 72
168, 73
168, 74
168, 75
168, 93
168, 94
169, 21
169, 22
169, 23
169, 24
169, 25
169, 26
169, 27
169, 28
169, 29
169, 30
169, 31
169, 32
169, 33
169, 34
169, 35
169, 36
169, 37
169, 38
169, 39
169, 40
169, 41
169, 42
169, 43
169, 44
169, 45
169, 46
169, 47
169, 48
169, 49
169, 50
169, 51
169, 52
169, 53
169, 54
169, 55
169, 56
169, 57
169, 58
169, 59
169, 60
169, 61
169, 62
169, 63
169, 64
169, 65
169, 66
169, 67
169, 68
169, 69
169, 70
169, 71
169, 72
169, 73
169, 74
169, 75
169, 76
169, 77
169, 78
169, 79
169, 80
169, 81
169, 82
169, 83
169, 84
169, 85
169, 93
169, 94
170, 20
170, 21
170, 22
170, 23
170, 24
170, 25
170, 26
170, 27
170, 28
170, 29
170, 30
170, 31
170, 32
170, 33
170, 34
170, 35
170, 36
170, 37
170, 38
170, 39
170, 40
170, 41
170, 42
170, 43
170, 44
170, 45
170, 46
170, 47
170, 48
170, 49
170, 50
170, 51
170, 52
170, 53
170, 54
170, 55
170, 56
170, 57
170, 58
170, 59
170, 60
170, 61
170, 62
170, 63
170, 64
170, 65
170, 66
170, 67
170, 68
170, 69
170, 70
170, 71
170, 72
170, 73
170, 74
170, 75
170, 76
170, 77
170, 78
170, 79
170, 80
170, 81
170, 82
170, 83
170, 84
170, 85
170, 86
170, 91
170, 92
170, 93
170, 94
171, 20
171, 21
171, 22
171, 23
171, 24
171, 25
171, 26
171, 27
171, 28
171, 29
171, 30
171, 31
171, 32
171, 33
171, 34
171, 35
171, 36
171, 37
171, 38
171, 39
171, 40
171, 41
171, 42
171, 43
171, 44
171, 45
171, 46
171, 47
171, 48
171, 49
171, 50
171, 51
171, 52
171, 53
171, 54
171, 55
171, 56
171, 57
171, 58
171, 59
171, 60
171, 61
171, 62
171, 63
171, 64
171, 65
171, 66
171, 67
171, 68
171, 69
171, 70
171, 71
171, 72
171, 73
171, 74
171, 75
171, 76
171, 77
171, 78
171, 79
171, 80
171, 81
171, 82
171, 83
171, 84
171, 85
171, 86
171, 87
171, 88
171, 89
171, 90
171, 91
171, 92
171, 93
171, 94
171, 95
172, 20
172, 21
172, 22
172, 23
172, 24
172, 25
172, 26
172, 27
172, 28
172, 29
172, 30
172, 31
172, 32
172, 33
172, 34
172, 35
172, 36
172, 37
172, 38
172, 39
172, 40
172, 41
172, 42
172, 43
172, 44
172, 45
172, 46
172, 47
172, 48
172, 49
172, 50
172, 51
172, 52
172, 53
172, 54
172, 55
172, 56
172, 57
172, 58
172, 59
172, 60
172, 61
172, 62
172, 63
172, 64
172, 65
172, 66
172, 67
172, 68
172, 69
172, 70
172, 71
172, 72
172, 73
172, 74
172, 75
172, 76
172, 77
172, 78
172, 79
172, 80
172, 81
172, 82
172, 83
172, 84
172, 85
172, 86
172, 87
172, 88
172, 89
172, 90
172, 91
172, 92
172, 93
172, 94
172, 95
172, 96
173, 20
173, 21
173, 22
173, 23
173, 24
173, 25
173, 26
173, 27
173, 28
173, 29
173, 30
173, 31
173, 32
173, 33
173, 34
173, 35
173, 36
173, 37
173, 38
173, 39
173, 40
173, 41
173, 42
173, 43
173, 44
173, 45
173, 46
173, 47
173, 48
173, 49
173, 50
173, 51
173, 52
173, 53
173, 54
173, 55
173, 56
173, 57
173, 58
173, 59
173, 60
173, 61
173, 62
173, 63
173, 64
173, 65
173, 66
173, 67
173, 68
173, 69
173, 70
173, 71
173, 72
173, 73
173, 74
173, 75
173, 76
173, 77
173, 78
173, 79
173, 80
173, 81
173, 82
173, 83
173, 84
173, 85
173, 86
173, 87
173, 88
173, 89
173, 90
173, 91
173, 92
173, 93
173, 94
173, 95
173, 96
174, 19
174, 20
174, 21
174, 22
174, 23
174, 24
174, 25
174, 26
174, 27
174, 28
174, 29
174, 30
174, 31
174, 32
174, 33
174, 34
174, 35
174, 36
174, 37
174, 38
174, 39
174, 40
174, 41
174, 42
174, 43
174, 44
174, 45
174, 46
174, 47
174, 48
174, 49
174, 50
174, 51
174, 52
174, 53
174, 54
174, 55
174, 56
174, 57
174, 58
174, 59
174, 60
174, 61
174, 62
174, 63
174, 64
174, 65
174, 66
174, 67
174, 68
174, 69
174, 70
174, 71
174, 72
174, 73
174, 74
174, 75
174, 76
174, 77
174, 78
174, 79
174, 80
174, 81
174, 82
174, 83
174, 84
174, 85
174, 86
174, 87
174, 88
174, 89
174, 90
174, 91
174, 92
174, 93
174, 94
174, 95
174, 96
174, 97
175, 19
175, 20
175, 21
175, 22
175, 23
175, 24
175, 25
175, 26
175, 27
175, 28
175, 29
175, 30
175, 31
175, 32
175, 33
175, 34
175, 35
175, 36
175, 37
175, 38
175, 39
175, 40
175, 41
175, 42
175, 43
175, 44
175, 45
175, 46
175, 47
175, 48
175, 49
175, 50
175, 51
175, 52
175, 53
175, 54
175, 55
175, 56
175, 57
175, 58
175, 59
175, 60
175, 61
175, 62
175, 63
175, 64
175, 65
175, 66
175, 67
175, 68
175, 69
175, 70
175, 71
175, 72
175, 73
175, 74
175, 75
175, 76
175, 77
175, 78
175, 79
175, 80
175, 81
175, 82
175, 83
175, 84
175, 85
175, 86
175, 87
175, 88
175, 89
175, 90
175, 91
175, 92
175, 93
175, 94
175, 95
175, 96
175, 97
176, 19
176, 20
176, 21
176, 22
176, 23
176, 24
176, 25
176, 26
176, 27
176, 28
176, 29
176, 30
176, 31
176, 32
176, 33
176, 34
176, 35
176, 36
176, 37
176, 38
176, 39
176, 40
176, 41
176, 42
176, 43
176, 44
176, 45
176, 46
176, 47
176, 48
176, 49
176, 50
176, 51
176, 52
176, 53
176, 54
176, 55
176, 56
176, 57
176, 58
176, 59
176, 60
176, 61
176, 62
176, 63
176, 64
176, 65
176, 66
176, 67
176, 68
176, 69
176, 70
176, 71
176, 72
176, 73
176, 74
176, 75
176, 76
176, 77
176, 78
176, 79
176, 80
176, 81
176, 82
176, 83
176, 84
176, 85
176, 86
176, 87
176, 88
176, 89
176, 90
176, 91
176, 92
176, 93
176, 94
176, 95
176, 96
176, 97
176, 98
177, 19
177, 20
177, 21
177, 22
177, 23
177, 24
177, 25
177, 26
177, 27
177, 28
177, 29
177, 30
177, 31
177, 32
177, 33
177, 34
177, 35
177, 36
177, 37
177, 38
177, 39
177, 40
177, 41
177, 42
177, 43
177, 44
177, 45
177, 46
177, 47
177, 48
177, 49
177, 50
177, 51
177, 52
177, 53
177, 54
177, 55
177, 56
177, 57
177, 58
177, 59
177, 60
177, 61
177, 62
177, 63
177, 64
177, 65
177, 66
177, 67
177, 68
177, 69
177, 70
177, 71
177, 72
177, 73
177, 74
177, 75
177, 76
177, 77
177, 78
177, 79
177, 80
177, 81
177, 82
177, 83
177, 84
177, 85
177, 86
177, 87
177, 88
177, 89
177, 90
177, 91
177, 92
177, 93
177, 94
177, 95
177, 96
177, 97
177, 98
178, 19
178, 20
178, 21
178, 22
178, 23
178, 24
178, 25
178, 26
178, 27
178, 28
178, 29
178, 30
178, 31
178, 32
178, 33
178, 34
178, 35
178, 36
178, 37
178, 38
178, 39
178, 40
178, 41
178, 42
178, 43
178, 44
178, 45
178, 46
178, 47
178, 48
178, 49
178, 50
178, 51
178, 52
178, 53
178, 54
178, 55
178, 56
178, 57
178, 58
178, 59
178, 60
178, 61
178, 62
178, 63
178, 64
178, 65
178, 66
178, 67
178, 68
178, 69
178, 70
178, 71
178, 72
178, 73
178, 74
178, 75
178, 76
178, 77
178, 78
178, 79
178, 80
178, 81
178, 82
178, 83
178, 84
178, 85
178, 86
178, 87
178, 88
178, 89
178, 90
178, 91
178, 92
178, 93
178, 94
178, 95
178, 96
178, 97
178, 98
179, 18
179, 19
179, 20
179, 21
179, 22
179, 23
179, 24
179, 25
179, 26
179, 27
179, 28
179, 29
179, 30
179, 31
179, 32
179, 33
179, 34
179, 35
179, 36
179, 37
179, 38
179, 39
179, 40
179, 41
179, 42
179, 43
179, 44
179, 45
179, 46
179, 47
179, 48
179, 49
179, 50
179, 51
179, 52
179, 53
179, 54
179, 55
179, 56
179, 57
179, 58
179, 59
179, 60
179, 61
179, 62
179, 63
179, 64
179, 65
179, 66
179, 67
179, 68
179, 69
179, 70
179, 71
179, 72
179, 73
179, 74
179, 75
179, 76
179, 77
179, 78
179, 79
179, 80
179, 81
179, 82
179, 83
179, 84
179, 85
179, 86
179, 87
179, 88
179, 89
179, 90
179, 91
179, 92
179, 93
179, 94
179, 95
179, 96
179, 97
179, 98
179, 99
180, 18
180, 19
180, 20
180, 21
180, 22
180, 23
180, 24
180, 25
180, 26
180, 27
180, 28
180, 29
180, 30
180, 31
180, 32
180, 33
180, 34
180, 35
180, 36
180, 37
180, 38
180, 39
180, 40
180, 41
180, 42
180, 43
180, 44
180, 45
180, 46
180, 47
180, 48
180, 49
180, 50
180, 51
180, 52
180, 53
180, 54
180, 55
180, 56
180, 57
180, 58
180, 59
180, 60
180, 61
180, 62
180, 63
180, 64
180, 65
180, 66
180, 67
180, 68
180, 69
180, 70
180, 71
180, 72
180, 73
180, 74
180, 75
180, 76
180, 77
180, 78
180, 79
180, 80
180, 81
180, 82
180, 83
180, 84
180, 85
180, 86
180, 87
180, 88
180, 89
180, 90
180, 91
180, 92
180, 93
180, 94
180, 95
180, 96
180, 97
180, 98
180, 99
181, 18
181, 19
181, 20
181, 21
181, 22
181, 23
181, 24
181, 25
181, 26
181, 27
181, 28
181, 29
181, 30
181, 31
181, 32
181, 33
181, 34
181, 35
181, 36
181, 37
181, 38
181, 39
181, 40
181, 41
181, 42
181, 43
181, 44
181, 45
181, 46
181, 47
181, 48
181, 49
181, 50
181, 51
181, 52
181, 53
181, 54
181, 55
181, 56
181, 57
181, 58
181, 59
181, 60
181, 61
181, 62
181, 63
181, 64
181, 65
181, 66
181, 67
181, 68
181, 69
181, 70
181, 71
181, 72
181, 73
181, 74
181, 75
181, 76
181, 77
181, 78
181, 79
181, 80
181, 81
181, 82
181, 83
181, 84
181, 85
181, 86
181, 87
181, 88
181, 89
181, 90
181, 91
181, 92
181, 93
181, 94
181, 95
181, 96
181, 97
181, 98
181, 99
182, 17
182, 18
182, 19
182, 20
182, 21
182, 22
182, 23
182, 24
182, 25
182, 26
182, 27
182, 28
182, 29
182, 30
182, 31
182, 32
182, 33
182, 34
182, 35
182, 36
182, 37
182, 38
182, 39
182, 40
182, 41
182, 42
182, 43
182, 44
182, 45
182, 46
182, 47
182, 48
182, 49
182, 50
182, 51
182, 52
182, 53
182, 54
182, 55
182, 56
182, 57
182, 58
182, 59
182, 60
182, 61
182, 62
182, 63
182, 64
182, 65
182, 66
182, 67
182, 68
182, 69
182, 70
182, 71
182, 72
182, 73
182, 74
182, 75
182, 76
182, 77
182, 78
182, 79
182, 80
182, 81
182, 82
182, 83
182, 84
182, 85
182, 86
182, 87
182, 88
182, 89
182, 90
182, 91
182, 92
182, 93
182, 94
182, 95
182, 96
182, 97
182, 98
182, 99
182, 100
183, 17
183, 18
183, 19
183, 20
183, 21
183, 22
183, 23
183, 24
183, 25
183, 26
183, 27
183, 28
183, 29
183, 30
183, 31
183, 32
183, 33
183, 34
183, 35
183, 36
183, 37
183, 38
183, 39
183, 40
183, 41
183, 42
183, 43
183, 44
183, 45
183, 46
183, 47
183, 48
183, 49
183, 50
183, 51
183, 52
183, 53
183, 54
183, 55
183, 56
183, 57
183, 58
183, 59
183, 60
183, 61
183, 62
183, 63
183, 64
183, 65
183, 66
183, 67
183, 68
183, 69
183, 70
183, 71
183, 72
183, 73
183, 74
183, 75
183, 76
183, 77
183, 78
183, 79
183, 80
183, 81
183, 82
183, 83
183, 84
183, 85
183, 86
183, 87
183, 88
183, 89
183, 90
183, 91
183, 92
183, 93
183, 94
183, 95
183, 96
183, 97
183, 98
183, 99
183, 100
183, 101
184, 17
184, 18
184, 19
184, 20
184, 21
184, 22
184, 23
184, 24
184, 25
184, 26
184, 27
184, 28
184, 29
184, 30
184, 31
184, 32
184, 33
184, 34
184, 35
184, 36
184, 37
184, 38
184, 39
184, 40
184, 41
184, 42
184, 43
184, 44
184, 45
184, 46
184, 47
184, 48
184, 49
184, 50
184, 51
184, 52
184, 53
184, 54
184, 55
184, 56
184, 57
184, 58
184, 59
184, 60
184, 61
184, 62
184, 63
184, 64
184, 65
184, 66
184, 67
184, 68
184, 69
184, 70
184, 71
184, 72
184, 73
184, 74
184, 75
184, 76
184, 77
184, 78
184, 79
184, 80
184, 81
184, 82
184, 83
184, 84
184, 85
184, 86
184, 87
184, 88
184, 89
184, 90
184, 91
184, 92
184, 93
184, 94
184, 95
184, 96
184, 97
184, 98
184, 99
184, 100
184, 101
185, 17
185, 18
185, 19
185, 20
185, 21
185, 22
185, 23
185, 24
185, 25
185, 26
185, 27
185, 28
185, 29
185, 30
185, 31
185, 32
185, 33
185, 34
185, 35
185, 36
185, 37
185, 38
185, 39
185, 40
185, 41
185, 42
185, 43
185, 44
185, 45
185, 46
185, 47
185, 48
185, 49
185, 50
185, 51
185, 52
185, 53
185, 54
185, 55
185, 56
185, 57
185, 58
185, 59
185, 60
185, 61
185, 62
185, 63
185, 64
185, 65
185, 66
185, 67
185, 68
185, 69
185, 70
185, 71
185, 72
185, 73
185, 74
185, 75
185, 76
185, 77
185, 78
185, 79
185, 80
185, 81
185, 82
185, 83
185, 84
185, 85
185, 86
185, 87
185, 88
185, 89
185, 90
185, 91
185, 92
185, 93
185, 94
185, 95
185, 96
185, 97
185, 98
185, 99
185, 100
185, 101
186, 17
186, 18
186, 19
186, 20
186, 21
186, 22
186, 23
186, 24
186, 25
186, 26
186, 27
186, 28
186, 29
186, 30
186, 31
186, 32
186, 33
186, 34
186, 35
186, 36
186, 37
186, 38
186, 39
186, 40
186, 41
186, 42
186, 43
186, 44
186, 45
186, 46
186, 47
186, 48
186, 49
186, 50
186, 51
186, 52
186, 53
186, 54
186, 55
186, 56
186, 57
186, 58
186, 59
186, 60
186, 61
186, 62
186, 63
186, 64
186, 65
186, 66
186, 67
186, 68
186, 69
186, 70
186, 71
186, 72
186, 73
186, 74
186, 75
186, 76
186, 77
186, 78
186, 79
186, 80
186, 81
186, 82
186, 83
186, 84
186, 85
186, 86
186, 87
186, 88
186, 89
186, 90
186, 91
186, 92
186, 93
186, 94
186, 95
186, 96
186, 97
186, 98
186, 99
186, 100
186, 101
187, 16
187, 17
187, 18
187, 19
187, 20
187, 21
187, 22
187, 23
187, 24
187, 25
187, 26
187, 27
187, 28
187, 29
187, 30
187, 31
187, 32
187, 33
187, 34
187, 35
187, 36
187, 37
187, 38
187, 39
187, 40
187, 41
187, 42
187, 43
187, 44
187, 45
187, 46
187, 47
187, 48
187, 49
187, 50
187, 51
187, 52
187, 53
187, 54
187, 55
187, 56
187, 57
187, 58
187, 59
187, 60
187, 61
187, 62
187, 63
187, 64
187, 65
187, 66
187, 67
187, 68
187, 69
187, 70
187, 71
187, 72
187, 73
187, 74
187, 75
187, 76
187, 77
187, 78
187, 79
187, 80
187, 81
187, 82
187, 83
187, 84
187, 85
187, 86
187, 87
187, 88
187, 89
187, 90
187, 91
187, 92
187, 93
187, 94
187, 95
187, 96
187, 97
187, 98
187, 99
187, 100
187, 101
188, 16
188, 17
188, 18
188, 19
188, 20
188, 21
188, 22
188, 23
188, 24
188, 25
188, 26
188, 27
188, 28
188, 29
188, 30
188, 31
188, 32
188, 33
188, 34
188, 35
188, 36
188, 37
188, 38
188, 39
188, 40
188, 41
188, 42
188, 43
188, 44
188, 45
188, 46
188, 47
188, 48
188, 49
188, 50
188, 51
188, 52
188, 53
188, 54
188, 55
188, 56
188, 57
188, 58
188, 59
188, 60
188, 61
188, 62
188, 63
188, 64
188, 65
188, 66
188, 67
188, 68
188, 69
188, 70
188, 71
188, 72
188, 73
188, 74
188, 75
188, 76
188, 77
188, 78
188, 79
188, 80
188, 81
188, 82
188, 83
188, 84
188, 85
188, 86
188, 87
188, 88
188, 89
188, 90
188, 91
188, 92
188, 93
188, 94
188, 95
188, 96
188, 97
188, 98
188, 99
188, 100
188, 101
189, 16
189, 17
189, 18
189, 19
189, 20
189, 21
189, 22
189, 23
189, 24
189, 25
189, 26
189, 27
189, 28
189, 29
189, 30
189, 31
189, 32
189, 33
189, 34
189, 35
189, 36
189, 37
189, 38
189, 39
189, 40
189, 41
189, 42
189, 43
189, 44
189, 45
189, 46
189, 47
189, 48
189, 49
189, 50
189, 51
189, 52
189, 53
189, 54
189, 55
189, 56
189, 57
189, 58
189, 59
189, 60
189, 61
189, 62
189, 63
189, 64
189, 65
189, 66
189, 67
189, 68
189, 69
189, 70
189, 71
189, 72
189, 73
189, 74
189, 75
189, 76
189, 77
189, 78
189, 79
189, 80
189, 81
189, 82
189, 83
189, 84
189, 85
189, 86
189, 87
189, 88
189, 89
189, 90
189, 91
189, 92
189, 93
189, 94
189, 95
189, 96
189, 97
189, 98
189, 99
189, 100
189, 101
189, 102
190, 16
190, 17
190, 18
190, 19
190, 20
190, 21
190, 22
190, 23
190, 24
190, 25
190, 26
190, 27
190, 28
190, 29
190, 30
190, 31
190, 32
190, 33
190, 34
190, 35
190, 36
190, 37
190, 38
190, 39
190, 40
190, 41
190, 42
190, 43
190, 44
190, 45
190, 46
190, 47
190, 48
190, 49
190, 50
190, 51
190, 52
190, 53
190, 54
190, 55
190, 56
190, 57
190, 58
190, 59
190, 60
190, 61
190, 62
190, 63
190, 64
190, 65
190, 66
190, 67
190, 68
190, 69
190, 70
190, 71
190, 72
190, 73
190, 74
190, 75
190, 76
190, 77
190, 78
190, 79
190, 80
190, 81
190, 82
190, 83
190, 84
190, 85
190, 86
190, 87
190, 88
190, 89
190, 90
190, 91
190, 92
190, 93
190, 94
190, 95
190, 96
190, 97
190, 98
190, 99
190, 100
190, 101
190, 102
191, 16
191, 17
191, 18
191, 19
191, 20
191, 21
191, 22
191, 23
191, 24
191, 25
191, 26
191, 27
191, 28
191, 29
191, 30
191, 31
191, 32
191, 33
191, 34
191, 35
191, 36
191, 37
191, 38
191, 39
191, 40
191, 41
191, 42
191, 43
191, 44
191, 45
191, 46
191, 47
191, 48
191, 49
191, 50
191, 51
191, 52
191, 53
191, 54
191, 55
191, 56
191, 57
191, 58
191, 59
191, 60
191, 61
191, 62
191, 63
191, 64
191, 65
191, 66
191, 67
191, 68
191, 69
191, 70
191, 71
191, 72
191, 73
191, 74
191, 75
191, 76
191, 77
191, 78
191, 79
191, 80
191, 81
191, 82
191, 83
191, 84
191, 85
191, 86
191, 87
191, 88
191, 89
191, 90
191, 91
191, 92
191, 93
191, 94
191, 95
191, 96
191, 97
191, 98
191, 99
191, 100
191, 101
191, 102
192, 16
192, 17
192, 18
192, 19
192, 20
192, 21
192, 22
192, 23
192, 24
192, 25
192, 26
192, 27
192, 28
192, 29
192, 30
192, 31
192, 32
192, 33
192, 34
192, 35
192, 36
192, 37
192, 38
192, 39
192, 40
192, 41
192, 42
192, 43
192, 44
192, 45
192, 46
192, 47
192, 48
192, 49
192, 50
192, 51
192, 52
192, 53
192, 54
192, 55
192, 56
192, 57
192, 58
192, 59
192, 60
192, 61
192, 62
192, 63
192, 64
192, 65
192, 66
192, 67
192, 68
192, 69
192, 70
192, 71
192, 72
192, 73
192, 74
192, 75
192, 76
192, 77
192, 78
192, 79
192, 80
192, 81
192, 82
192, 83
192, 84
192, 85
192, 86
192, 87
192, 88
192, 89
192, 90
192, 91
192, 92
192, 93
192, 94
192, 95
192, 96
192, 97
192, 98
192, 99
192, 100
192, 101
192, 102
193, 16
193, 17
193, 18
193, 19
193, 20
193, 21
193, 22
193, 23
193, 24
193, 25
193, 26
193, 27
193, 28
193, 29
193, 30
193, 31
193, 32
193, 33
193, 34
193, 35
193, 36
193, 37
193, 38
193, 39
193, 40
193, 41
193, 42
193, 43
193, 44
193, 45
193, 46
193, 47
193, 48
193, 49
193, 50
193, 51
193, 52
193, 53
193, 54
193, 55
193, 56
193, 57
193, 58
193, 59
193, 60
193, 61
193, 62
193, 63
193, 64
193, 65
193, 66
193, 67
193, 68
193, 69
193, 70
193, 71
193, 72
193, 73
193, 74
193, 75
193, 76
193, 77
193, 78
193, 79
193, 80
193, 81
193, 82
193, 83
193, 84
193, 85
193, 86
193, 87
193, 88
193, 89
193, 90
193, 91
193, 92
193, 93
193, 94
193, 95
193, 96
193, 97
193, 98
193, 99
193, 100
193, 101
193, 102
193, 103
194, 16
194, 17
194, 18
194, 19
194, 20
194, 21
194, 22
194, 23
194, 24
194, 25
194, 26
194, 27
194, 28
194, 29
194, 30
194, 31
194, 32
194, 33
194, 34
194, 35
194, 36
194, 37
194, 38
194, 39
194, 40
194, 41
194, 42
194, 43
194, 44
194, 45
194, 46
194, 47
194, 48
194, 49
194, 50
194, 51
194, 52
194, 53
194, 54
194, 55
194, 56
194, 57
194, 58
194, 59
194, 60
194, 61
194, 62
194, 63
194, 64
194, 65
194, 66
194, 67
194, 68
194, 69
194, 70
194, 71
194, 72
194, 73
194, 74
194, 75
194, 76
194, 77
194, 78
194, 79
194, 80
194, 81
194, 82
194, 83
194, 84
194, 85
194, 86
194, 87
194, 88
194, 89
194, 90
194, 91
194, 92
194, 93
194, 94
194, 95
194, 96
194, 97
194, 98
194, 99
194, 100
194, 101
194, 102
194, 103
195, 16
195, 17
195, 18
195, 19
195, 20
195, 21
195, 22
195, 23
195, 24
195, 25
195, 26
195, 27
195, 28
195, 29
195, 30
195, 31
195, 32
195, 33
195, 34
195, 35
195, 36
195, 37
195, 38
195, 39
195, 40
195, 41
195, 42
195, 43
195, 44
195, 45
195, 46
195, 47
195, 48
195, 49
195, 50
195, 51
195, 52
195, 53
195, 54
195, 55
195, 56
195, 57
195, 58
195, 59
195, 60
195, 61
195, 62
195, 63
195, 64
195, 65
195, 66
195, 67
195, 68
195, 69
195, 70
195, 71
195, 72
195, 73
195, 74
195, 75
195, 76
195, 77
195, 78
195, 79
195, 80
195, 81
195, 82
195, 83
195, 84
195, 85
195, 86
195, 87
195, 88
195, 89
195, 90
195, 91
195, 92
195, 93
195, 94
195, 95
195, 96
195, 97
195, 98
195, 99
195, 100
195, 101
195, 102
195, 103
196, 16
196, 17
196, 18
196, 19
196, 20
196, 21
196, 22
196, 23
196, 24
196, 25
196, 26
196, 27
196, 28
196, 29
196, 30
196, 31
196, 32
196, 33
196, 34
196, 35
196, 36
196, 37
196, 38
196, 39
196, 40
196, 41
196, 42
196, 43
196, 44
196, 45
196, 46
196, 47
196, 48
196, 49
196, 50
196, 51
196, 52
196, 53
196, 54
196, 55
196, 56
196, 57
196, 58
196, 59
196, 60
196, 61
196, 62
196, 63
196, 64
196, 65
196, 66
196, 67
196, 68
196, 69
196, 70
196, 71
196, 72
196, 73
196, 74
196, 75
196, 76
196, 77
196, 78
196, 79
196, 80
196, 81
196, 82
196, 83
196, 84
196, 85
196, 86
196, 87
196, 88
196, 89
196, 90
196, 91
196, 92
196, 93
196, 94
196, 95
196, 96
196, 97
196, 98
196, 99
196, 100
196, 101
196, 102
196, 103
196, 104
197, 16
197, 17
197, 18
197, 19
197, 20
197, 21
197, 22
197, 23
197, 24
197, 25
197, 26
197, 27
197, 28
197, 29
197, 30
197, 31
197, 32
197, 33
197, 34
197, 35
197, 36
197, 37
197, 38
197, 39
197, 40
197, 41
197, 42
197, 43
197, 44
197, 45
197, 46
197, 47
197, 48
197, 49
197, 50
197, 51
197, 52
197, 53
197, 54
197, 55
197, 56
197, 57
197, 58
197, 59
197, 60
197, 61
197, 62
197, 63
197, 64
197, 65
197, 66
197, 67
197, 68
197, 69
197, 70
197, 71
197, 72
197, 73
197, 74
197, 75
197, 76
197, 77
197, 78
197, 79
197, 80
197, 81
197, 82
197, 83
197, 84
197, 85
197, 86
197, 87
197, 88
197, 89
197, 90
197, 91
197, 92
197, 93
197, 94
197, 95
197, 96
197, 97
197, 98
197, 99
197, 100
197, 101
197, 102
197, 103
197, 104
198, 16
198, 17
198, 18
198, 19
198, 20
198, 21
198, 22
198, 23
198, 24
198, 25
198, 26
198, 27
198, 28
198, 29
198, 30
198, 31
198, 32
198, 33
198, 34
198, 35
198, 36
198, 37
198, 38
198, 39
198, 40
198, 41
198, 42
198, 43
198, 44
198, 45
198, 46
198, 47
198, 48
198, 49
198, 50
198, 51
198, 52
198, 53
198, 54
198, 55
198, 56
198, 57
198, 58
198, 59
198, 60
198, 61
198, 62
198, 63
198, 64
198, 65
198, 66
198, 67
198, 68
198, 69
198, 70
198, 71
198, 72
198, 73
198, 74
198, 75
198, 76
198, 77
198, 78
198, 79
198, 80
198, 81
198, 82
198, 83
198, 84
198, 85
198, 86
198, 87
198, 88
198, 89
198, 90
198, 91
198, 92
198, 93
198, 94
198, 95
198, 96
198, 97
198, 98
198, 99
198, 100
198, 101
198, 102
198, 103
198, 104
199, 15
199, 16
199, 17
199, 18
199, 19
199, 20
199, 21
199, 22
199, 23
199, 24
199, 25
199, 26
199, 27
199, 28
199, 29
199, 30
199, 31
199, 32
199, 33
199, 34
199, 35
199, 36
199, 37
199, 38
199, 39
199, 40
199, 41
199, 42
199, 43
199, 44
199, 45
199, 46
199, 47
199, 48
199, 49
199, 50
199, 51
199, 52
199, 53
199, 54
199, 55
199, 56
199, 57
199, 58
199, 59
199, 60
199, 61
199, 62
199, 63
199, 64
199, 65
199, 66
199, 67
199, 68
199, 69
199, 70
199, 71
199, 72
199, 73
199, 74
199, 75
199, 76
199, 77
199, 78
199, 79
199, 80
199, 81
199, 82
199, 83
199, 84
199, 85
199, 86
199, 87
199, 88
199, 89
199, 90
199, 91
199, 92
199, 93
199, 94
199, 95
199, 96
199, 97
199, 98
199, 99
199, 100
199, 101
199, 102
199, 103
199, 104
200, 15
200, 16
200, 17
200, 18
200, 19
200, 20
200, 21
200, 22
200, 23
200, 24
200, 25
200, 26
200, 27
200, 28
200, 29
200, 30
200, 31
200, 32
200, 33
200, 34
200, 35
200, 36
200, 37
200, 38
200, 39
200, 40
200, 41
200, 42
200, 43
200, 44
200, 45
200, 46
200, 47
200, 48
200, 49
200, 50
200, 51
200, 52
200, 53
200, 54
200, 55
200, 56
200, 57
200, 58
200, 59
200, 60
200, 61
200, 62
200, 63
200, 64
200, 65
200, 66
200, 67
200, 68
200, 69
200, 70
200, 71
200, 72
200, 73
200, 74
200, 75
200, 76
200, 77
200, 78
200, 79
200, 80
200, 81
200, 82
200, 83
200, 84
200, 85
200, 86
200, 87
200, 88
200, 89
200, 90
200, 91
200, 92
200, 93
200, 94
200, 95
200, 96
200, 97
200, 98
200, 99
200, 100
200, 101
200, 102
200, 103
200, 104
201, 15
201, 16
201, 17
201, 18
201, 19
201, 20
201, 21
201, 22
201, 23
201, 24
201, 25
201, 26
201, 27
201, 28
201, 29
201, 30
201, 31
201, 32
201, 33
201, 34
201, 35
201, 36
201, 37
201, 38
201, 39
201, 40
201, 41
201, 42
201, 43
201, 44
201, 45
201, 46
201, 47
201, 48
201, 49
201, 50
201, 51
201, 52
201, 53
201, 54
201, 55
201, 56
201, 57
201, 58
201, 59
201, 60
201, 61
201, 62
201, 63
201, 64
201, 65
201, 66
201, 67
201, 68
201, 69
201, 70
201, 71
201, 72
201, 73
201, 74
201, 75
201, 76
201, 77
201, 78
201, 79
201, 80
201, 81
201, 82
201, 83
201, 84
201, 85
201, 86
201, 87
201, 88
201, 89
201, 90
201, 91
201, 92
201, 93
201, 94
201, 95
201, 96
201, 97
201, 98
201, 99
201, 100
201, 101
201, 102
201, 103
201, 104
202, 15
202, 16
202, 17
202, 18
202, 19
202, 20
202, 21
202, 22
202, 23
202, 24
202, 25
202, 26
202, 27
202, 28
202, 29
202, 30
202, 31
202, 32
202, 33
202, 34
202, 35
202, 36
202, 37
202, 38
202, 39
202, 40
202, 41
202, 42
202, 43
202, 44
202, 45
202, 46
202, 47
202, 48
202, 49
202, 50
202, 51
202, 52
202, 53
202, 54
202, 55
202, 56
202, 57
202, 58
202, 59
202, 60
202, 61
202, 62
202, 63
202, 64
202, 65
202, 66
202, 67
202, 68
202, 69
202, 70
202, 71
202, 72
202, 73
202, 74
202, 75
202, 76
202, 77
202, 78
202, 79
202, 80
202, 81
202, 82
202, 83
202, 84
202, 85
202, 86
202, 87
202, 88
202, 89
202, 90
202, 91
202, 92
202, 93
202, 94
202, 95
202, 96
202, 97
202, 98
202, 99
202, 100
202, 101
202, 102
202, 103
202, 104
202, 105
203, 15
203, 16
203, 17
203, 18
203, 19
203, 20
203, 21
203, 22
203, 23
203, 24
203, 25
203, 26
203, 27
203, 28
203, 29
203, 30
203, 31
203, 32
203, 33
203, 34
203, 35
203, 36
203, 37
203, 38
203, 39
203, 40
203, 41
203, 42
203, 43
203, 44
203, 45
203, 46
203, 47
203, 48
203, 49
203, 50
203, 51
203, 52
203, 53
203, 54
203, 55
203, 56
203, 57
203, 58
203, 59
203, 60
203, 61
203, 62
203, 63
203, 64
203, 65
203, 66
203, 67
203, 68
203, 69
203, 70
203, 71
203, 72
203, 73
203, 74
203, 75
203, 76
203, 77
203, 78
203, 79
203, 80
203, 81
203, 82
203, 83
203, 84
203, 85
203, 86
203, 87
203, 88
203, 89
203, 90
203, 91
203, 92
203, 93
203, 94
203, 95
203, 96
203, 97
203, 98
203, 99
203, 100
203, 101
203, 102
203, 103
203, 104
203, 105
204, 15
204, 16
204, 17
204, 18
204, 19
204, 20
204, 21
204, 22
204, 23
204, 24
204, 25
204, 26
204, 27
204, 28
204, 29
204, 30
204, 31
204, 32
204, 33
204, 34
204, 35
204, 36
204, 37
204, 38
204, 39
204, 40
204, 41
204, 42
204, 43
204, 44
204, 45
204, 46
204, 47
204, 48
204, 49
204, 50
204, 51
204, 52
204, 53
204, 54
204, 55
204, 56
204, 57
204, 58
204, 59
204, 60
204, 61
204, 62
204, 63
204, 64
204, 65
204, 66
204, 67
204, 68
204, 69
204, 70
204, 71
204, 72
204, 73
204, 74
204, 75
204, 76
204, 77
204, 78
204, 79
204, 80
204, 81
204, 82
204, 83
204, 84
204, 85
204, 86
204, 87
204, 88
204, 89
204, 90
204, 91
204, 92
204, 93
204, 94
204, 95
204, 96
204, 97
204, 98
204, 99
204, 100
204, 101
204, 102
204, 103
204, 104
204, 105
205, 15
205, 16
205, 17
205, 18
205, 19
205, 20
205, 21
205, 22
205, 23
205, 24
205, 25
205, 26
205, 27
205, 28
205, 29
205, 30
205, 31
205, 32
205, 33
205, 34
205, 35
205, 36
205, 37
205, 38
205, 39
205, 40
205, 41
205, 42
205, 43
205, 44
205, 45
205, 46
205, 47
205, 48
205, 49
205, 50
205, 51
205, 52
205, 53
205, 54
205, 55
205, 56
205, 57
205, 58
205, 59
205, 60
205, 61
205, 62
205, 63
205, 64
205, 65
205, 66
205, 67
205, 68
205, 69
205, 70
205, 71
205, 72
205, 73
205, 74
205, 75
205, 76
205, 77
205, 78
205, 79
205, 80
205, 81
205, 82
205, 83
205, 84
205, 85
205, 86
205, 87
205, 88
205, 89
205, 90
205, 91
205, 92
205, 93
205, 94
205, 95
205, 96
205, 97
205, 98
205, 99
205, 100
205, 101
205, 102
205, 103
205, 104
205, 105
206, 15
206, 16
206, 17
206, 18
206, 19
206, 20
206, 21
206, 22
206, 23
206, 24
206, 25
206, 26
206, 27
206, 28
206, 29
206, 30
206, 31
206, 32
206, 33
206, 34
206, 35
206, 36
206, 37
206, 38
206, 39
206, 40
206, 41
206, 42
206, 43
206, 44
206, 45
206, 46
206, 47
206, 48
206, 49
206, 50
206, 51
206, 52
206, 53
206, 54
206, 55
206, 56
206, 57
206, 58
206, 59
206, 60
206, 61
206, 62
206, 63
206, 64
206, 65
206, 66
206, 67
206, 68
206, 69
206, 70
206, 71
206, 72
206, 73
206, 74
206, 75
206, 76
206, 77
206, 78
206, 79
206, 80
206, 81
206, 82
206, 83
206, 84
206, 85
206, 86
206, 87
206, 88
206, 89
206, 90
206, 91
206, 92
206, 93
206, 94
206, 95
206, 96
206, 97
206, 98
206, 99
206, 100
206, 101
206, 102
206, 103
206, 104
206, 105
207, 15
207, 16
207, 17
207, 18
207, 19
207, 20
207, 21
207, 22
207, 23
207, 24
207, 25
207, 26
207, 27
207, 28
207, 29
207, 30
207, 31
207, 32
207, 33
207, 34
207, 35
207, 36
207, 37
207, 38
207, 39
207, 40
207, 41
207, 42
207, 43
207, 44
207, 45
207, 46
207, 47
207, 48
207, 49
207, 50
207, 51
207, 52
207, 53
207, 54
207, 55
207, 56
207, 57
207, 58
207, 59
207, 60
207, 61
207, 62
207, 63
207, 64
207, 65
207, 66
207, 67
207, 68
207, 69
207, 70
207, 71
207, 72
207, 73
207, 74
207, 75
207, 76
207, 77
207, 78
207, 79
207, 80
207, 81
207, 82
207, 83
207, 84
207, 85
207, 86
207, 87
207, 88
207, 89
207, 90
207, 91
207, 92
207, 93
207, 94
207, 95
207, 96
207, 97
207, 98
207, 99
207, 100
207, 101
207, 102
207, 103
207, 104
207, 105
208, 15
208, 16
208, 17
208, 18
208, 19
208, 20
208, 21
208, 22
208, 23
208, 24
208, 25
208, 26
208, 27
208, 28
208, 29
208, 30
208, 31
208, 32
208, 33
208, 34
208, 35
208, 36
208, 37
208, 38
208, 39
208, 40
208, 41
208, 42
208, 43
208, 44
208, 45
208, 46
208, 47
208, 48
208, 49
208, 50
208, 51
208, 52
208, 53
208, 54
208, 55
208, 56
208, 57
208, 58
208, 59
208, 60
208, 61
208, 62
208, 63
208, 64
208, 65
208, 66
208, 67
208, 68
208, 69
208, 70
208, 71
208, 72
208, 73
208, 74
208, 75
208, 76
208, 77
208, 78
208, 79
208, 80
208, 81
208, 82
208, 83
208, 84
208, 85
208, 86
208, 87
208, 88
208, 89
208, 90
208, 91
208, 92
208, 93
208, 94
208, 95
208, 96
208, 97
208, 98
208, 99
208, 100
208, 101
208, 102
208, 103
208, 104
208, 105
209, 15
209, 16
209, 17
209, 18
209, 19
209, 20
209, 21
209, 22
209, 23
209, 24
209, 25
209, 26
209, 27
209, 28
209, 29
209, 30
209, 31
209, 32
209, 33
209, 34
209, 35
209, 36
209, 37
209, 38
209, 39
209, 40
209, 41
209, 42
209, 43
209, 44
209, 45
209, 46
209, 47
209, 48
209, 49
209, 50
209, 51
209, 52
209, 53
209, 54
209, 55
209, 56
209, 57
209, 58
209, 59
209, 60
209, 61
209, 62
209, 63
209, 64
209, 65
209, 66
209, 67
209, 68
209, 69
209, 70
209, 71
209, 72
209, 73
209, 74
209, 75
209, 76
209, 77
209, 78
209, 79
209, 80
209, 81
209, 82
209, 83
209, 84
209, 85
209, 86
209, 87
209, 88
209, 89
209, 90
209, 91
209, 92
209, 93
209, 94
209, 95
209, 96
209, 97
209, 98
209, 99
209, 100
209, 101
209, 102
209, 103
209, 104
209, 105
210, 15
210, 16
210, 17
210, 18
210, 19
210, 20
210, 21
210, 22
210, 23
210, 24
210, 25
210, 26
210, 27
210, 28
210, 29
210, 30
210, 31
210, 32
210, 33
210, 34
210, 35
210, 36
210, 37
210, 38
210, 39
210, 40
210, 41
210, 42
210, 43
210, 44
210, 45
210, 46
210, 47
210, 48
210, 49
210, 50
210, 51
210, 52
210, 53
210, 54
210, 55
210, 56
210, 57
210, 58
210, 59
210, 60
210, 61
210, 62
210, 63
210, 64
210, 65
210, 66
210, 67
210, 68
210, 69
210, 70
210, 71
210, 72
210, 73
210, 74
210, 75
210, 76
210, 77
210, 78
210, 79
210, 80
210, 81
210, 82
210, 83
210, 84
210, 85
210, 86
210, 87
210, 88
210, 89
210, 90
210, 91
210, 92
210, 93
210, 94
210, 95
210, 96
210, 97
210, 98
210, 99
210, 100
210, 101
210, 102
210, 103
210, 104
210, 105
211, 15
211, 16
211, 17
211, 18
211, 19
211, 20
211, 21
211, 22
211, 23
211, 24
211, 25
211, 26
211, 27
211, 28
211, 29
211, 30
211, 31
211, 32
211, 33
211, 34
211, 35
211, 36
211, 37
211, 38
211, 39
211, 40
211, 41
211, 42
211, 43
211, 44
211, 45
211, 46
211, 47
211, 48
211, 49
211, 50
211, 51
211, 52
211, 53
211, 54
211, 55
211, 56
211, 57
211, 58
211, 59
211, 60
211, 61
211, 62
211, 63
211, 64
211, 65
211, 66
211, 67
211, 68
211, 69
211, 70
211, 71
211, 72
211, 73
211, 74
211, 75
211, 76
211, 77
211, 78
211, 79
211, 80
211, 81
211, 82
211, 83
211, 84
211, 85
211, 86
211, 87
211, 88
211, 89
211, 90
211, 91
211, 92
211, 93
211, 94
211, 95
211, 96
211, 97
211, 98
211, 99
211, 100
211, 101
211, 102
211, 103
211, 104
211, 105
212, 15
212, 16
212, 17
212, 18
212, 19
212, 20
212, 21
212, 22
212, 23
212, 24
212, 25
212, 26
212, 27
212, 28
212, 29
212, 30
212, 31
212, 32
212, 33
212, 34
212, 35
212, 36
212, 37
212, 38
212, 39
212, 40
212, 41
212, 42
212, 43
212, 44
212, 45
212, 46
212, 47
212, 48
212, 49
212, 50
212, 51
212, 52
212, 53
212, 54
212, 55
212, 56
212, 57
212, 58
212, 59
212, 60
212, 61
212, 62
212, 63
212, 64
212, 65
212, 66
212, 67
212, 68
212, 69
212, 70
212, 71
212, 72
212, 73
212, 74
212, 75
212, 76
212, 77
212, 78
212, 79
212, 80
212, 81
212, 82
212, 83
212, 84
212, 85
212, 86
212, 87
212, 88
212, 89
212, 90
212, 91
212, 92
212, 93
212, 94
212, 95
212, 96
212, 97
212, 98
212, 99
212, 100
212, 101
212, 102
212, 103
212, 104
212, 105
213, 15
213, 16
213, 17
213, 18
213, 19
213, 20
213, 21
213, 22
213, 23
213, 24
213, 25
213, 26
213, 27
213, 28
213, 29
213, 30
213, 31
213, 32
213, 33
213, 34
213, 35
213, 36
213, 37
213, 38
213, 39
213, 40
213, 41
213, 42
213, 43
213, 44
213, 45
213, 46
213, 47
213, 48
213, 49
213, 50
213, 51
213, 52
213, 53
213, 54
213, 55
213, 56
213, 57
213, 58
213, 59
213, 60
213, 61
213, 62
213, 63
213, 64
213, 65
213, 66
213, 67
213, 68
213, 69
213, 70
213, 71
213, 72
213, 73
213, 74
213, 75
213, 76
213, 77
213, 78
213, 79
213, 80
213, 81
213, 82
213, 83
213, 84
213, 85
213, 86
213, 87
213, 88
213, 89
213, 90
213, 91
213, 92
213, 93
213, 94
213, 95
213, 96
213, 97
213, 98
213, 99
213, 100
213, 101
213, 102
213, 103
213, 104
213, 105
214, 15
214, 16
214, 17
214, 18
214, 19
214, 20
214, 21
214, 22
214, 23
214, 24
214, 25
214, 26
214, 27
214, 28
214, 29
214, 30
214, 31
214, 32
214, 33
214, 34
214, 35
214, 36
214, 37
214, 38
214, 39
214, 40
214, 41
214, 42
214, 43
214, 44
214, 45
214, 46
214, 47
214, 48
214, 49
214, 50
214, 51
214, 52
214, 53
214, 54
214, 55
214, 56
214, 57
214, 58
214, 59
214, 60
214, 61
214, 62
214, 63
214, 64
214, 65
214, 66
214, 67
214, 68
214, 69
214, 70
214, 71
214, 72
214, 73
214, 74
214, 75
214, 76
214, 77
214, 78
214, 79
214, 80
214, 81
214, 82
214, 83
214, 84
214, 85
214, 86
214, 87
214, 88
214, 89
214, 90
214, 91
214, 92
214, 93
214, 94
214, 95
214, 96
214, 97
214, 98
214, 99
214, 100
214, 101
214, 102
214, 103
214, 104
214, 105
215, 15
215, 16
215, 17
215, 18
215, 19
215, 20
215, 21
215, 22
215, 23
215, 24
215, 25
215, 26
215, 27
215, 28
215, 29
215, 30
215, 31
215, 32
215, 33
215, 34
215, 35
215, 36
215, 37
215, 38
215, 39
215, 40
215, 41
215, 42
215, 43
215, 44
215, 45
215, 46
215, 47
215, 48
215, 49
215, 50
215, 51
215, 52
215, 53
215, 54
215, 55
215, 56
215, 57
215, 58
215, 59
215, 60
215, 61
215, 62
215, 63
215, 64
215, 65
215, 66
215, 67
215, 68
215, 69
215, 70
215, 71
215, 72
215, 73
215, 74
215, 75
215, 76
215, 77
215, 78
215, 79
215, 80
215, 81
215, 82
215, 83
215, 84
215, 85
215, 86
215, 87
215, 88
215, 89
215, 90
215, 91
215, 92
215, 93
215, 94
215, 95
215, 96
215, 97
215, 98
215, 99
215, 100
215, 101
215, 102
215, 103
215, 104
215, 105
216, 15
216, 16
216, 17
216, 18
216, 19
216, 20
216, 21
216, 22
216, 23
216, 24
216, 25
216, 26
216, 27
216, 28
216, 29
216, 30
216, 31
216, 32
216, 33
216, 34
216, 35
216, 36
216, 37
216, 38
216, 39
216, 40
216, 41
216, 42
216, 43
216, 44
216, 45
216, 46
216, 47
216, 48
216, 49
216, 50
216, 51
216, 52
216, 53
216, 54
216, 55
216, 56
216, 57
216, 58
216, 59
216, 60
216, 61
216, 62
216, 63
216, 64
216, 65
216, 66
216, 67
216, 68
216, 69
216, 70
216, 71
216, 72
216, 73
216, 74
216, 75
216, 76
216, 77
216, 78
216, 79
216, 80
216, 81
216, 82
216, 83
216, 84
216, 85
216, 86
216, 87
216, 88
216, 89
216, 90
216, 91
216, 92
216, 93
216, 94
216, 95
216, 96
216, 97
216, 98
216, 99
216, 100
216, 101
216, 102
216, 103
216, 104
216, 105
217, 15
217, 16
217, 17
217, 18
217, 19
217, 20
217, 21
217, 22
217, 23
217, 24
217, 25
217, 26
217, 27
217, 28
217, 29
217, 30
217, 31
217, 32
217, 33
217, 34
217, 35
217, 36
217, 37
217, 38
217, 39
217, 40
217, 41
217, 42
217, 43
217, 44
217, 45
217, 46
217, 47
217, 48
217, 49
217, 50
217, 51
217, 52
217, 53
217, 54
217, 55
217, 56
217, 57
217, 58
217, 59
217, 60
217, 61
217, 62
217, 63
217, 64
217, 65
217, 66
217, 67
217, 68
217, 69
217, 70
217, 71
217, 72
217, 73
217, 74
217, 75
217, 76
217, 77
217, 78
217, 79
217, 80
217, 81
217, 82
217, 83
217, 84
217, 85
217, 86
217, 87
217, 88
217, 89
217, 90
217, 91
217, 92
217, 93
217, 94
217, 95
217, 96
217, 97
217, 98
217, 99
217, 100
217, 101
217, 102
217, 103
217, 104
217, 105
218, 16
218, 17
218, 18
218, 19
218, 20
218, 21
218, 22
218, 23
218, 24
218, 25
218, 26
218, 27
218, 28
218, 29
218, 30
218, 31
218, 32
218, 33
218, 34
218, 35
218, 36
218, 37
218, 38
218, 39
218, 40
218, 41
218, 42
218, 43
218, 44
218, 45
218, 46
218, 47
218, 48
218, 49
218, 50
218, 51
218, 52
218, 53
218, 54
218, 55
218, 56
218, 57
218, 58
218, 59
218, 60
218, 61
218, 62
218, 63
218, 64
218, 65
218, 66
218, 67
218, 68
218, 69
218, 70
218, 71
218, 72
218, 73
218, 74
218, 75
218, 76
218, 77
218, 78
218, 79
218, 80
218, 81
218, 82
218, 83
218, 84
218, 85
218, 86
218, 87
218, 88
218, 89
218, 90
218, 91
218, 92
218, 93
218, 94
218, 95
218, 96
218, 97
218, 98
218, 99
218, 100
218, 101
218, 102
218, 103
218, 104
218, 105
219, 16
219, 17
219, 18
219, 19
219, 20
219, 21
219, 22
219, 23
219, 24
219, 25
219, 26
219, 27
219, 28
219, 29
219, 30
219, 31
219, 32
219, 33
219, 34
219, 35
219, 36
219, 37
219, 38
219, 39
219, 40
219, 41
219, 42
219, 43
219, 44
219, 45
219, 46
219, 47
219, 48
219, 49
219, 50
219, 51
219, 52
219, 53
219, 54
219, 55
219, 56
219, 57
219, 58
219, 59
219, 60
219, 61
219, 62
219, 63
219, 64
219, 65
219, 66
219, 67
219, 68
219, 69
219, 70
219, 71
219, 72
219, 73
219, 74
219, 75
219, 76
219, 77
219, 78
219, 79
219, 80
219, 81
219, 82
219, 83
219, 84
219, 85
219, 86
219, 87
219, 88
219, 89
219, 90
219, 91
219, 92
219, 93
219, 94
219, 95
219, 96
219, 97
219, 98
219, 99
219, 100
219, 101
219, 102
219, 103
219, 104
220, 16
220, 17
220, 18
220, 19
220, 20
220, 21
220, 22
220, 23
220, 24
220, 25
220, 26
220, 27
220, 28
220, 29
220, 30
220, 31
220, 32
220, 33
220, 34
220, 35
220, 36
220, 37
220, 38
220, 39
220, 40
220, 41
220, 42
220, 43
220, 44
220, 45
220, 46
220, 47
220, 48
220, 49
220, 50
220, 51
220, 52
220, 53
220, 54
220, 55
220, 56
220, 57
220, 58
220, 59
220, 60
220, 61
220, 62
220, 63
220, 64
220, 65
220, 66
220, 67
220, 68
220, 69
220, 70
220, 71
220, 72
220, 73
220, 74
220, 75
220, 76
220, 77
220, 78
220, 79
220, 80
220, 81
220, 82
220, 83
220, 84
220, 85
220, 86
220, 87
220, 88
220, 89
220, 90
220, 91
220, 92
220, 93
220, 94
220, 95
220, 96
220, 97
220, 98
220, 99
220, 100
220, 101
220, 102
220, 103
220, 104
221, 17
221, 18
221, 19
221, 20
221, 21
221, 22
221, 23
221, 24
221, 25
221, 26
221, 27
221, 28
221, 29
221, 30
221, 31
221, 32
221, 33
221, 34
221, 35
221, 36
221, 37
221, 38
221, 39
221, 40
221, 41
221, 42
221, 43
221, 44
221, 45
221, 46
221, 47
221, 48
221, 49
221, 50
221, 51
221, 52
221, 53
221, 54
221, 55
221, 56
221, 57
221, 58
221, 59
221, 60
221, 61
221, 62
221, 63
221, 64
221, 65
221, 66
221, 67
221, 68
221, 69
221, 70
221, 71
221, 72
221, 73
221, 74
221, 75
221, 76
221, 77
221, 78
221, 79
221, 80
221, 81
221, 82
221, 83
221, 84
221, 85
221, 86
221, 87
221, 88
221, 89
221, 90
221, 91
221, 92
221, 93
221, 94
221, 95
221, 96
221, 97
221, 98
221, 99
221, 100
221, 101
221, 102
221, 103
221, 104
222, 17
222, 18
222, 19
222, 20
222, 21
222, 22
222, 23
222, 24
222, 25
222, 26
222, 27
222, 28
222, 29
222, 30
222, 31
222, 32
222, 33
222, 34
222, 35
222, 36
222, 37
222, 38
222, 39
222, 40
222, 41
222, 42
222, 43
222, 44
222, 45
222, 46
222, 47
222, 48
222, 49
222, 50
222, 51
222, 52
222, 53
222, 54
222, 55
222, 56
222, 57
222, 58
222, 59
222, 60
222, 61
222, 62
222, 63
222, 64
222, 65
222, 66
222, 67
222, 68
222, 69
222, 70
222, 71
222, 72
222, 73
222, 74
222, 75
222, 76
222, 77
222, 78
222, 79
222, 80
222, 81
222, 82
222, 83
222, 84
222, 85
222, 86
222, 87
222, 88
222, 89
222, 90
222, 91
222, 92
222, 93
222, 94
222, 95
222, 96
222, 97
222, 98
222, 99
222, 100
222, 101
222, 102
222, 103
223, 18
223, 19
223, 20
223, 21
223, 22
223, 23
223, 24
223, 25
223, 26
223, 27
223, 28
223, 29
223, 30
223, 31
223, 32
223, 33
223, 34
223, 35
223, 36
223, 37
223, 38
223, 39
223, 40
223, 41
223, 42
223, 43
223, 44
223, 45
223, 46
223, 47
223, 48
223, 49
223, 50
223, 51
223, 52
223, 53
223, 54
223, 55
223, 56
223, 57
223, 58
223, 59
223, 60
223, 61
223, 62
223, 63
223, 64
223, 65
223, 66
223, 67
223, 68
223, 69
223, 70
223, 71
223, 72
223, 73
223, 74
223, 75
223, 76
223, 77
223, 78
223, 79
223, 80
223, 81
223, 82
223, 83
223, 84
223, 85
223, 86
223, 87
223, 88
223, 89
223, 90
223, 91
223, 92
223, 93
223, 94
223, 95
223, 96
223, 97
223, 98
223, 99
223, 100
224, 20
224, 21
224, 22
224, 23
224, 24
224, 25
224, 26
224, 27
224, 28
224, 29
224, 30
224, 31
224, 32
224, 33
224, 34
224, 35
224, 36
224, 37
224, 38
224, 39
224, 40
224, 41
224, 42
224, 43
224, 44
224, 45
224, 46
224, 47
224, 48
224, 49
224, 50
224, 51
224, 52
224, 53
224, 54
224, 55
224, 56
224, 57
224, 58
224, 59
224, 60
224, 61
224, 62
224, 63
224, 64
224, 65
224, 66
224, 67
224, 68
224, 69
224, 70
224, 71
224, 72
224, 73
224, 74
224, 75
224, 76
224, 77
224, 78
224, 79
224, 80
224, 81
224, 82
224, 83
224, 84
224, 85
224, 86
224, 87
224, 88
224, 89
224, 90
224, 91
224, 92
224, 93
224, 94
224, 95
224, 96
225, 23
225, 24
225, 25
225, 26
225, 27
225, 28
225, 29
225, 30
225, 31
225, 32
225, 33
225, 34
225, 35
225, 36
225, 37
225, 38
225, 39
225, 40
225, 41
225, 42
225, 43
225, 44
225, 45
225, 46
225, 47
225, 48
225, 49
225, 50
225, 51
225, 52
225, 53
225, 54
225, 55
225, 56
225, 57
225, 58
225, 59
225, 60
225, 61
225, 62
225, 63
225, 64
225, 65
225, 66
225, 67
225, 68
225, 69
225, 70
225, 71
225, 72
225, 73
225, 74
225, 75
225, 76
225, 77
225, 78
225, 79
225, 80
225, 81
225, 82
225, 83
225, 84
225, 85
225, 86
225, 87
225, 88
225, 89
225, 90
225, 91
225, 92
225, 93
226, 30
226, 31
226, 32
226, 33
226, 34
226, 35
226, 36
226, 37
226, 38
226, 39
226, 40
226, 41
226, 42
226, 43
226, 44
226, 45
226, 46
226, 47
226, 48
226, 49
226, 50
226, 51
226, 52
226, 53
226, 54
226, 55
226, 56
226, 57
226, 58
226, 59
226, 60
226, 61
226, 62
226, 63
226, 64
226, 65
226, 66
226, 67
226, 68
226, 69
226, 70
226, 71
226, 72
226, 73
226, 74
226, 75
226, 76
226, 77
226, 78
226, 79
226, 80
226, 81
226, 82
226, 83
226, 84
226, 85
226, 86
226, 87
226, 88
226, 89
227, 34
227, 35
227, 36
227, 37
227, 38
227, 39
227, 40
227, 41
227, 42
227, 43
227, 44
227, 45
227, 46
227, 47
227, 48
227, 49
227, 50
227, 51
227, 52
227, 53
227, 54
227, 55
227, 56
227, 57
227, 58
227, 59
227, 60
227, 61
227, 62
227, 63
227, 64
227, 65
227, 66
227, 67
227, 68
227, 69
227, 70
227, 71
227, 72
227, 73
227, 74
227, 75
227, 76
227, 77
227, 78
227, 79
227, 80
227, 81
227, 82
227, 83
227, 84
227, 85
228, 38
228, 39
228, 40
228, 41
228, 42
228, 43
228, 44
228, 45
228, 46
228, 47
228, 48
228, 49
228, 50
228, 51
228, 52
228, 53
228, 54
228, 55
228, 56
228, 57
228, 58
228, 59
228, 60
228, 61
228, 62
228, 63
228, 64
228, 65
228, 66
228, 67
228, 68
228, 69
228, 70
228, 71
228, 72
228, 73
228, 74
228, 75
228, 76
228, 77
228, 78
228, 79
228, 80
228, 81
228, 82
228, 83
229, 41
229, 42
229, 43
229, 44
229, 45
229, 46
229, 47
229, 48
229, 49
229, 50
229, 51
229, 52
229, 53
229, 54
229, 55
229, 56
229, 57
229, 58
229, 59
229, 60
229, 61
229, 62
229, 63
229, 64
229, 65
229, 66
229, 67
229, 68
229, 69
229, 70
229, 71
229, 72
229, 73
229, 74
229, 75
229, 76
229, 77
229, 78
229, 79
229, 80
230, 45
230, 46
230, 47
230, 48
230, 49
230, 50
230, 51
230, 52
230, 53
230, 54
230, 55
230, 56
230, 57
230, 58
230, 59
230, 60
230, 61
230, 62
230, 63
230, 64
230, 65
230, 66
230, 67
230, 68
230, 69
230, 70
230, 71
230, 72
230, 73
230, 74
230, 75
230, 76
230, 77
230, 78
230, 79
231, 48
231, 49
231, 50
231, 51
231, 52
231, 53
231, 54
231, 55
231, 56
231, 57
231, 58
231, 59
231, 60
231, 61
231, 62
231, 63
231, 64
231, 65
231, 66
231, 67
231, 68
231, 69
231, 70
231, 71
231, 72
231, 73
231, 74
231, 75
231, 76
232, 59
232, 60
232, 61
232, 62
232, 63
232, 64
232, 65
232, 66
