175, 69
176, 65
176, 66
176, 67
176, 68
176, 69
176, 70
177, 32
177, 33
177, 34
177, 35
177, 65
177, 66
177, 67
177, 68
177, 69
177, 70
178, 31
178, 32
178, 33
178, 34
178, 35
178, 36
178, 37
178, 64
178, 65
178, 66
178, 67
178, 68
178, 69
178, 70
179, 30
179, 31
179, 32
179, 33
179, 34
179, 35
179, 36
179, 37
179, 38
179, 63
179, 64
179, 65
179, 66
179, 67
179, 68
179, 69
179, 70
179, 71
180, 30
180, 31
180, 32
180, 33
180, 34
180, 35
180, 36
180, 37
180, 38
180, 39
180, 40
180, 41
180, 42
180, 43
180, 60
180, 61
180, 62
180, 63
180, 64
180, 65
180, 66
180, 67
180, 68
180, 69
180, 70
180, 71
181, 30
181, 31
181, 32
181, 33
181, 34
181, 35
181, 36
181, 37
181, 38
181, 39
181, 40
181, 41
181, 42
181, 43
181, 44
181, 45
181, 46
181, 47
181, 48
181, 49
181, 50
181, 51
181, 52
181, 56
181, 57
181, 58
181, 59
181, 60
181, 61
181, 62
181, 63
181, 64
181, 65
181, 66
181, 67
181, 68
181, 69
181, 70
181, 71
182, 29
182, 30
182, 31
182, 32
182, 33
182, 34
182, 35
182, 36
182, 37
182, 38
182, 39
182, 40
182, 41
182, 42
182, 43
182, 44
182, 45
182, 46
182, 47
182, 48
182, 49
182, 50
182, 51
182, 52
182, 53
182, 54
182, 55
182, 56
182, 57
182, 58
182, 59
182, 60
182, 61
182, 62
182, 63
182, 64
182, 65
182, 66
182, 67
182, 68
182, 69
182, 70
182, 71
183, 29
183, 30
183, 31
183, 32
183, 33
183, 34
183, 35
183, 36
183, 37
183, 38
183, 39
183, 40
183, 41
183, 42
183, 43
183, 44
183, 45
183, 46
183, 47
183, 48
183, 49
183, 50
183, 51
183, 52
183, 53
183, 54
183, 55
183, 56
183, 57
183, 58
183, 59
183, 60
183, 61
183, 62
183, 63
183, 64
183, 65
183, 66
183, 67
183, 68
183, 69
183, 70
183, 71
184, 29
184, 30
184, 31
184, 32
184, 33
184, 34
184, 35
184, 36
184, 37
184, 38
184, 39
184, 40
184, 41
184, 42
184, 43
184, 44
184, 45
184, 46
184, 47
184, 48
184, 49
184, 50
184, 51
184, 52
184, 53
184, 54
184, 55
184, 56
184, 57
184, 58
184, 59
184, 60
184, 61
184, 62
184, 63
184, 64
184, 65
184, 66
184, 67
184, 68
184, 69
184, 70
184, 71
185, 29
185, 30
185, 31
185, 32
185, 33
185, 34
185, 35
185, 36
185, 37
185, 38
185, 39
185, 40
185, 41
185, 42
185, 43
185, 44
185, 45
185, 46
185, 47
185, 48
185, 49
185, 50
185, 51
185, 52
185, 53
185, 54
185, 55
185, 56
185, 57
185, 58
185, 59
185, 60
185, 61
185, 62
185, 63
185, 64
185, 65
185, 66
185, 67
185, 68
185, 69
185, 70
185, 71
186, 29
186, 30
186, 31
186, 32
186, 33
186, 34
186, 35
186, 36
186, 37
186, 38
186, 39
186, 40
186, 41
186, 42
186, 43
186, 44
186, 45
186, 46
186, 47
186, 48
186, 49
186, 50
186, 51
186, 52
186, 53
186, 54
186, 55
186, 56
186, 57
186, 58
186, 59
186, 60
186, 61
186, 62
186, 63
186, 64
186, 65
186, 66
186, 67
186, 68
186, 69
186, 70
186, 71
187, 29
187, 30
187, 31
187, 32
187, 33
187, 34
187, 35
187, 36
187, 37
187, 38
187, 39
187, 40
187, 41
187, 42
187, 43
187, 44
187, 45
187, 46
187, 47
187, 48
187, 49
187, 50
187, 51
187, 52
187, 53
187, 54
187, 55
187, 56
187, 57
187, 58
187, 59
187, 60
187, 61
187, 62
187, 63
187, 64
187, 65
187, 66
187, 67
187, 68
187, 69
187, 70
187, 71
188, 29
188, 30
188, 31
188, 32
188, 33
188, 34
188, 35
188, 36
188, 37
188, 38
188, 39
188, 40
188, 41
188, 42
188, 43
188, 44
188, 45
188, 46
188, 47
188, 48
188, 49
188, 50
188, 51
188, 52
188, 53
188, 54
188, 55
188, 56
188, 57
188, 58
188, 59
188, 60
188, 61
188, 62
188, 63
188, 64
188, 65
188, 66
188, 67
188, 68
188, 69
188, 70
188, 71
189, 29
189, 30
189, 31
189, 32
189, 33
189, 34
189, 35
189, 36
189, 37
189, 38
189, 39
189, 40
189, 41
189, 42
189, 43
189, 44
189, 45
189, 46
189, 47
189, 48
189, 49
189, 50
189, 51
189, 52
189, 53
189, 54
189, 55
189, 56
189, 57
189, 58
189, 59
189, 60
189, 61
189, 62
189, 63
189, 64
189, 65
189, 66
189, 67
189, 68
189, 69
189, 70
189, 71
190, 28
190, 29
190, 30
190, 31
190, 32
190, 33
190, 34
190, 35
190, 36
190, 37
190, 38
190, 39
190, 40
190, 41
190, 42
190, 43
190, 44
190, 45
190, 46
190, 47
190, 48
190, 49
190, 50
190, 51
190, 52
190, 53
190, 54
190, 55
190, 56
190, 57
190, 58
190, 59
190, 60
190, 61
190, 62
190, 63
190, 64
190, 65
190, 66
190, 67
190, 68
190, 69
190, 70
190, 71
191, 28
191, 29
191, 30
191, 31
191, 32
191, 33
191, 34
191, 35
191, 36
191, 37
191, 38
191, 39
191, 40
191, 41
191, 42
191, 43
191, 44
191, 45
191, 46
191, 47
191, 48
191, 49
191, 50
191, 51
191, 52
191, 53
191, 54
191, 55
191, 56
191, 57
191, 58
191, 59
191, 60
191, 61
191, 62
191, 63
191, 64
191, 65
191, 66
191, 67
191, 68
191, 69
191, 70
191, 71
192, 28
192, 29
192, 30
192, 31
192, 32
192, 33
192, 34
192, 35
192, 36
192, 37
192, 38
192, 39
192, 40
192, 41
192, 42
192, 43
192, 44
192, 45
192, 46
192, 47
192, 48
192, 49
192, 50
192, 51
192, 52
192, 53
192, 54
192, 55
192, 56
192, 57
192, 58
192, 59
192, 60
192, 61
192, 62
192, 63
192, 64
192, 65
192, 66
192, 67
192, 68
192, 69
192, 70
192, 71
193, 28
193, 29
193, 30
193, 31
193, 32
193, 33
193, 34
193, 35
193, 36
193, 37
193, 38
193, 39
193, 40
193, 41
193, 42
193, 43
193, 44
193, 45
193, 46
193, 47
193, 48
193, 49
193, 50
193, 51
193, 52
193, 53
193, 54
193, 55
193, 56
193, 57
193, 58
193, 59
193, 60
193, 61
193, 62
193, 63
193, 64
193, 65
193, 66
193, 67
193, 68
193, 69
193, 70
193, 71
194, 28
194, 29
194, 30
194, 31
194, 32
194, 33
194, 34
194, 35
194, 36
194, 37
194, 38
194, 39
194, 40
194, 41
194, 42
194, 43
194, 44
194, 45
194, 46
194, 47
194, 48
194, 49
194, 50
194, 51
194, 52
194, 53
194, 54
194, 55
194, 56
194, 57
194, 58
194, 59
194, 60
194, 61
194, 62
194, 63
194, 64
194, 65
194, 66
194, 67
194, 68
194, 69
194, 70
194, 71
195, 28
195, 29
195, 30
195, 31
195, 32
195, 33
195, 34
195, 35
195, 36
195, 37
195, 38
195, 39
195, 40
195, 41
195, 42
195, 43
195, 44
195, 45
195, 46
195, 47
195, 48
195, 49
195, 50
195, 51
195, 52
195, 53
195, 54
195, 55
195, 56
195, 57
195, 58
195, 59
195, 60
195, 61
195, 62
195, 63
195, 64
195, 65
195, 66
195, 67
195, 68
195, 69
195, 70
195, 71
196, 28
196, 29
196, 30
196, 31
196, 32
196, 33
196, 34
196, 35
196, 36
196, 37
196, 38
196, 39
196, 40
196, 41
196, 42
196, 43
196, 44
196, 45
196, 46
196, 47
196, 48
196, 49
196, 50
196, 51
196, 52
196, 53
196, 54
196, 55
196, 56
196, 57
196, 58
196, 59
196, 60
196, 61
196, 62
196, 63
196, 64
196, 65
196, 66
196, 67
196, 68
196, 69
196, 70
196, 71
197, 28
197, 29
197, 30
197, 31
197, 32
197, 33
197, 34
197, 35
197, 36
197, 37
197, 38
197, 39
197, 40
197, 41
197, 42
197, 43
197, 44
197, 45
197, 46
197, 47
197, 48
197, 49
197, 50
197, 51
197, 52
197, 53
197, 54
197, 55
197, 56
197, 57
197, 58
197, 59
197, 60
197, 61
197, 62
197, 63
197, 64
197, 65
197, 66
197, 67
197, 68
197, 69
197, 70
197, 71
198, 28
198, 29
198, 30
198, 31
198, 32
198, 33
198, 34
198, 35
198, 36
198, 37
198, 38
198, 39
198, 40
198, 41
198, 42
198, 43
198, 44
198, 45
198, 46
198, 47
198, 48
198, 49
198, 50
198, 51
198, 52
198, 53
198, 54
198, 55
198, 56
198, 57
198, 58
198, 59
198, 60
198, 61
198, 62
198, 63
198, 64
198, 65
198, 66
198, 67
198, 68
198, 69
198, 70
198, 71
199, 28
199, 29
199, 30
199, 31
199, 32
199, 33
199, 34
199, 35
199, 36
199, 37
199, 38
199, 39
199, 40
199, 41
199, 42
199, 43
199, 44
199, 45
199, 46
199, 47
199, 48
199, 49
199, 50
199, 51
199, 52
199, 53
199, 54
199, 55
199, 56
199, 57
199, 58
199, 59
199, 60
199, 61
199, 62
199, 63
199, 64
199, 65
199, 66
199, 67
199, 68
199, 69
199, 70
199, 71
200, 28
200, 29
200, 30
200, 31
200, 32
200, 33
200, 34
200, 35
200, 36
200, 37
200, 38
200, 39
200, 40
200, 41
200, 42
200, 43
200, 44
200, 45
200, 46
200, 47
200, 48
200, 49
200, 50
200, 51
200, 52
200, 53
200, 54
200, 55
200, 56
200, 57
200, 58
200, 59
200, 60
200, 61
200, 62
200, 63
200, 64
200, 65
200, 66
200, 67
200, 68
200, 69
200, 70
200, 71
201, 27
201, 28
201, 29
201, 30
201, 31
201, 32
201, 33
201, 34
201, 35
201, 36
201, 37
201, 38
201, 39
201, 40
201, 41
201, 42
201, 43
201, 44
201, 45
201, 46
201, 47
201, 48
201, 49
201, 50
201, 51
201, 52
201, 53
201, 54
201, 55
201, 56
201, 57
201, 58
201, 59
201, 60
201, 61
201, 62
201, 63
201, 64
201, 65
201, 66
201, 67
201, 68
201, 69
201, 70
201, 71
202, 27
202, 28
202, 29
202, 30
202, 31
202, 32
202, 33
202, 34
202, 35
202, 36
202, 37
202, 38
202, 39
202, 40
202, 41
202, 42
202, 43
202, 44
202, 45
202, 46
202, 47
202, 48
202, 49
202, 50
202, 51
202, 52
202, 53
202, 54
202, 55
202, 56
202, 57
202, 58
202, 59
202, 60
202, 61
202, 62
202, 63
202, 64
202, 65
202, 66
202, 67
202, 68
202, 69
202, 70
202, 71
203, 27
203, 28
203, 29
203, 30
203, 31
203, 32
203, 33
203, 34
203, 35
203, 36
203, 37
203, 38
203, 39
203, 40
203, 41
203, 42
203, 43
203, 44
203, 45
203, 46
203, 47
203, 48
203, 49
203, 50
203, 51
203, 52
203, 53
203, 54
203, 55
203, 56
203, 57
203, 58
203, 59
203, 60
203, 61
203, 62
203, 63
203, 64
203, 65
203, 66
203, 67
203, 68
203, 69
203, 70
203, 71
204, 27
204, 28
204, 29
204, 30
204, 31
204, 32
204, 33
204, 34
204, 35
204, 36
204, 37
204, 38
204, 39
204, 40
204, 41
204, 42
204, 43
204, 44
204, 45
204, 46
204, 47
204, 48
204, 49
204, 50
204, 51
204, 52
204, 53
204, 54
204, 55
204, 56
204, 57
204, 58
204, 59
204, 60
204, 61
204, 62
204, 63
204, 64
204, 65
204, 66
204, 67
204, 68
204, 69
204, 70
204, 71
205, 27
205, 28
205, 29
205, 30
205, 31
205, 32
205, 33
205, 34
205, 35
205, 36
205, 37
205, 38
205, 39
205, 40
205, 41
205, 42
205, 43
205, 44
205, 45
205, 46
205, 47
205, 48
205, 49
205, 50
205, 51
205, 52
205, 53
205, 54
205, 55
205, 56
205, 57
205, 58
205, 59
205, 60
205, 61
205, 62
205, 63
205, 64
205, 65
205, 66
205, 67
205, 68
205, 69
205, 70
205, 71
206, 27
206, 28
206, 29
206, 30
206, 31
206, 32
206, 33
206, 34
206, 35
206, 36
206, 37
206, 38
206, 39
206, 40
206, 41
206, 42
206, 43
206, 44
206, 45
206, 46
206, 47
206, 48
206, 49
206, 50
206, 51
206, 52
206, 53
206, 54
206, 55
206, 56
206, 57
206, 58
206, 59
206, 60
206, 61
206, 62
206, 63
206, 64
206, 65
206, 66
206, 67
206, 68
206, 69
206, 70
206, 71
207, 27
207, 28
207, 29
207, 30
207, 31
207, 32
207, 33
207, 34
207, 35
207, 36
207, 37
207, 38
207, 39
207, 40
207, 41
207, 42
207, 43
207, 44
207, 45
207, 46
207, 47
207, 48
207, 49
207, 50
207, 51
207, 52
207, 53
207, 54
207, 55
207, 56
207, 57
207, 58
207, 59
207, 60
207, 61
207, 62
207, 63
207, 64
207, 65
207, 66
207, 67
207, 68
207, 69
207, 70
207, 71
208, 27
208, 28
208, 29
208, 30
208, 31
208, 32
208, 33
208, 34
208, 35
208, 36
208, 37
208, 38
208, 39
208, 40
208, 41
208, 42
208, 43
208, 44
208, 45
208, 46
208, 47
208, 48
208, 49
208, 50
208, 51
208, 52
208, 53
208, 54
208, 55
208, 56
208, 57
208, 58
208, 59
208, 60
208, 61
208, 62
208, 63
208, 64
208, 65
208, 66
208, 67
208, 68
208, 69
208, 70
209, 27
209, 28
209, 29
209, 30
209, 31
209, 32
209, 33
209, 34
209, 35
209, 36
209, 37
209, 38
209, 39
209, 40
209, 41
209, 42
209, 43
209, 44
209, 45
209, 46
209, 47
209, 48
209, 49
209, 50
209, 51
209, 52
209, 53
209, 54
209, 55
209, 56
209, 57
209, 58
209, 59
209, 60
209, 61
209, 62
209, 63
209, 64
209, 65
209, 66
209, 67
209, 68
209, 69
209, 70
210, 27
210, 28
210, 29
210, 30
210, 31
210, 32
210, 33
210, 34
210, 35
210, 36
210, 37
210, 38
210, 39
210, 40
210, 41
210, 42
210, 43
210, 44
210, 45
210, 46
210, 47
210, 48
210, 49
210, 50
210, 51
210, 52
210, 53
210, 54
210, 55
210, 56
210, 57
210, 58
210, 59
210, 60
210, 61
210, 62
210, 63
210, 64
210, 65
210, 66
210, 67
210, 68
210, 69
210, 70
211, 27
211, 28
211, 29
211, 30
211, 31
211, 32
211, 33
211, 34
211, 35
211, 36
211, 37
211, 38
211, 39
211, 40
211, 41
211, 42
211, 43
211, 44
211, 45
211, 46
211, 47
211, 48
211, 49
211, 50
211, 51
211, 52
211, 53
211, 54
211, 55
211, 56
211, 57
211, 58
211, 59
211, 60
211, 61
211, 62
211, 63
211, 64
211, 65
211, 66
211, 67
211, 68
211, 69
211, 70
212, 27
212, 28
212, 29
212, 30
212, 31
212, 32
212, 33
212, 34
212, 35
212, 36
212, 37
212, 38
212, 39
212, 40
212, 41
212, 42
212, 43
212, 44
212, 45
212, 46
212, 47
212, 48
212, 49
212, 50
212, 51
212, 52
212, 53
212, 54
212, 55
212, 56
212, 57
212, 58
212, 59
212, 60
212, 61
212, 62
212, 63
212, 64
212, 65
212, 66
212, 67
212, 68
212, 69
212, 70
213, 27
213, 28
213, 29
213, 30
213, 31
213, 32
213, 33
213, 34
213, 35
213, 36
213, 37
213, 38
213, 39
213, 40
213, 41
213, 42
213, 43
213, 44
213, 45
213, 46
213, 47
213, 48
213, 49
213, 50
213, 51
213, 52
213, 53
213, 54
213, 55
213, 56
213, 57
213, 58
213, 59
213, 60
213, 61
213, 62
213, 63
213, 64
213, 65
213, 66
213, 67
213, 68
213, 69
213, 70
214, 27
214, 28
214, 29
214, 30
214, 31
214, 32
214, 33
214, 34
214, 35
214, 36
214, 37
214, 38
214, 39
214, 40
214, 41
214, 42
214, 43
214, 44
214, 45
214, 46
214, 47
214, 48
214, 49
214, 50
214, 51
214, 52
214, 53
214, 54
214, 55
214, 56
214, 57
214, 58
214, 59
214, 60
214, 61
214, 62
214, 63
214, 64
214, 65
214, 66
214, 67
214, 68
214, 69
214, 70
215, 27
215, 28
215, 29
215, 30
215, 31
215, 32
215, 33
215, 34
215, 35
215, 36
215, 37
215, 38
215, 39
215, 40
215, 41
215, 42
215, 43
215, 44
215, 45
215, 46
215, 47
215, 48
215, 49
215, 50
215, 51
215, 52
215, 53
215, 54
215, 55
215, 56
215, 57
215, 58
215, 59
215, 60
215, 61
215, 62
215, 63
215, 64
215, 65
215, 66
215, 67
215, 68
215, 69
215, 70
216, 27
216, 28
216, 29
216, 30
216, 31
216, 32
216, 33
216, 34
216, 35
216, 36
216, 37
216, 38
216, 39
216, 40
216, 41
216, 42
216, 43
216, 44
216, 45
216, 46
216, 47
216, 48
216, 49
216, 50
216, 51
216, 52
216, 53
216, 54
216, 55
216, 56
216, 57
216, 58
216, 59
216, 60
216, 61
216, 62
216, 63
216, 64
216, 65
216, 66
216, 67
216, 68
216, 69
216, 70
217, 27
217, 28
217, 29
217, 30
217, 31
217, 32
217, 33
217, 34
217, 35
217, 36
217, 37
217, 38
217, 39
217, 40
217, 41
217, 42
217, 43
217, 44
217, 45
217, 46
217, 47
217, 48
217, 49
217, 50
217, 51
217, 52
217, 53
217, 54
217, 55
217, 56
217, 57
217, 58
217, 59
217, 60
217, 61
217, 62
217, 63
217, 64
217, 65
217, 66
217, 67
217, 68
217, 69
218, 26
218, 27
218, 28
218, 29
218, 30
218, 31
218, 32
218, 33
218, 34
218, 35
218, 36
218, 37
218, 38
218, 39
218, 40
218, 41
218, 42
218, 43
218, 44
218, 45
218, 46
218, 47
218, 48
218, 49
218, 50
218, 51
218, 52
218, 53
218, 54
218, 55
218, 56
218, 57
218, 58
218, 59
218, 60
218, 61
218, 62
218, 63
218, 64
218, 65
218, 66
218, 67
218, 68
218, 69
219, 26
219, 27
219, 28
219, 29
219, 30
219, 31
219, 32
219, 33
219, 34
219, 35
219, 36
219, 37
219, 38
219, 39
219, 40
219, 41
219, 42
219, 43
219, 44
219, 45
219, 46
219, 47
219, 48
219, 49
219, 50
219, 51
219, 52
219, 53
219, 54
219, 55
219, 56
219, 57
219, 58
219, 59
219, 60
219, 61
219, 62
219, 63
219, 64
219, 65
219, 66
219, 67
219, 68
219, 69
220, 26
220, 27
220, 28
220, 29
220, 30
220, 31
220, 32
220, 33
220, 34
220, 35
220, 36
220, 37
220, 38
220, 39
220, 40
220, 41
220, 42
220, 43
220, 44
220, 45
220, 46
220, 47
220, 48
220, 49
220, 50
220, 51
220, 52
220, 53
220, 54
220, 55
220, 56
220, 57
220, 58
220, 59
220, 60
220, 61
220, 62
220, 63
220, 64
220, 65
220, 66
220, 67
220, 68
220, 69
221, 26
221, 27
221, 28
221, 29
221, 30
221, 31
221, 32
221, 33
221, 34
221, 35
221, 36
221, 37
221, 38
221, 39
221, 40
221, 41
221, 42
221, 43
221, 44
221, 45
221, 46
221, 47
221, 48
221, 49
221, 50
221, 51
221, 52
221, 53
221, 54
221, 55
221, 56
221, 57
221, 58
221, 59
221, 60
221, 61
221, 62
221, 63
221, 64
221, 65
221, 66
221, 67
221, 68
221, 69
222, 26
222, 27
222, 28
222, 29
222, 30
222, 31
222, 32
222, 33
222, 34
222, 35
222, 36
222, 37
222, 38
222, 39
222, 40
222, 41
222, 42
222, 43
222, 44
222, 45
222, 46
222, 47
222, 48
222, 49
222, 50
222, 51
222, 52
222, 53
222, 54
222, 55
222, 56
222, 57
222, 58
222, 59
222, 60
222, 61
222, 62
222, 63
222, 64
222, 65
222, 66
222, 67
222, 68
223, 26
223, 27
223, 28
223, 29
223, 30
223, 31
223, 32
223, 33
223, 34
223, 35
223, 36
223, 37
223, 38
223, 39
223, 40
223, 41
223, 42
223, 43
223, 44
223, 45
223, 46
223, 47
223, 48
223, 49
223, 50
223, 51
223, 52
223, 53
223, 54
223, 55
223, 56
223, 57
223, 58
223, 59
223, 60
223, 61
223, 62
223, 63
223, 64
223, 65
223, 66
223, 67
223, 68
224, 26
224, 27
224, 28
224, 29
224, 30
224, 31
224, 32
224, 33
224, 34
224, 35
224, 36
224, 37
224, 38
224, 39
224, 40
224, 41
224, 42
224, 43
224, 44
224, 45
224, 46
224, 47
224, 48
224, 49
224, 50
224, 51
224, 52
224, 53
224, 54
224, 55
224, 56
224, 57
224, 58
224, 59
224, 60
224, 61
224, 62
224, 63
224, 64
224, 65
224, 66
224, 67
224, 68
225, 26
225, 27
225, 28
225, 29
225, 30
225, 31
225, 32
225, 33
225, 34
225, 35
225, 36
225, 37
225, 38
225, 39
225, 40
225, 41
225, 42
225, 43
225, 44
225, 45
225, 46
225, 47
225, 48
225, 49
225, 50
225, 51
225, 52
225, 53
225, 54
225, 55
225, 56
225, 57
225, 58
225, 59
225, 60
225, 61
225, 62
225, 63
225, 64
225, 65
225, 66
225, 67
225, 68
226, 26
226, 27
226, 28
226, 29
226, 30
226, 31
226, 32
226, 33
226, 34
226, 35
226, 36
226, 37
226, 38
226, 39
226, 40
226, 41
226, 42
226, 43
226, 44
226, 45
226, 46
226, 47
226, 48
226, 49
226, 50
226, 51
226, 52
226, 53
226, 54
226, 55
226, 56
226, 57
226, 58
226, 59
226, 60
226, 61
226, 62
226, 63
226, 64
226, 65
226, 66
226, 67
226, 68
227, 26
227, 27
227, 28
227, 29
227, 30
227, 31
227, 32
227, 33
227, 34
227, 35
227, 36
227, 37
227, 38
227, 39
227, 40
227, 41
227, 42
227, 43
227, 44
227, 45
227, 46
227, 47
227, 48
227, 49
227, 50
227, 51
227, 52
227, 53
227, 54
227, 55
227, 56
227, 57
227, 58
227, 59
227, 60
227, 61
227, 62
227, 63
227, 64
227, 65
227, 66
227, 67
228, 26
228, 27
228, 28
228, 29
228, 30
228, 31
228, 32
228, 33
228, 34
228, 35
228, 36
228, 37
228, 38
228, 39
228, 40
228, 41
228, 42
228, 43
228, 44
228, 45
228, 46
228, 47
228, 48
228, 49
228, 50
228, 51
228, 52
228, 53
228, 54
228, 55
228, 56
228, 57
228, 58
228, 59
228, 60
228, 61
228, 62
228, 63
228, 64
228, 65
228, 66
228, 67
229, 26
229, 27
229, 28
229, 29
229, 30
229, 31
229, 32
229, 33
229, 34
229, 35
229, 36
229, 37
229, 38
229, 39
229, 40
229, 41
229, 42
229, 43
229, 44
229, 45
229, 46
229, 47
229, 48
229, 49
229, 50
229, 51
229, 52
229, 53
229, 54
229, 55
229, 56
229, 57
229, 58
229, 59
229, 60
229, 61
229, 62
229, 63
229, 64
229, 65
229, 66
229, 67
230, 26
230, 27
230, 28
230, 29
230, 30
230, 31
230, 32
230, 33
230, 34
230, 35
230, 36
230, 37
230, 38
230, 39
230, 40
230, 41
230, 42
230, 43
230, 44
230, 45
230, 46
230, 47
230, 48
230, 49
230, 50
230, 51
230, 52
230, 53
230, 54
230, 55
230, 56
230, 57
230, 58
230, 59
230, 60
230, 61
230, 62
230, 63
230, 64
230, 65
230, 66
231, 26
231, 27
231, 28
231, 29
231, 30
231, 31
231, 32
231, 33
231, 34
231, 35
231, 36
231, 37
231, 38
231, 39
231, 40
231, 41
231, 42
231, 43
231, 44
231, 45
231, 46
231, 47
231, 48
231, 49
231, 50
231, 51
231, 52
231, 53
231, 54
231, 55
231, 56
231, 57
231, 58
231, 59
231, 60
231, 61
231, 62
231, 63
231, 64
231, 65
231, 66
232, 25
232, 26
232, 27
232, 28
232, 29
232, 30
232, 31
232, 32
232, 33
232, 34
232, 35
232, 36
232, 37
232, 38
232, 39
232, 40
232, 41
232, 42
232, 43
232, 44
232, 45
232, 46
232, 47
232, 48
232, 49
232, 50
232, 51
232, 52
232, 53
232, 54
232, 55
232, 56
232, 57
232, 58
232, 59
232, 60
232, 61
232, 62
232, 63
232, 64
232, 65
232, 66
233, 25
233, 26
233, 27
233, 28
233, 29
233, 30
233, 31
233, 32
233, 33
233, 34
233, 35
233, 36
233, 37
233, 38
233, 39
233, 40
233, 41
233, 42
233, 43
233, 44
233, 45
233, 46
233, 47
233, 48
233, 49
233, 50
233, 51
233, 52
233, 53
233, 54
233, 55
233, 56
233, 57
233, 58
233, 59
233, 60
233, 61
233, 62
233, 63
233, 64
233, 65
233, 66
234, 25
234, 26
234, 27
234, 28
234, 29
234, 30
234, 31
234, 32
234, 33
234, 34
234, 35
234, 36
234, 37
234, 38
234, 39
234, 40
234, 41
234, 42
234, 43
234, 44
234, 45
234, 46
234, 47
234, 48
234, 49
234, 50
234, 51
234, 52
234, 53
234, 54
234, 55
234, 56
234, 57
234, 58
234, 59
234, 60
234, 61
234, 62
234, 63
234, 64
234, 65
235, 25
235, 26
235, 27
235, 28
235, 29
235, 30
235, 31
235, 32
235, 33
235, 34
235, 35
235, 36
235, 37
235, 38
235, 39
235, 40
235, 41
235, 42
235, 43
235, 44
235, 45
235, 46
235, 47
235, 48
235, 49
235, 50
235, 51
235, 52
235, 53
235, 54
235, 55
235, 56
235, 57
235, 58
235, 59
235, 60
235, 61
235, 62
235, 63
235, 64
235, 65
236, 25
236, 26
236, 27
236, 28
236, 29
236, 30
236, 31
236, 32
236, 33
236, 34
236, 35
236, 36
236, 37
236, 38
236, 39
236, 40
236, 41
236, 42
236, 43
236, 44
236, 45
236, 46
236, 47
236, 48
236, 49
236, 50
236, 51
236, 52
236, 53
236, 54
236, 55
236, 56
236, 57
236, 58
236, 59
236, 60
236, 61
236, 62
236, 63
236, 64
236, 65
237, 25
237, 26
237, 27
237, 28
237, 29
237, 30
237, 31
237, 32
237, 33
237, 34
237, 35
237, 36
237, 37
237, 38
237, 39
237, 40
237, 41
237, 42
237, 43
237, 44
237, 45
237, 46
237, 47
237, 48
237, 49
237, 50
237, 51
237, 52
237, 53
237, 54
237, 55
237, 56
237, 57
237, 58
237, 59
237, 60
237, 61
237, 62
237, 63
237, 64
238, 25
238, 26
238, 27
238, 28
238, 29
238, 30
238, 31
238, 32
238, 33
238, 34
238, 35
238, 36
238, 37
238, 38
238, 39
238, 40
238, 41
238, 42
238, 43
238, 44
238, 45
238, 46
238, 47
238, 48
238, 49
238, 50
238, 51
238, 52
238, 53
238, 54
238, 55
238, 56
238, 57
238, 58
238, 59
238, 60
238, 61
238, 62
238, 63
238, 64
239, 25
239, 26
239, 27
239, 28
239, 29
239, 30
239, 31
239, 32
239, 33
239, 34
239, 35
239, 36
239, 37
239, 38
239, 39
239, 40
239, 41
239, 42
239, 43
239, 44
239, 45
239, 46
239, 47
239, 48
239, 49
239, 50
239, 51
239, 52
239, 53
239, 54
239, 55
239, 56
239, 57
239, 58
239, 59
239, 60
239, 61
239, 62
239, 63
239, 64
240, 25
240, 26
240, 27
240, 28
240, 29
240, 30
240, 31
240, 32
240, 33
240, 34
240, 35
240, 36
240, 37
240, 38
240, 39
240, 40
240, 41
240, 42
240, 43
240, 44
240, 45
240, 46
240, 47
240, 48
240, 49
240, 50
240, 51
240, 52
240, 53
240, 54
240, 55
240, 56
240, 57
240, 58
240, 59
240, 60
240, 61
240, 62
240, 63
240, 64
241, 25
241, 26
241, 27
241, 28
241, 29
241, 30
241, 31
241, 32
241, 33
241, 34
241, 35
241, 36
241, 37
241, 38
241, 39
241, 40
241, 41
241, 42
241, 43
241, 44
241, 45
241, 46
241, 47
241, 48
241, 49
241, 50
241, 51
241, 52
241, 53
241, 54
241, 55
241, 56
241, 57
241, 58
241, 59
241, 60
241, 61
241, 62
241, 63
241, 64
242, 25
242, 26
242, 27
242, 28
242, 29
242, 30
242, 31
242, 32
242, 33
242, 34
242, 35
242, 36
242, 37
242, 38
242, 39
242, 40
242, 41
242, 42
242, 43
242, 44
242, 45
242, 46
242, 47
242, 48
242, 49
242, 50
242, 51
242, 52
242, 53
242, 54
242, 55
242, 56
242, 57
242, 58
242, 59
242, 60
242, 61
242, 62
242, 63
243, 25
243, 26
243, 27
243, 28
243, 29
243, 30
243, 31
243, 32
243, 33
243, 34
243, 35
243, 36
243, 37
243, 38
243, 39
243, 40
243, 41
243, 42
243, 43
243, 44
243, 45
243, 46
243, 47
243, 48
243, 49
243, 50
243, 51
243, 52
243, 53
243, 54
243, 55
243, 56
243, 57
243, 58
243, 59
243, 60
243, 61
243, 62
243, 63
244, 26
244, 27
244, 28
244, 29
244, 30
244, 31
244, 32
244, 33
244, 34
244, 35
244, 36
244, 37
244, 38
244, 39
244, 40
244, 41
244, 42
244, 43
244, 44
244, 45
244, 46
244, 47
244, 48
244, 49
244, 50
244, 51
244, 52
244, 53
244, 54
244, 55
244, 56
244, 57
244, 58
244, 59
244, 60
244, 61
244, 62
244, 63
245, 26
245, 27
245, 28
245, 29
245, 30
245, 31
245, 32
245, 33
245, 34
245, 35
245, 36
245, 37
245, 38
245, 39
245, 40
245, 41
245, 42
245, 43
245, 44
245, 45
245, 46
245, 47
245, 48
245, 49
245, 50
245, 51
245, 52
245, 53
245, 54
245, 55
245, 56
245, 57
245, 58
245, 59
245, 60
245, 61
245, 62
246, 26
246, 27
246, 28
246, 29
246, 30
246, 31
246, 32
246, 33
246, 34
246, 35
246, 36
246, 37
246, 38
246, 39
246, 40
246, 41
246, 42
246, 43
246, 44
246, 45
246, 46
246, 47
246, 48
246, 49
246, 50
246, 51
246, 52
246, 53
246, 54
246, 55
246, 56
246, 57
246, 58
246, 59
246, 60
246, 61
246, 62
247, 26
247, 27
247, 28
247, 29
247, 30
247, 31
247, 32
247, 33
247, 34
247, 35
247, 36
247, 37
247, 38
247, 39
247, 40
247, 41
247, 42
247, 43
247, 44
247, 45
247, 46
247, 47
247, 48
247, 49
247, 50
247, 51
247, 52
247, 53
247, 54
247, 55
247, 56
247, 57
247, 58
247, 59
247, 60
247, 61
247, 62
248, 27
248, 28
248, 29
248, 30
248, 31
248, 32
248, 33
248, 34
248, 35
248, 36
248, 37
248, 38
248, 39
248, 40
248, 41
248, 42
248, 43
248, 44
248, 45
248, 46
248, 47
248, 48
248, 49
248, 50
248, 51
248, 52
248, 53
248, 54
248, 55
248, 56
248, 57
248, 58
248, 59
248, 60
248, 61
248, 62
249, 27
249, 28
249, 29
249, 30
249, 31
249, 32
249, 33
249, 34
249, 35
249, 36
249, 37
249, 38
249, 39
249, 40
249, 41
249, 42
249, 43
249, 44
249, 45
249, 46
249, 47
249, 48
249, 49
249, 50
249, 51
249, 52
249, 53
249, 54
249, 55
249, 56
249, 57
249, 58
249, 59
249, 60
249, 61
249, 62
250, 27
250, 28
250, 29
250, 30
250, 31
250, 32
250, 33
250, 34
250, 35
250, 36
250, 37
250, 38
250, 39
250, 40
250, 41
250, 42
250, 43
250, 44
250, 45
250, 46
250, 47
250, 48
250, 49
250, 50
250, 51
250, 52
250, 53
250, 54
250, 55
250, 56
250, 57
250, 58
250, 59
250, 60
250, 61
251, 28
251, 29
251, 30
251, 31
251, 32
251, 33
251, 34
251, 35
251, 36
251, 37
251, 38
251, 39
251, 40
251, 41
251, 42
251, 43
251, 44
251, 45
251, 46
251, 47
251, 48
251, 49
251, 50
251, 51
251, 52
251, 53
251, 54
251, 55
251, 56
251, 57
251, 58
251, 59
251, 60
251, 61
252, 28
252, 29
252, 30
252, 31
252, 32
252, 33
252, 34
252, 35
252, 36
252, 37
252, 38
252, 39
252, 40
252, 41
252, 42
252, 43
252, 44
252, 45
252, 46
252, 47
252, 48
252, 49
252, 50
252, 51
252, 52
252, 53
252, 54
252, 55
252, 56
252, 57
252, 58
252, 59
252, 60
253, 29
253, 30
253, 31
253, 32
253, 33
253, 34
253, 35
253, 36
253, 37
253, 38
253, 39
253, 40
253, 41
253, 42
253, 43
253, 44
253, 45
253, 46
253, 47
253, 48
253, 49
253, 50
253, 51
253, 52
253, 53
253, 54
253, 55
253, 56
253, 57
253, 58
253, 59
253, 60
254, 34
254, 35
254, 36
254, 37
254, 38
254, 39
254, 40
254, 41
254, 42
254, 43
254, 44
254, 45
254, 46
254, 47
254, 48
254, 49
254, 50
254, 51
254, 52
254, 53
254, 54
254, 55
254, 56
254, 57
254, 58
254, 59
255, 42
255, 43
255, 44
255, 45
255, 46
255, 47
255, 48
255, 49
255, 50
255, 51
255, 52
255, 53
255, 54
255, 55
255, 56
255, 57
255, 58
