108, 11
108, 12
108, 13
108, 14
108, 15
108, 16
108, 17
108, 18
108, 19
108, 20
108, 21
108, 22
109, 10
109, 11
109, 12
109, 13
109, 14
109, 15
109, 16
109, 17
109, 18
109, 19
109, 20
109, 21
109, 22
109, 23
109, 24
109, 25
109, 26
109, 27
109, 28
109, 29
109, 30
109, 31
109, 32
109, 33
109, 34
109, 35
109, 36
109, 37
109, 38
109, 39
109, 40
109, 41
109, 42
109, 43
110, 10
110, 11
110, 12
110, 13
110, 14
110, 15
110, 16
110, 17
110, 18
110, 19
110, 20
110, 21
110, 22
110, 23
110, 24
110, 25
110, 26
110, 27
110, 28
110, 29
110, 30
110, 31
110, 32
110, 33
110, 34
110, 35
110, 36
110, 37
110, 38
110, 39
110, 40
110, 41
110, 42
110, 43
110, 44
111, 10
111, 11
111, 12
111, 13
111, 14
111, 15
111, 16
111, 17
111, 18
111, 19
111, 20
111, 21
111, 22
111, 23
111, 24
111, 25
111, 26
111, 27
111, 28
111, 29
111, 30
111, 31
111, 32
111, 33
111, 34
111, 35
111, 36
111, 37
111, 38
111, 39
111, 40
111, 41
111, 42
111, 43
111, 44
112, 10
112, 11
112, 12
112, 13
112, 14
112, 15
112, 16
112, 17
112, 18
112, 19
112, 20
112, 21
112, 22
112, 23
112, 24
112, 25
112, 26
112, 27
112, 28
112, 29
112, 30
112, 31
112, 32
112, 33
112, 34
112, 35
112, 36
112, 37
112, 38
112, 39
112, 40
112, 41
112, 42
112, 43
112, 44
113, 10
113, 11
113, 12
113, 13
113, 14
113, 15
113, 16
113, 17
113, 18
113, 19
113, 20
113, 21
113, 22
113, 23
113, 24
113, 25
113, 26
113, 27
113, 28
113, 29
113, 30
113, 31
113, 32
113, 33
113, 34
113, 35
113, 36
113, 37
113, 38
113, 39
113, 40
113, 41
113, 42
113, 43
113, 44
113, 45
114, 10
114, 11
114, 12
114, 13
114, 14
114, 15
114, 16
114, 17
114, 18
114, 19
114, 20
114, 21
114, 22
114, 23
114, 24
114, 25
114, 26
114, 27
114, 28
114, 29
114, 30
114, 31
114, 32
114, 33
114, 34
114, 35
114, 36
114, 37
114, 38
114, 39
114, 40
114, 41
114, 42
114, 43
114, 44
114, 45
115, 10
115, 11
115, 12
115, 13
115, 14
115, 15
115, 16
115, 17
115, 18
115, 19
115, 20
115, 21
115, 22
115, 23
115, 24
115, 25
115, 26
115, 27
115, 28
115, 29
115, 30
115, 31
115, 32
115, 33
115, 34
115, 35
115, 36
115, 37
115, 38
115, 39
115, 40
115, 41
115, 42
115, 43
115, 44
115, 45
115, 46
116, 10
116, 11
116, 12
116, 13
116, 14
116, 15
116, 16
116, 17
116, 18
116, 19
116, 20
116, 21
116, 22
116, 23
116, 24
116, 25
116, 26
116, 27
116, 28
116, 29
116, 30
116, 31
116, 32
116, 33
116, 34
116, 35
116, 36
116, 37
116, 38
116, 39
116, 40
116, 41
116, 42
116, 43
116, 44
116, 45
116, 46
117, 10
117, 11
117, 12
117, 13
117, 14
117, 15
117, 16
117, 17
117, 18
117, 19
117, 20
117, 21
117, 22
117, 23
117, 24
117, 25
117, 26
117, 27
117, 28
117, 29
117, 30
117, 31
117, 32
117, 33
117, 34
117, 35
117, 36
117, 37
117, 38
117, 39
117, 40
117, 41
117, 42
117, 43
117, 44
117, 45
117, 46
118, 10
118, 11
118, 12
118, 13
118, 14
118, 15
118, 16
118, 17
118, 18
118, 19
118, 20
118, 21
118, 22
118, 23
118, 24
118, 25
118, 26
118, 27
118, 28
118, 29
118, 30
118, 31
118, 32
118, 33
118, 34
118, 35
118, 36
118, 37
118, 38
118, 39
118, 40
118, 41
118, 42
118, 43
118, 44
118, 45
118, 46
119, 10
119, 11
119, 12
119, 13
119, 14
119, 15
119, 16
119, 17
119, 18
119, 19
119, 20
119, 21
119, 22
119, 23
119, 24
119, 25
119, 26
119, 27
119, 28
119, 29
119, 30
119, 31
119, 32
119, 33
119, 34
119, 35
119, 36
119, 37
119, 38
119, 39
119, 40
119, 41
119, 42
119, 43
119, 44
119, 45
119, 46
120, 10
120, 11
120, 12
120, 13
120, 14
120, 15
120, 16
120, 17
120, 18
120, 19
120, 20
120, 21
120, 22
120, 23
120, 24
120, 25
120, 26
120, 27
120, 28
120, 29
120, 30
120, 31
120, 32
120, 33
120, 34
120, 35
120, 36
120, 37
120, 38
120, 39
120, 40
120, 41
120, 42
120, 43
120, 44
120, 45
120, 46
121, 10
121, 11
121, 12
121, 13
121, 14
121, 15
121, 16
121, 17
121, 18
121, 19
121, 20
121, 21
121, 22
121, 23
121, 24
121, 25
121, 26
121, 27
121, 28
121, 29
121, 30
121, 31
121, 32
121, 33
121, 34
121, 35
121, 36
121, 37
121, 38
121, 39
121, 40
121, 41
121, 42
121, 43
121, 44
121, 45
121, 46
121, 47
122, 10
122, 11
122, 12
122, 13
122, 14
122, 15
122, 16
122, 17
122, 18
122, 19
122, 20
122, 21
122, 22
122, 23
122, 24
122, 25
122, 26
122, 27
122, 28
122, 29
122, 30
122, 31
122, 32
122, 33
122, 34
122, 35
122, 36
122, 37
122, 38
122, 39
122, 40
122, 41
122, 42
122, 43
122, 44
122, 45
122, 46
123, 10
123, 11
123, 12
123, 13
123, 14
123, 15
123, 16
123, 17
123, 18
123, 19
123, 20
123, 21
123, 22
123, 23
123, 24
123, 25
123, 26
123, 27
123, 28
123, 29
123, 30
123, 31
123, 32
123, 33
123, 34
123, 35
123, 36
123, 37
123, 38
123, 39
123, 40
123, 41
123, 42
123, 43
123, 44
123, 45
123, 46
124, 10
124, 11
124, 12
124, 13
124, 14
124, 15
124, 16
124, 17
124, 18
124, 19
124, 20
124, 21
124, 22
124, 23
124, 24
124, 25
124, 26
124, 27
124, 28
124, 29
124, 30
124, 31
124, 32
124, 33
124, 34
124, 35
124, 36
124, 37
124, 38
124, 39
124, 40
124, 41
124, 42
124, 43
124, 44
124, 45
124, 46
125, 10
125, 11
125, 12
125, 13
125, 14
125, 15
125, 16
125, 17
125, 18
125, 19
125, 20
125, 21
125, 22
125, 23
125, 24
125, 25
125, 26
125, 27
125, 28
125, 29
125, 30
125, 31
125, 32
125, 33
125, 34
125, 35
125, 36
125, 37
125, 38
125, 39
125, 40
125, 41
125, 42
125, 43
125, 44
125, 45
125, 46
126, 10
126, 11
126, 12
126, 13
126, 14
126, 15
126, 16
126, 17
126, 18
126, 19
126, 20
126, 21
126, 22
126, 23
126, 24
126, 25
126, 26
126, 27
126, 28
126, 29
126, 30
126, 31
126, 32
126, 33
126, 34
126, 35
126, 36
126, 37
126, 38
126, 39
126, 40
126, 41
126, 42
126, 43
126, 44
126, 45
126, 46
127, 10
127, 11
127, 12
127, 13
127, 14
127, 15
127, 16
127, 17
127, 18
127, 19
127, 20
127, 21
127, 22
127, 23
127, 24
127, 25
127, 26
127, 27
127, 28
127, 29
127, 30
127, 31
127, 32
127, 33
127, 34
127, 35
127, 36
127, 37
127, 38
127, 39
127, 40
127, 41
127, 42
127, 43
127, 44
127, 45
127, 46
128, 10
128, 11
128, 12
128, 13
128, 14
128, 15
128, 16
128, 17
128, 18
128, 19
128, 20
128, 21
128, 22
128, 23
128, 24
128, 25
128, 26
128, 27
128, 28
128, 29
128, 30
128, 31
128, 32
128, 33
128, 34
128, 35
128, 36
128, 37
128, 38
128, 39
128, 40
128, 41
128, 42
128, 43
128, 44
128, 45
128, 46
129, 10
129, 11
129, 12
129, 13
129, 14
129, 15
129, 16
129, 17
129, 18
129, 19
129, 20
129, 21
129, 22
129, 23
129, 24
129, 25
129, 26
129, 27
129, 28
129, 29
129, 30
129, 31
129, 32
129, 33
129, 34
129, 35
129, 36
129, 37
129, 38
129, 39
129, 40
129, 41
129, 42
129, 43
129, 44
129, 45
129, 46
130, 10
130, 11
130, 12
130, 13
130, 14
130, 15
130, 16
130, 17
130, 18
130, 19
130, 20
130, 21
130, 22
130, 23
130, 24
130, 25
130, 26
130, 27
130, 28
130, 29
130, 30
130, 31
130, 32
130, 33
130, 34
130, 35
130, 36
130, 37
130, 38
130, 39
130, 40
130, 41
130, 42
130, 43
130, 44
130, 45
130, 46
131, 10
131, 11
131, 12
131, 13
131, 14
131, 15
131, 16
131, 17
131, 18
131, 19
131, 20
131, 21
131, 22
131, 23
131, 24
131, 25
131, 26
131, 27
131, 28
131, 29
131, 30
131, 31
131, 32
131, 33
131, 34
131, 35
131, 36
131, 37
131, 38
131, 39
131, 40
131, 41
131, 42
131, 43
131, 44
131, 45
131, 46
132, 11
132, 12
132, 13
132, 14
132, 15
132, 16
132, 17
132, 18
132, 19
132, 20
132, 21
132, 22
132, 23
132, 24
132, 25
132, 26
132, 27
132, 28
132, 29
132, 30
132, 31
132, 32
132, 33
132, 34
132, 35
132, 36
132, 37
132, 38
132, 39
132, 40
132, 41
132, 42
132, 43
132, 44
132, 45
132, 46
133, 11
133, 12
133, 13
133, 14
133, 15
133, 16
133, 17
133, 18
133, 19
133, 20
133, 21
133, 22
133, 23
133, 24
133, 25
133, 26
133, 27
133, 28
133, 29
133, 30
133, 31
133, 32
133, 33
133, 34
133, 35
133, 36
133, 37
133, 38
133, 39
133, 40
133, 41
133, 42
133, 43
133, 44
133, 45
133, 46
134, 11
134, 12
134, 13
134, 14
134, 15
134, 16
134, 17
134, 18
134, 19
134, 20
134, 21
134, 22
134, 23
134, 24
134, 25
134, 26
134, 27
134, 28
134, 29
134, 30
134, 31
134, 32
134, 33
134, 34
134, 35
134, 36
134, 37
134, 38
134, 39
134, 40
134, 41
134, 42
134, 43
134, 44
134, 45
134, 46
135, 11
135, 12
135, 13
135, 14
135, 15
135, 16
135, 17
135, 18
135, 19
135, 20
135, 21
135, 22
135, 23
135, 24
135, 25
135, 26
135, 27
135, 28
135, 29
135, 30
135, 31
135, 32
135, 33
135, 34
135, 35
135, 36
135, 37
135, 38
135, 39
135, 40
135, 41
135, 42
135, 43
135, 44
135, 45
135, 46
136, 11
136, 12
136, 13
136, 14
136, 15
136, 16
136, 17
136, 18
136, 19
136, 20
136, 21
136, 22
136, 23
136, 24
136, 25
136, 26
136, 27
136, 28
136, 29
136, 30
136, 31
136, 32
136, 33
136, 34
136, 35
136, 36
136, 37
136, 38
136, 39
136, 40
136, 41
136, 42
136, 43
136, 44
136, 45
136, 46
137, 12
137, 13
137, 14
137, 15
137, 16
137, 17
137, 18
137, 19
137, 20
137, 21
137, 22
137, 23
137, 24
137, 25
137, 26
137, 27
137, 28
137, 29
137, 30
137, 31
137, 32
137, 33
137, 34
137, 35
137, 36
137, 37
137, 38
137, 39
137, 40
137, 41
137, 42
137, 43
137, 44
137, 45
137, 46
138, 12
138, 13
138, 14
138, 15
138, 16
138, 17
138, 18
138, 19
138, 20
138, 21
138, 22
138, 23
138, 24
138, 25
138, 26
138, 27
138, 28
138, 29
138, 30
138, 31
138, 32
138, 33
138, 34
138, 35
138, 36
138, 37
138, 38
138, 39
138, 40
138, 41
138, 42
138, 43
138, 44
138, 45
138, 46
139, 12
139, 13
139, 14
139, 15
139, 16
139, 17
139, 18
139, 19
139, 20
139, 21
139, 22
139, 23
139, 24
139, 25
139, 26
139, 27
139, 28
139, 29
139, 30
139, 31
139, 32
139, 33
139, 34
139, 35
139, 36
139, 37
139, 38
139, 39
139, 40
139, 41
139, 42
139, 43
139, 44
139, 45
139, 46
140, 13
140, 14
140, 15
140, 16
140, 17
140, 18
140, 19
140, 20
140, 21
140, 22
140, 23
140, 24
140, 25
140, 26
140, 27
140, 28
140, 29
140, 30
140, 31
140, 32
140, 33
140, 34
140, 35
140, 36
140, 37
140, 38
140, 39
140, 40
140, 41
140, 42
140, 43
140, 44
140, 45
140, 46
141, 13
141, 14
141, 15
141, 16
141, 17
141, 18
141, 19
141, 20
141, 21
141, 22
141, 23
141, 24
141, 25
141, 26
141, 27
141, 28
141, 29
141, 30
141, 31
141, 32
141, 33
141, 34
141, 35
141, 36
141, 37
141, 38
141, 39
141, 40
141, 41
141, 42
141, 43
141, 44
141, 45
141, 46
142, 13
142, 14
142, 15
142, 16
142, 17
142, 18
142, 19
142, 20
142, 21
142, 22
142, 23
142, 24
142, 25
142, 26
142, 27
142, 28
142, 29
142, 30
142, 31
142, 32
142, 33
142, 34
142, 35
142, 36
142, 37
142, 38
142, 39
142, 40
142, 41
142, 42
142, 43
142, 44
142, 45
142, 46
143, 13
143, 14
143, 15
143, 16
143, 17
143, 18
143, 19
143, 20
143, 21
143, 22
143, 23
143, 24
143, 25
143, 26
143, 27
143, 28
143, 29
143, 30
143, 31
143, 32
143, 33
143, 34
143, 35
143, 36
143, 37
143, 38
143, 39
143, 40
143, 41
143, 42
143, 43
143, 44
143, 45
143, 46
144, 13
144, 14
144, 15
144, 16
144, 17
144, 18
144, 19
144, 20
144, 21
144, 22
144, 23
144, 24
144, 25
144, 26
144, 27
144, 28
144, 29
144, 30
144, 31
144, 32
144, 33
144, 34
144, 35
144, 36
144, 37
144, 38
144, 39
144, 40
144, 41
144, 42
144, 43
144, 44
144, 45
144, 46
145, 13
145, 14
145, 15
145, 16
145, 17
145, 18
145, 19
145, 20
145, 21
145, 22
145, 23
145, 24
145, 25
145, 26
145, 27
145, 28
145, 29
145, 30
145, 31
145, 32
145, 33
145, 34
145, 35
145, 36
145, 37
145, 38
145, 39
145, 40
145, 41
145, 42
145, 43
145, 44
145, 45
145, 46
146, 14
146, 15
146, 16
146, 17
146, 18
146, 19
146, 20
146, 21
146, 22
146, 23
146, 24
146, 25
146, 26
146, 27
146, 28
146, 29
146, 30
146, 31
146, 32
146, 33
146, 34
146, 35
146, 36
146, 37
146, 38
146, 39
146, 40
146, 41
146, 42
146, 43
146, 44
146, 45
146, 46
147, 14
147, 15
147, 16
147, 17
147, 18
147, 19
147, 20
147, 21
147, 22
147, 23
147, 24
147, 25
147, 26
147, 27
147, 28
147, 29
147, 30
147, 31
147, 32
147, 33
147, 34
147, 35
147, 36
147, 37
147, 38
147, 39
147, 40
147, 41
147, 42
147, 43
147, 44
147, 45
148, 14
148, 15
148, 16
148, 17
148, 18
148, 19
148, 20
148, 21
148, 22
148, 23
148, 24
148, 25
148, 26
148, 27
148, 28
148, 29
148, 30
148, 31
148, 32
148, 33
148, 34
148, 35
148, 36
148, 37
148, 38
148, 39
148, 40
148, 41
148, 42
148, 43
148, 44
148, 45
149, 14
149, 15
149, 16
149, 17
149, 18
149, 19
149, 20
149, 21
149, 22
149, 23
149, 24
149, 25
149, 26
149, 27
149, 28
149, 29
149, 30
149, 31
149, 32
149, 33
149, 34
149, 35
149, 36
149, 37
149, 38
149, 39
149, 40
149, 41
149, 42
149, 43
149, 44
149, 45
150, 14
150, 15
150, 16
150, 17
150, 18
150, 19
150, 20
150, 21
150, 22
150, 23
150, 24
150, 25
150, 26
150, 27
150, 28
150, 29
150, 30
150, 31
150, 32
150, 33
150, 34
150, 35
150, 36
150, 37
150, 38
150, 39
150, 40
150, 41
150, 42
150, 43
151, 14
151, 15
151, 16
151, 17
151, 18
151, 19
151, 20
151, 21
151, 22
151, 23
151, 24
151, 25
151, 26
151, 27
151, 28
151, 29
151, 30
151, 31
151, 32
151, 33
151, 34
151, 35
151, 36
151, 37
151, 38
151, 39
151, 40
151, 41
152, 14
152, 15
152, 16
152, 17
152, 18
152, 19
152, 20
152, 21
152, 22
152, 23
152, 24
152, 25
152, 26
152, 27
152, 28
152, 29
152, 30
152, 31
152, 32
152, 33
152, 34
152, 35
152, 36
152, 37
152, 38
152, 39
152, 40
152, 41
153, 14
153, 15
153, 16
153, 17
153, 18
153, 19
153, 20
153, 21
153, 22
153, 23
153, 24
153, 25
153, 26
153, 27
153, 28
153, 29
153, 30
153, 31
153, 32
153, 33
153, 34
153, 35
153, 36
153, 37
153, 38
153, 39
153, 40
153, 41
154, 14
154, 15
154, 16
154, 17
154, 18
154, 19
154, 20
154, 21
154, 22
154, 23
154, 24
154, 25
154, 26
154, 27
154, 28
154, 29
154, 30
154, 31
154, 32
154, 33
154, 34
154, 35
154, 36
154, 37
154, 38
154, 39
154, 40
154, 41
155, 14
155, 15
155, 16
155, 17
155, 18
155, 19
155, 20
155, 21
155, 22
155, 23
155, 24
155, 25
155, 26
155, 27
155, 28
155, 29
155, 30
155, 31
155, 32
155, 33
155, 34
155, 35
155, 36
155, 37
155, 38
155, 39
155, 40
156, 15
156, 16
156, 17
156, 18
156, 19
156, 20
156, 21
156, 22
156, 23
156, 24
156, 25
156, 26
156, 27
156, 28
156, 29
156, 30
156, 31
156, 32
156, 33
156, 34
156, 35
156, 36
156, 37
156, 38
156, 39
156, 40
157, 15
157, 16
157, 17
157, 18
157, 19
157, 20
157, 21
157, 22
157, 23
157, 24
157, 25
157, 26
157, 27
157, 28
157, 29
157, 30
157, 31
157, 32
157, 33
157, 34
157, 35
157, 36
157, 37
157, 38
157, 39
157, 40
158, 15
158, 16
158, 17
158, 18
158, 19
158, 20
158, 21
158, 22
158, 23
158, 24
158, 25
158, 26
158, 27
158, 28
158, 29
158, 30
158, 31
158, 32
158, 33
158, 34
158, 35
158, 36
158, 37
158, 38
158, 39
159, 15
159, 16
159, 17
159, 18
159, 19
159, 20
159, 21
159, 22
159, 23
159, 24
159, 25
159, 26
159, 27
159, 28
159, 29
159, 30
159, 31
159, 32
159, 33
159, 34
159, 35
159, 36
159, 37
159, 38
159, 39
160, 15
160, 16
160, 17
160, 18
160, 19
160, 20
160, 21
160, 22
160, 23
160, 24
160, 25
160, 26
160, 27
160, 28
160, 29
160, 30
160, 31
160, 32
160, 33
160, 34
160, 35
160, 36
160, 37
160, 38
160, 39
161, 15
161, 16
161, 17
161, 18
161, 19
161, 20
161, 21
161, 22
161, 23
161, 24
161, 25
161, 26
161, 27
161, 28
161, 29
161, 30
161, 31
161, 32
161, 33
161, 34
161, 35
161, 36
161, 37
161, 38
161, 39
162, 15
162, 16
162, 17
162, 18
162, 19
162, 20
162, 21
162, 22
162, 23
162, 24
162, 25
162, 26
162, 27
162, 28
162, 29
162, 30
162, 31
162, 32
162, 33
162, 34
162, 35
162, 36
162, 37
162, 38
162, 39
163, 15
163, 16
163, 17
163, 18
163, 19
163, 20
163, 21
163, 22
163, 23
163, 24
163, 25
163, 26
163, 27
163, 28
163, 29
163, 30
163, 31
163, 32
163, 33
163, 34
163, 35
163, 36
163, 37
163, 38
163, 39
164, 15
164, 16
164, 17
164, 18
164, 19
164, 20
164, 21
164, 22
164, 23
164, 24
164, 25
164, 26
164, 27
164, 28
164, 29
164, 30
164, 31
164, 32
164, 33
164, 34
164, 35
164, 36
164, 37
164, 38
164, 39
165, 15
165, 16
165, 17
165, 18
165, 19
165, 20
165, 21
165, 22
165, 23
165, 24
165, 25
165, 26
165, 27
165, 28
165, 29
165, 30
165, 31
165, 32
165, 33
165, 34
165, 35
165, 36
165, 37
165, 38
165, 39
165, 40
166, 15
166, 16
166, 17
166, 18
166, 19
166, 20
166, 21
166, 22
166, 23
166, 24
166, 25
166, 26
166, 27
166, 28
166, 29
166, 30
166, 31
166, 32
166, 33
166, 34
166, 35
166, 36
166, 37
166, 38
166, 39
166, 40
167, 15
167, 16
167, 17
167, 18
167, 19
167, 20
167, 21
167, 22
167, 23
167, 24
167, 25
167, 26
167, 27
167, 28
167, 29
167, 30
167, 31
167, 32
167, 33
167, 34
167, 35
167, 36
167, 37
167, 38
167, 39
167, 40
168, 15
168, 16
168, 17
168, 18
168, 19
168, 20
168, 21
168, 22
168, 23
168, 24
168, 25
168, 26
168, 27
168, 28
168, 29
168, 30
168, 31
168, 32
168, 33
168, 34
168, 35
168, 36
168, 37
168, 38
168, 39
169, 15
169, 16
169, 17
169, 18
169, 19
169, 20
169, 21
169, 22
169, 23
169, 24
169, 25
169, 26
169, 27
169, 28
169, 29
169, 30
169, 31
169, 32
169, 33
169, 34
169, 35
169, 36
169, 37
169, 38
169, 39
170, 15
170, 16
170, 17
170, 18
170, 19
170, 20
170, 21
170, 22
170, 23
170, 24
170, 25
170, 26
170, 27
170, 28
170, 29
170, 30
170, 31
170, 32
170, 33
170, 34
170, 35
170, 36
170, 37
170, 38
170, 39
171, 15
171, 16
171, 17
171, 18
171, 19
171, 20
171, 21
171, 22
171, 23
171, 24
171, 25
171, 26
171, 27
171, 28
171, 29
171, 30
171, 31
171, 32
171, 33
171, 34
171, 35
171, 36
171, 37
171, 38
171, 39
172, 15
172, 16
172, 17
172, 18
172, 19
172, 20
172, 21
172, 22
172, 23
172, 24
172, 25
172, 26
172, 27
172, 28
172, 29
172, 30
172, 31
172, 32
172, 33
172, 34
172, 35
172, 36
172, 37
172, 38
172, 39
173, 15
173, 16
173, 17
173, 18
173, 19
173, 20
173, 21
173, 22
173, 23
173, 24
173, 25
173, 26
173, 27
173, 28
173, 29
173, 30
173, 31
173, 32
173, 33
173, 34
173, 35
173, 36
173, 37
173, 38
173, 39
174, 15
174, 16
174, 17
174, 18
174, 19
174, 20
174, 21
174, 22
174, 23
174, 24
174, 25
174, 26
174, 27
174, 28
174, 29
174, 30
174, 31
174, 32
174, 33
174, 34
174, 35
174, 36
174, 37
174, 38
174, 39
175, 15
175, 16
175, 17
175, 18
175, 19
175, 20
175, 21
175, 22
175, 23
175, 24
175, 25
175, 26
175, 27
175, 28
175, 29
175, 30
175, 31
175, 32
175, 33
175, 34
175, 35
175, 36
175, 37
175, 38
175, 39
176, 15
176, 16
176, 17
176, 18
176, 19
176, 20
176, 21
176, 22
176, 23
176, 24
176, 25
176, 26
176, 27
176, 28
176, 29
176, 30
176, 31
176, 32
176, 33
176, 34
176, 35
176, 36
176, 37
176, 38
177, 15
177, 16
177, 17
177, 18
177, 19
177, 20
177, 21
177, 22
177, 23
177, 24
177, 25
177, 26
177, 27
177, 28
177, 29
177, 30
177, 31
177, 32
177, 33
177, 34
177, 35
177, 36
177, 37
177, 38
178, 15
178, 16
178, 17
178, 18
178, 19
178, 20
178, 21
178, 22
178, 23
178, 24
178, 25
178, 26
178, 27
178, 28
178, 29
178, 30
178, 31
178, 32
178, 33
178, 34
178, 35
178, 36
178, 37
178, 38
179, 15
179, 16
179, 17
179, 18
179, 19
179, 20
179, 21
179, 22
179, 23
179, 24
179, 25
179, 26
179, 27
179, 28
179, 29
179, 30
179, 31
179, 32
179, 33
179, 34
179, 35
179, 36
179, 37
179, 38
180, 15
180, 16
180, 17
180, 18
180, 19
180, 20
180, 21
180, 22
180, 23
180, 24
180, 25
180, 26
180, 27
180, 28
180, 29
180, 30
180, 31
180, 32
180, 33
180, 34
180, 35
180, 36
180, 37
180, 38
181, 15
181, 16
181, 17
181, 18
181, 19
181, 20
181, 21
181, 22
181, 23
181, 24
181, 25
181, 26
181, 27
181, 28
181, 29
181, 30
181, 31
181, 32
181, 33
181, 34
181, 35
181, 36
181, 37
181, 38
182, 15
182, 16
182, 17
182, 18
182, 19
182, 20
182, 21
182, 22
182, 23
182, 24
182, 25
182, 26
182, 27
182, 28
182, 29
182, 30
182, 31
182, 32
182, 33
182, 34
182, 35
182, 36
182, 37
182, 38
183, 15
183, 16
183, 17
183, 18
183, 19
183, 20
183, 21
183, 22
183, 23
183, 24
183, 25
183, 26
183, 27
183, 28
183, 29
183, 30
183, 31
183, 32
183, 33
183, 34
183, 35
183, 36
183, 37
184, 15
184, 16
184, 17
184, 18
184, 19
184, 20
184, 21
184, 22
184, 23
184, 24
184, 25
184, 26
184, 27
184, 28
184, 29
184, 30
184, 31
184, 32
184, 33
184, 34
184, 35
184, 36
184, 37
185, 15
185, 16
185, 17
185, 18
185, 19
185, 20
185, 21
185, 22
185, 23
185, 24
185, 25
185, 26
185, 27
185, 28
185, 29
185, 30
185, 31
185, 32
185, 33
185, 34
185, 35
185, 36
185, 37
186, 15
186, 16
186, 17
186, 18
186, 19
186, 20
186, 21
186, 22
186, 23
186, 24
186, 25
186, 26
186, 27
186, 28
186, 29
186, 30
186, 31
186, 32
186, 33
186, 34
186, 35
186, 36
186, 37
187, 15
187, 16
187, 17
187, 18
187, 19
187, 20
187, 21
187, 22
187, 23
187, 24
187, 25
187, 26
187, 27
187, 28
187, 29
187, 30
187, 31
187, 32
187, 33
187, 34
187, 35
187, 36
187, 37
188, 15
188, 16
188, 17
188, 18
188, 19
188, 20
188, 21
188, 22
188, 23
188, 24
188, 25
188, 26
188, 27
188, 28
188, 29
188, 30
188, 31
188, 32
188, 33
188, 34
188, 35
188, 36
188, 37
189, 14
189, 15
189, 16
189, 17
189, 18
189, 19
189, 20
189, 21
189, 22
189, 23
189, 24
189, 26
189, 27
189, 28
189, 29
189, 30
189, 31
189, 32
189, 33
189, 34
189, 35
189, 36
189, 37
190, 14
190, 15
190, 16
190, 17
190, 18
190, 19
190, 20
190, 21
190, 22
190, 23
190, 24
190, 26
190, 27
190, 28
190, 29
190, 30
190, 31
190, 32
190, 33
190, 34
190, 35
190, 36
190, 37
191, 14
191, 15
191, 16
191, 17
191, 18
191, 19
191, 20
191, 21
191, 22
191, 23
191, 26
191, 27
191, 28
191, 29
191, 30
191, 31
191, 32
191, 33
191, 34
191, 35
191, 36
191, 37
192, 14
192, 15
192, 16
192, 17
192, 18
192, 19
192, 20
192, 21
192, 22
192, 23
192, 26
192, 27
192, 28
192, 29
192, 30
192, 31
192, 32
192, 33
192, 34
192, 35
192, 36
193, 14
193, 15
193, 16
193, 17
193, 18
193, 19
193, 20
193, 21
193, 22
193, 23
193, 26
193, 27
193, 28
193, 29
193, 30
193, 31
193, 32
193, 33
193, 34
193, 35
193, 36
194, 14
194, 15
194, 16
194, 17
194, 18
194, 19
194, 20
194, 21
194, 22
194, 23
194, 26
194, 27
194, 28
194, 29
194, 30
194, 31
194, 32
194, 33
194, 34
194, 35
194, 36
195, 14
195, 15
195, 16
195, 17
195, 18
195, 19
195, 20
195, 21
195, 22
195, 23
195, 26
195, 27
195, 28
195, 29
195, 30
195, 31
195, 32
195, 33
195, 34
195, 35
195, 36
196, 14
196, 15
196, 16
196, 17
196, 18
196, 19
196, 20
196, 21
196, 22
196, 23
196, 26
196, 27
196, 28
196, 29
196, 30
196, 31
196, 32
196, 33
196, 34
196, 35
196, 36
197, 14
197, 15
197, 16
197, 17
197, 18
197, 19
197, 20
197, 21
197, 22
197, 23
197, 26
197, 27
197, 28
197, 29
197, 30
197, 31
197, 32
197, 33
197, 34
197, 35
197, 36
198, 14
198, 15
198, 16
198, 17
198, 18
198, 19
198, 20
198, 21
198, 22
198, 23
198, 26
198, 27
198, 28
198, 29
198, 30
198, 31
198, 32
198, 33
198, 34
198, 35
198, 36
199, 14
199, 15
199, 16
199, 17
199, 18
199, 19
199, 20
199, 21
199, 22
199, 26
199, 27
199, 28
199, 29
199, 30
199, 31
199, 32
199, 33
199, 34
199, 35
199, 36
200, 14
200, 15
200, 16
200, 17
200, 18
200, 19
200, 20
200, 21
200, 22
200, 26
200, 27
200, 28
200, 29
200, 30
200, 31
200, 32
200, 33
200, 34
200, 35
200, 36
201, 14
201, 15
201, 16
201, 17
201, 18
201, 19
201, 20
201, 21
201, 22
201, 26
201, 27
201, 28
201, 29
201, 30
201, 31
201, 32
201, 33
201, 34
201, 35
202, 14
202, 15
202, 16
202, 17
202, 18
202, 19
202, 20
202, 21
202, 22
202, 26
202, 27
202, 28
202, 29
202, 30
202, 31
202, 32
202, 33
202, 34
202, 35
203, 14
203, 15
203, 16
203, 17
203, 18
203, 19
203, 20
203, 21
203, 22
203, 26
203, 27
203, 28
203, 29
203, 30
203, 31
203, 32
203, 33
203, 34
203, 35
204, 14
204, 15
204, 16
204, 17
204, 18
204, 19
204, 20
204, 21
204, 22
204, 27
204, 28
204, 29
204, 30
204, 31
204, 32
204, 33
204, 34
204, 35
205, 14
205, 15
205, 16
205, 17
205, 18
205, 19
205, 20
205, 21
205, 22
205, 27
205, 28
205, 29
205, 30
205, 31
205, 32
205, 33
205, 34
205, 35
206, 14
206, 15
206, 16
206, 17
206, 18
206, 19
206, 20
206, 21
206, 22
206, 26
206, 27
206, 28
206, 29
206, 30
206, 31
206, 32
206, 33
206, 34
206, 35
207, 14
207, 15
207, 16
207, 17
207, 18
207, 19
207, 20
207, 21
207, 22
207, 26
207, 27
207, 28
207, 29
207, 30
207, 31
207, 32
207, 33
207, 34
207, 35
208, 14
208, 15
208, 16
208, 17
208, 18
208, 19
208, 20
208, 21
208, 22
208, 26
208, 27
208, 28
208, 29
208, 30
208, 31
208, 32
208, 33
208, 34
208, 35
209, 14
209, 15
209, 16
209, 17
209, 18
209, 19
209, 20
209, 21
209, 22
209, 26
209, 27
209, 28
209, 29
209, 30
209, 31
209, 32
209, 33
209, 34
209, 35
210, 14
210, 15
210, 16
210, 17
210, 18
210, 19
210, 20
210, 21
210, 22
210, 26
210, 27
210, 28
210, 29
210, 30
210, 31
210, 32
210, 33
210, 34
210, 35
211, 14
211, 15
211, 16
211, 17
211, 18
211, 19
211, 20
211, 21
211, 22
211, 26
211, 27
211, 28
211, 29
211, 30
211, 31
211, 32
211, 33
211, 34
211, 35
212, 14
212, 15
212, 16
212, 17
212, 18
212, 19
212, 20
212, 21
212, 22
212, 26
212, 27
212, 28
212, 29
212, 30
212, 31
212, 32
212, 33
212, 34
212, 35
213, 14
213, 15
213, 16
213, 17
213, 18
213, 19
213, 20
213, 21
213, 22
213, 26
213, 27
213, 28
213, 29
213, 30
213, 31
213, 32
213, 33
213, 34
213, 35
214, 14
214, 15
214, 16
214, 17
214, 18
214, 19
214, 20
214, 21
214, 22
214, 26
214, 27
214, 28
214, 29
214, 30
214, 31
214, 32
214, 33
214, 34
214, 35
215, 14
215, 15
215, 16
215, 17
215, 18
215, 19
215, 20
215, 21
215, 22
215, 26
215, 27
215, 28
215, 29
215, 30
215, 31
215, 32
215, 33
215, 34
215, 35
216, 14
216, 15
216, 16
216, 17
216, 18
216, 19
216, 20
216, 21
216, 22
216, 23
216, 25
216, 26
216, 27
216, 28
216, 29
216, 30
216, 31
216, 32
216, 33
216, 34
216, 35
216, 36
217, 14
217, 15
217, 16
217, 17
217, 18
217, 19
217, 20
217, 21
217, 22
217, 23
217, 25
217, 26
217, 27
217, 28
217, 29
217, 30
217, 31
217, 32
217, 33
217, 34
217, 35
217, 36
218, 13
218, 14
218, 15
218, 16
218, 17
218, 18
218, 19
218, 20
218, 21
218, 22
218, 23
218, 24
218, 25
218, 26
218, 27
218, 28
218, 29
218, 30
218, 31
218, 32
218, 33
218, 34
218, 35
218, 36
219, 13
219, 14
219, 15
219, 16
219, 17
219, 18
219, 19
219, 20
219, 21
219, 22
219, 23
219, 24
219, 25
219, 26
219, 27
219, 28
219, 29
219, 30
219, 31
219, 32
219, 33
219, 34
219, 35
219, 36
220, 13
220, 14
220, 15
220, 16
220, 17
220, 18
220, 19
220, 20
220, 21
220, 22
220, 23
220, 24
220, 25
220, 26
220, 27
220, 28
220, 29
220, 30
220, 31
220, 32
220, 33
220, 34
220, 35
220, 36
221, 13
221, 14
221, 15
221, 16
221, 17
221, 18
221, 19
221, 20
221, 21
221, 22
221, 23
221, 24
221, 25
221, 26
221, 27
221, 28
221, 29
221, 30
221, 31
221, 32
221, 33
221, 34
221, 35
221, 36
222, 13
222, 14
222, 15
222, 16
222, 17
222, 18
222, 19
222, 20
222, 21
222, 22
222, 23
222, 24
222, 25
222, 26
222, 27
222, 28
222, 29
222, 30
222, 31
222, 32
222, 33
222, 34
222, 35
222, 36
223, 13
223, 14
223, 15
223, 16
223, 17
223, 18
223, 19
223, 20
223, 21
223, 22
223, 23
223, 24
223, 25
223, 26
223, 27
223, 28
223, 29
223, 30
223, 31
223, 32
223, 33
223, 34
223, 35
223, 36
224, 13
224, 14
224, 15
224, 16
224, 17
224, 18
224, 19
224, 20
224, 21
224, 22
224, 23
224, 24
224, 25
224, 26
224, 27
224, 28
224, 29
224, 30
224, 31
224, 32
224, 33
224, 34
224, 35
224, 36
225, 13
225, 14
225, 15
225, 16
225, 17
225, 18
225, 19
225, 20
225, 21
225, 22
225, 23
225, 24
225, 25
225, 26
225, 27
225, 28
225, 29
225, 30
225, 31
225, 32
225, 33
225, 34
225, 35
225, 36
226, 14
226, 15
226, 16
226, 17
226, 18
226, 19
226, 20
226, 21
226, 22
226, 23
226, 24
226, 25
226, 26
226, 27
226, 28
226, 29
226, 30
226, 31
226, 32
226, 33
226, 34
226, 35
226, 36
227, 14
227, 15
227, 16
227, 17
227, 18
227, 19
227, 20
227, 21
227, 22
227, 23
227, 24
227, 25
227, 26
227, 27
227, 28
227, 29
227, 30
227, 31
227, 32
227, 33
227, 34
227, 35
227, 36
228, 15
228, 16
228, 17
228, 18
228, 19
228, 20
228, 21
228, 25
228, 26
228, 27
228, 28
228, 29
228, 30
228, 31
228, 32
228, 33
228, 34
