182, 80
182, 81
182, 82
182, 83
182, 84
182, 85
183, 74
183, 75
183, 76
183, 77
183, 78
183, 79
183, 80
183, 81
183, 82
183, 83
183, 84
183, 85
183, 86
183, 87
184, 73
184, 74
184, 75
184, 76
184, 77
184, 78
184, 79
184, 80
184, 81
184, 82
184, 83
184, 84
184, 85
184, 86
184, 87
184, 88
185, 73
185, 74
185, 75
185, 76
185, 77
185, 78
185, 79
185, 80
185, 81
185, 82
185, 83
185, 84
185, 85
185, 86
185, 87
185, 88
186, 72
186, 73
186, 74
186, 75
186, 76
186, 77
186, 78
186, 79
186, 80
186, 81
186, 82
186, 83
186, 84
186, 85
186, 86
186, 87
186, 88
186, 89
187, 68
187, 69
187, 70
187, 71
187, 72
187, 73
187, 74
187, 75
187, 76
187, 77
187, 78
187, 79
187, 80
187, 81
187, 82
187, 83
187, 84
187, 85
187, 86
187, 87
187, 88
187, 89
188, 68
188, 69
188, 70
188, 71
188, 72
188, 73
188, 74
188, 75
188, 76
188, 77
188, 78
188, 79
188, 80
188, 81
188, 82
188, 83
188, 84
188, 85
188, 86
188, 87
188, 88
188, 89
188, 90
189, 68
189, 69
189, 70
189, 71
189, 72
189, 73
189, 74
189, 75
189, 76
189, 77
189, 78
189, 79
189, 80
189, 81
189, 82
189, 83
189, 84
189, 85
189, 86
189, 87
189, 88
189, 89
189, 90
190, 67
190, 68
190, 69
190, 70
190, 71
190, 72
190, 73
190, 74
190, 75
190, 76
190, 77
190, 78
190, 79
190, 80
190, 81
190, 82
190, 83
190, 84
190, 85
190, 86
190, 87
190, 88
190, 89
190, 90
190, 91
191, 67
191, 68
191, 69
191, 70
191, 71
191, 72
191, 73
191, 74
191, 75
191, 76
191, 77
191, 78
191, 79
191, 80
191, 81
191, 82
191, 83
191, 84
191, 85
191, 86
191, 87
191, 88
191, 89
191, 90
191, 91
191, 92
192, 27
192, 28
192, 29
192, 30
192, 31
192, 66
192, 67
192, 68
192, 69
192, 70
192, 71
192, 72
192, 73
192, 74
192, 75
192, 76
192, 77
192, 78
192, 79
192, 80
192, 81
192, 82
192, 83
192, 84
192, 85
192, 86
192, 87
192, 88
192, 89
192, 90
192, 91
192, 92
193, 25
193, 26
193, 27
193, 28
193, 29
193, 30
193, 31
193, 62
193, 63
193, 64
193, 65
193, 66
193, 67
193, 68
193, 69
193, 70
193, 71
193, 72
193, 73
193, 74
193, 75
193, 76
193, 77
193, 78
193, 79
193, 80
193, 81
193, 82
193, 83
193, 84
193, 85
193, 86
193, 87
193, 88
193, 89
193, 90
193, 91
193, 92
194, 24
194, 25
194, 26
194, 27
194, 28
194, 29
194, 30
194, 31
194, 32
194, 61
194, 62
194, 63
194, 64
194, 65
194, 66
194, 67
194, 68
194, 69
194, 70
194, 71
194, 72
194, 73
194, 74
194, 75
194, 76
194, 77
194, 78
194, 79
194, 80
194, 81
194, 82
194, 83
194, 84
194, 85
194, 86
194, 87
194, 88
194, 89
194, 90
194, 91
194, 92
195, 24
195, 25
195, 26
195, 27
195, 28
195, 29
195, 30
195, 31
195, 32
195, 33
195, 34
195, 56
195, 57
195, 58
195, 59
195, 60
195, 61
195, 62
195, 63
195, 64
195, 65
195, 66
195, 67
195, 68
195, 69
195, 70
195, 71
195, 72
195, 73
195, 74
195, 75
195, 76
195, 77
195, 78
195, 79
195, 80
195, 81
195, 82
195, 83
195, 84
195, 85
195, 86
195, 87
195, 88
195, 89
195, 90
195, 91
195, 92
196, 23
196, 24
196, 25
196, 26
196, 27
196, 28
196, 29
196, 30
196, 31
196, 32
196, 33
196, 34
196, 35
196, 36
196, 37
196, 38
196, 39
196, 40
196, 41
196, 46
196, 47
196, 48
196, 49
196, 50
196, 51
196, 52
196, 53
196, 54
196, 55
196, 56
196, 57
196, 58
196, 59
196, 60
196, 61
196, 62
196, 63
196, 64
196, 65
196, 66
196, 67
196, 68
196, 69
196, 70
196, 71
196, 72
196, 73
196, 74
196, 75
196, 76
196, 77
196, 78
196, 79
196, 80
196, 81
196, 82
196, 83
196, 84
196, 85
196, 86
196, 87
196, 88
196, 89
196, 90
196, 91
196, 92
196, 93
197, 23
197, 24
197, 25
197, 26
197, 27
197, 28
197, 29
197, 30
197, 31
197, 32
197, 33
197, 34
197, 35
197, 36
197, 37
197, 38
197, 39
197, 40
197, 41
197, 42
197, 43
197, 44
197, 45
197, 46
197, 47
197, 48
197, 49
197, 50
197, 51
197, 52
197, 53
197, 54
197, 55
197, 56
197, 57
197, 58
197, 59
197, 60
197, 61
197, 62
197, 63
197, 64
197, 65
197, 66
197, 67
197, 68
197, 69
197, 70
197, 71
197, 72
197, 73
197, 74
197, 75
197, 76
197, 77
197, 78
197, 79
197, 80
197, 81
197, 82
197, 83
197, 84
197, 85
197, 86
197, 87
197, 88
197, 89
197, 90
197, 91
197, 92
197, 93
198, 22
198, 23
198, 24
198, 25
198, 26
198, 27
198, 28
198, 29
198, 30
198, 31
198, 32
198, 33
198, 34
198, 35
198, 36
198, 37
198, 38
198, 39
198, 40
198, 41
198, 42
198, 43
198, 44
198, 45
198, 46
198, 47
198, 48
198, 49
198, 50
198, 51
198, 52
198, 53
198, 54
198, 55
198, 56
198, 57
198, 58
198, 59
198, 60
198, 61
198, 62
198, 63
198, 64
198, 65
198, 66
198, 67
198, 68
198, 69
198, 70
198, 71
198, 72
198, 73
198, 74
198, 75
198, 76
198, 77
198, 78
198, 79
198, 80
198, 81
198, 82
198, 83
198, 84
198, 85
198, 86
198, 87
198, 88
198, 89
198, 90
198, 91
198, 92
198, 93
199, 22
199, 23
199, 24
199, 25
199, 26
199, 27
199, 28
199, 29
199, 30
199, 31
199, 32
199, 33
199, 34
199, 35
199, 36
199, 37
199, 38
199, 39
199, 40
199, 41
199, 42
199, 43
199, 44
199, 45
199, 46
199, 47
199, 48
199, 49
199, 50
199, 51
199, 52
199, 53
199, 54
199, 55
199, 56
199, 57
199, 58
199, 59
199, 60
199, 61
199, 62
199, 63
199, 64
199, 65
199, 66
199, 67
199, 68
199, 69
199, 70
199, 71
199, 72
199, 73
199, 74
199, 75
199, 76
199, 77
199, 78
199, 79
199, 80
199, 81
199, 82
199, 83
199, 84
199, 85
199, 86
199, 87
199, 88
199, 89
199, 90
199, 91
199, 92
199, 93
200, 22
200, 23
200, 24
200, 25
200, 26
200, 27
200, 28
200, 29
200, 30
200, 31
200, 32
200, 33
200, 34
200, 35
200, 36
200, 37
200, 38
200, 39
200, 40
200, 41
200, 42
200, 43
200, 44
200, 45
200, 46
200, 47
200, 48
200, 49
200, 50
200, 51
200, 52
200, 53
200, 54
200, 55
200, 56
200, 57
200, 58
200, 59
200, 60
200, 61
200, 62
200, 63
200, 64
200, 65
200, 66
200, 67
200, 68
200, 69
200, 70
200, 71
200, 72
200, 73
200, 74
200, 75
200, 76
200, 77
200, 78
200, 79
200, 80
200, 81
200, 82
200, 83
200, 84
200, 85
200, 86
200, 87
200, 88
200, 89
200, 90
200, 91
200, 92
200, 93
201, 22
201, 23
201, 24
201, 25
201, 26
201, 27
201, 28
201, 29
201, 30
201, 31
201, 32
201, 33
201, 34
201, 35
201, 36
201, 37
201, 38
201, 39
201, 40
201, 41
201, 42
201, 43
201, 44
201, 45
201, 46
201, 47
201, 48
201, 49
201, 50
201, 51
201, 52
201, 53
201, 54
201, 55
201, 56
201, 57
201, 58
201, 59
201, 60
201, 61
201, 62
201, 63
201, 64
201, 65
201, 66
201, 67
201, 68
201, 69
201, 70
201, 71
201, 72
201, 73
201, 74
201, 75
201, 76
201, 77
201, 78
201, 79
201, 80
201, 81
201, 82
201, 83
201, 84
201, 85
201, 86
201, 87
201, 88
201, 89
201, 90
201, 91
201, 92
201, 93
201, 94
202, 22
202, 23
202, 24
202, 25
202, 26
202, 27
202, 28
202, 29
202, 30
202, 31
202, 32
202, 33
202, 34
202, 35
202, 36
202, 37
202, 38
202, 39
202, 40
202, 41
202, 42
202, 43
202, 44
202, 45
202, 46
202, 47
202, 48
202, 49
202, 50
202, 51
202, 52
202, 53
202, 54
202, 55
202, 56
202, 57
202, 58
202, 59
202, 60
202, 61
202, 62
202, 63
202, 64
202, 65
202, 66
202, 67
202, 68
202, 69
202, 70
202, 71
202, 72
202, 73
202, 74
202, 75
202, 76
202, 77
202, 78
202, 79
202, 80
202, 81
202, 82
202, 83
202, 84
202, 85
202, 86
202, 87
202, 88
202, 89
202, 90
202, 91
202, 92
202, 93
202, 94
203, 22
203, 23
203, 24
203, 25
203, 26
203, 27
203, 28
203, 29
203, 30
203, 31
203, 32
203, 33
203, 34
203, 35
203, 36
203, 37
203, 38
203, 39
203, 40
203, 41
203, 42
203, 43
203, 44
203, 45
203, 46
203, 47
203, 48
203, 49
203, 50
203, 51
203, 52
203, 53
203, 54
203, 55
203, 56
203, 57
203, 58
203, 59
203, 60
203, 61
203, 62
203, 63
203, 64
203, 65
203, 66
203, 67
203, 68
203, 69
203, 70
203, 71
203, 72
203, 73
203, 74
203, 75
203, 76
203, 77
203, 78
203, 79
203, 80
203, 81
203, 82
203, 83
203, 84
203, 85
203, 86
203, 87
203, 88
203, 89
203, 90
203, 91
203, 92
203, 93
203, 94
203, 95
204, 22
204, 23
204, 24
204, 25
204, 26
204, 27
204, 28
204, 29
204, 30
204, 31
204, 32
204, 33
204, 34
204, 35
204, 36
204, 37
204, 38
204, 39
204, 40
204, 41
204, 42
204, 43
204, 44
204, 45
204, 46
204, 47
204, 48
204, 49
204, 50
204, 51
204, 52
204, 53
204, 54
204, 55
204, 56
204, 57
204, 58
204, 59
204, 60
204, 61
204, 62
204, 63
204, 64
204, 65
204, 66
204, 67
204, 68
204, 69
204, 70
204, 71
204, 72
204, 73
204, 74
204, 75
204, 76
204, 77
204, 78
204, 79
204, 80
204, 81
204, 82
204, 83
204, 84
204, 85
204, 86
204, 87
204, 88
204, 89
204, 90
204, 91
204, 92
204, 93
204, 94
204, 95
205, 21
205, 22
205, 23
205, 24
205, 25
205, 26
205, 27
205, 28
205, 29
205, 30
205, 31
205, 32
205, 33
205, 34
205, 35
205, 36
205, 37
205, 38
205, 39
205, 40
205, 41
205, 42
205, 43
205, 44
205, 45
205, 46
205, 47
205, 48
205, 49
205, 50
205, 51
205, 52
205, 53
205, 54
205, 55
205, 56
205, 57
205, 58
205, 59
205, 60
205, 61
205, 62
205, 63
205, 64
205, 65
205, 66
205, 67
205, 68
205, 69
205, 70
205, 71
205, 72
205, 73
205, 74
205, 75
205, 76
205, 77
205, 78
205, 79
205, 80
205, 81
205, 82
205, 83
205, 84
205, 85
205, 86
205, 87
205, 88
205, 89
205, 90
205, 91
205, 92
205, 93
205, 94
205, 95
206, 21
206, 22
206, 23
206, 24
206, 25
206, 26
206, 27
206, 28
206, 29
206, 30
206, 31
206, 32
206, 33
206, 34
206, 35
206, 36
206, 37
206, 38
206, 39
206, 40
206, 41
206, 42
206, 43
206, 44
206, 45
206, 46
206, 47
206, 48
206, 49
206, 50
206, 51
206, 52
206, 53
206, 54
206, 55
206, 56
206, 57
206, 58
206, 59
206, 60
206, 61
206, 62
206, 63
206, 64
206, 65
206, 66
206, 67
206, 68
206, 69
206, 70
206, 71
206, 72
206, 73
206, 74
206, 75
206, 76
206, 77
206, 78
206, 79
206, 80
206, 81
206, 82
206, 83
206, 84
206, 85
206, 86
206, 87
206, 88
206, 89
206, 90
206, 91
206, 92
206, 93
206, 94
206, 95
207, 21
207, 22
207, 23
207, 24
207, 25
207, 26
207, 27
207, 28
207, 29
207, 30
207, 31
207, 32
207, 33
207, 34
207, 35
207, 36
207, 37
207, 38
207, 39
207, 40
207, 41
207, 42
207, 43
207, 44
207, 45
207, 46
207, 47
207, 48
207, 49
207, 50
207, 51
207, 52
207, 53
207, 54
207, 55
207, 56
207, 57
207, 58
207, 59
207, 60
207, 61
207, 62
207, 63
207, 64
207, 65
207, 66
207, 67
207, 68
207, 69
207, 70
207, 71
207, 72
207, 73
207, 74
207, 75
207, 76
207, 77
207, 78
207, 79
207, 80
207, 81
207, 82
207, 83
207, 84
207, 85
207, 86
207, 87
207, 88
207, 89
207, 90
207, 91
207, 92
207, 93
207, 94
207, 95
208, 21
208, 22
208, 23
208, 24
208, 25
208, 26
208, 27
208, 28
208, 29
208, 30
208, 31
208, 32
208, 33
208, 34
208, 35
208, 36
208, 37
208, 38
208, 39
208, 40
208, 41
208, 42
208, 43
208, 44
208, 45
208, 46
208, 47
208, 48
208, 49
208, 50
208, 51
208, 52
208, 53
208, 54
208, 55
208, 56
208, 57
208, 58
208, 59
208, 60
208, 61
208, 62
208, 63
208, 64
208, 65
208, 66
208, 67
208, 68
208, 69
208, 70
208, 71
208, 72
208, 73
208, 74
208, 75
208, 76
208, 77
208, 78
208, 79
208, 80
208, 81
208, 82
208, 83
208, 84
208, 85
208, 86
208, 87
208, 88
208, 89
208, 90
208, 91
208, 92
208, 93
208, 94
208, 95
209, 21
209, 22
209, 23
209, 24
209, 25
209, 26
209, 27
209, 28
209, 29
209, 30
209, 31
209, 32
209, 33
209, 34
209, 35
209, 36
209, 37
209, 38
209, 39
209, 40
209, 41
209, 42
209, 43
209, 44
209, 45
209, 46
209, 47
209, 48
209, 49
209, 50
209, 51
209, 52
209, 53
209, 54
209, 55
209, 56
209, 57
209, 58
209, 59
209, 60
209, 61
209, 62
209, 63
209, 64
209, 65
209, 66
209, 67
209, 68
209, 69
209, 70
209, 71
209, 72
209, 73
209, 74
209, 75
209, 76
209, 77
209, 78
209, 79
209, 80
209, 81
209, 82
209, 83
209, 84
209, 85
209, 86
209, 87
209, 88
209, 89
209, 90
209, 91
209, 92
209, 93
209, 94
209, 95
210, 21
210, 22
210, 23
210, 24
210, 25
210, 26
210, 27
210, 28
210, 29
210, 30
210, 31
210, 32
210, 33
210, 34
210, 35
210, 36
210, 37
210, 38
210, 39
210, 40
210, 41
210, 42
210, 43
210, 44
210, 45
210, 46
210, 47
210, 48
210, 49
210, 50
210, 51
210, 52
210, 53
210, 54
210, 55
210, 56
210, 57
210, 58
210, 59
210, 60
210, 61
210, 62
210, 63
210, 64
210, 65
210, 66
210, 67
210, 68
210, 69
210, 70
210, 71
210, 72
210, 73
210, 74
210, 75
210, 76
210, 77
210, 78
210, 79
210, 80
210, 81
210, 82
210, 83
210, 84
210, 85
210, 86
210, 87
210, 88
210, 89
210, 90
210, 91
210, 92
210, 93
210, 94
210, 95
211, 21
211, 22
211, 23
211, 24
211, 25
211, 26
211, 27
211, 28
211, 29
211, 30
211, 31
211, 32
211, 33
211, 34
211, 35
211, 36
211, 37
211, 38
211, 39
211, 40
211, 41
211, 42
211, 43
211, 44
211, 45
211, 46
211, 47
211, 48
211, 49
211, 50
211, 51
211, 52
211, 53
211, 54
211, 55
211, 56
211, 57
211, 58
211, 59
211, 60
211, 61
211, 62
211, 63
211, 64
211, 65
211, 66
211, 67
211, 68
211, 69
211, 70
211, 71
211, 72
211, 73
211, 74
211, 75
211, 76
211, 77
211, 78
211, 79
211, 80
211, 81
211, 82
211, 83
211, 84
211, 85
211, 86
211, 87
211, 88
211, 89
211, 90
211, 91
211, 92
211, 93
211, 94
211, 95
212, 21
212, 22
212, 23
212, 24
212, 25
212, 26
212, 27
212, 28
212, 29
212, 30
212, 31
212, 32
212, 33
212, 34
212, 35
212, 36
212, 37
212, 38
212, 39
212, 40
212, 41
212, 42
212, 43
212, 44
212, 45
212, 46
212, 47
212, 48
212, 49
212, 50
212, 51
212, 52
212, 53
212, 54
212, 55
212, 56
212, 57
212, 58
212, 59
212, 60
212, 61
212, 62
212, 63
212, 64
212, 65
212, 66
212, 67
212, 68
212, 69
212, 70
212, 71
212, 72
212, 73
212, 74
212, 75
212, 76
212, 77
212, 78
212, 79
212, 80
212, 81
212, 82
212, 83
212, 84
212, 85
212, 86
212, 87
212, 88
212, 89
212, 90
212, 91
212, 92
212, 93
212, 94
212, 95
212, 96
213, 21
213, 22
213, 23
213, 24
213, 25
213, 26
213, 27
213, 28
213, 29
213, 30
213, 31
213, 32
213, 33
213, 34
213, 35
213, 36
213, 37
213, 38
213, 39
213, 40
213, 41
213, 42
213, 43
213, 44
213, 45
213, 46
213, 47
213, 48
213, 49
213, 50
213, 51
213, 52
213, 53
213, 54
213, 55
213, 56
213, 57
213, 58
213, 59
213, 60
213, 61
213, 62
213, 63
213, 64
213, 65
213, 66
213, 67
213, 68
213, 69
213, 70
213, 71
213, 72
213, 73
213, 74
213, 75
213, 76
213, 77
213, 78
213, 79
213, 80
213, 81
213, 82
213, 83
213, 84
213, 85
213, 86
213, 87
213, 88
213, 89
213, 90
213, 91
213, 92
213, 93
213, 94
213, 95
213, 96
214, 21
214, 22
214, 23
214, 24
214, 25
214, 26
214, 27
214, 28
214, 29
214, 30
214, 31
214, 32
214, 33
214, 34
214, 35
214, 36
214, 37
214, 38
214, 39
214, 40
214, 41
214, 42
214, 43
214, 44
214, 45
214, 46
214, 47
214, 48
214, 49
214, 50
214, 51
214, 52
214, 53
214, 54
214, 55
214, 56
214, 57
214, 58
214, 59
214, 60
214, 61
214, 62
214, 63
214, 64
214, 65
214, 66
214, 67
214, 68
214, 69
214, 70
214, 71
214, 72
214, 73
214, 74
214, 75
214, 76
214, 77
214, 78
214, 79
214, 80
214, 81
214, 82
214, 83
214, 84
214, 85
214, 86
214, 87
214, 88
214, 89
214, 90
214, 91
214, 92
214, 93
214, 94
214, 95
214, 96
215, 21
215, 22
215, 23
215, 24
215, 25
215, 26
215, 27
215, 28
215, 29
215, 30
215, 31
215, 32
215, 33
215, 34
215, 35
215, 36
215, 37
215, 38
215, 39
215, 40
215, 41
215, 42
215, 43
215, 44
215, 45
215, 46
215, 47
215, 48
215, 49
215, 50
215, 51
215, 52
215, 53
215, 54
215, 55
215, 56
215, 57
215, 58
215, 59
215, 60
215, 61
215, 62
215, 63
215, 64
215, 65
215, 66
215, 67
215, 68
215, 69
215, 70
215, 71
215, 72
215, 73
215, 74
215, 75
215, 76
215, 77
215, 78
215, 79
215, 80
215, 81
215, 82
215, 83
215, 84
215, 85
215, 86
215, 87
215, 88
215, 89
215, 90
215, 91
215, 92
215, 93
215, 94
215, 95
215, 96
216, 21
216, 22
216, 23
216, 24
216, 25
216, 26
216, 27
216, 28
216, 29
216, 30
216, 31
216, 32
216, 33
216, 34
216, 35
216, 36
216, 37
216, 38
216, 39
216, 40
216, 41
216, 42
216, 43
216, 44
216, 45
216, 46
216, 47
216, 48
216, 49
216, 50
216, 51
216, 52
216, 53
216, 54
216, 55
216, 56
216, 57
216, 58
216, 59
216, 60
216, 61
216, 62
216, 63
216, 64
216, 65
216, 66
216, 67
216, 68
216, 69
216, 70
216, 71
216, 72
216, 73
216, 74
216, 75
216, 76
216, 77
216, 78
216, 79
216, 80
216, 81
216, 82
216, 83
216, 84
216, 85
216, 86
216, 87
216, 88
216, 89
216, 90
216, 91
216, 92
216, 93
216, 94
216, 95
216, 96
217, 21
217, 22
217, 23
217, 24
217, 25
217, 26
217, 27
217, 28
217, 29
217, 30
217, 31
217, 32
217, 33
217, 34
217, 35
217, 36
217, 37
217, 38
217, 39
217, 40
217, 41
217, 42
217, 43
217, 44
217, 45
217, 46
217, 47
217, 48
217, 49
217, 50
217, 51
217, 52
217, 53
217, 54
217, 55
217, 56
217, 57
217, 58
217, 59
217, 60
217, 61
217, 62
217, 63
217, 64
217, 65
217, 66
217, 67
217, 68
217, 69
217, 70
217, 71
217, 72
217, 73
217, 74
217, 75
217, 76
217, 77
217, 78
217, 79
217, 80
217, 81
217, 82
217, 83
217, 84
217, 85
217, 86
217, 87
217, 88
217, 89
217, 90
217, 91
217, 92
217, 93
217, 94
217, 95
217, 96
218, 21
218, 22
218, 23
218, 24
218, 25
218, 26
218, 27
218, 28
218, 29
218, 30
218, 31
218, 32
218, 33
218, 34
218, 35
218, 36
218, 37
218, 38
218, 39
218, 40
218, 41
218, 42
218, 43
218, 44
218, 45
218, 46
218, 47
218, 48
218, 49
218, 50
218, 51
218, 52
218, 53
218, 54
218, 55
218, 56
218, 57
218, 58
218, 59
218, 60
218, 61
218, 62
218, 63
218, 64
218, 65
218, 66
218, 67
218, 68
218, 69
218, 70
218, 71
218, 72
218, 73
218, 74
218, 75
218, 76
218, 77
218, 78
218, 79
218, 80
218, 81
218, 82
218, 83
218, 84
218, 85
218, 86
218, 87
218, 88
218, 89
218, 90
218, 91
218, 92
218, 93
218, 94
218, 95
218, 96
219, 21
219, 22
219, 23
219, 24
219, 25
219, 26
219, 27
219, 28
219, 29
219, 30
219, 31
219, 32
219, 33
219, 34
219, 35
219, 36
219, 37
219, 38
219, 39
219, 40
219, 41
219, 42
219, 43
219, 44
219, 45
219, 46
219, 47
219, 48
219, 49
219, 50
219, 51
219, 52
219, 53
219, 54
219, 55
219, 56
219, 57
219, 58
219, 59
219, 60
219, 61
219, 62
219, 63
219, 64
219, 65
219, 66
219, 67
219, 68
219, 69
219, 70
219, 71
219, 72
219, 73
219, 74
219, 75
219, 76
219, 77
219, 78
219, 79
219, 80
219, 81
219, 82
219, 83
219, 84
219, 85
219, 86
219, 87
219, 88
219, 89
219, 90
219, 91
219, 92
219, 93
219, 94
219, 95
219, 96
220, 21
220, 22
220, 23
220, 24
220, 25
220, 26
220, 27
220, 28
220, 29
220, 30
220, 31
220, 32
220, 33
220, 34
220, 35
220, 36
220, 37
220, 38
220, 39
220, 40
220, 41
220, 42
220, 43
220, 44
220, 45
220, 46
220, 47
220, 48
220, 49
220, 50
220, 51
220, 52
220, 53
220, 54
220, 55
220, 56
220, 57
220, 58
220, 59
220, 60
220, 61
220, 62
220, 63
220, 64
220, 65
220, 66
220, 67
220, 68
220, 69
220, 70
220, 71
220, 72
220, 73
220, 74
220, 75
220, 76
220, 77
220, 78
220, 79
220, 80
220, 81
220, 82
220, 83
220, 84
220, 85
220, 86
220, 87
220, 88
220, 89
220, 90
220, 91
220, 92
220, 93
220, 94
220, 95
220, 96
220, 97
221, 21
221, 22
221, 23
221, 24
221, 25
221, 26
221, 27
221, 28
221, 29
221, 30
221, 31
221, 32
221, 33
221, 34
221, 35
221, 36
221, 37
221, 38
221, 39
221, 40
221, 41
221, 42
221, 43
221, 44
221, 45
221, 46
221, 47
221, 48
221, 49
221, 50
221, 51
221, 52
221, 53
221, 54
221, 55
221, 56
221, 57
221, 58
221, 59
221, 60
221, 61
221, 62
221, 63
221, 64
221, 65
221, 66
221, 67
221, 68
221, 69
221, 70
221, 71
221, 72
221, 73
221, 74
221, 75
221, 76
221, 77
221, 78
221, 79
221, 80
221, 81
221, 82
221, 83
221, 84
221, 85
221, 86
221, 87
221, 88
221, 89
221, 90
221, 91
221, 92
221, 93
221, 94
221, 95
221, 96
221, 97
222, 21
222, 22
222, 23
222, 24
222, 25
222, 26
222, 27
222, 28
222, 29
222, 30
222, 31
222, 32
222, 33
222, 34
222, 35
222, 36
222, 37
222, 38
222, 39
222, 40
222, 41
222, 42
222, 43
222, 44
222, 45
222, 46
222, 47
222, 48
222, 49
222, 50
222, 51
222, 52
222, 53
222, 54
222, 55
222, 56
222, 57
222, 58
222, 59
222, 60
222, 61
222, 62
222, 63
222, 64
222, 65
222, 66
222, 67
222, 68
222, 69
222, 70
222, 71
222, 72
222, 73
222, 74
222, 75
222, 76
222, 77
222, 78
222, 79
222, 80
222, 81
222, 82
222, 83
222, 84
222, 85
222, 86
222, 87
222, 88
222, 89
222, 90
222, 91
222, 92
222, 93
222, 94
222, 95
222, 96
222, 97
223, 22
223, 23
223, 24
223, 25
223, 26
223, 27
223, 28
223, 29
223, 30
223, 31
223, 32
223, 33
223, 34
223, 35
223, 36
223, 37
223, 38
223, 39
223, 40
223, 41
223, 42
223, 43
223, 44
223, 45
223, 46
223, 47
223, 48
223, 49
223, 50
223, 51
223, 52
223, 53
223, 54
223, 55
223, 56
223, 57
223, 58
223, 59
223, 60
223, 61
223, 62
223, 63
223, 64
223, 65
223, 66
223, 67
223, 68
223, 69
223, 70
223, 71
223, 72
223, 73
223, 74
223, 75
223, 76
223, 77
223, 78
223, 79
223, 80
223, 81
223, 82
223, 83
223, 84
223, 85
223, 86
223, 87
223, 88
223, 89
223, 90
223, 91
223, 92
223, 93
223, 94
223, 95
223, 96
223, 97
224, 22
224, 23
224, 24
224, 25
224, 26
224, 27
224, 28
224, 29
224, 30
224, 31
224, 32
224, 33
224, 34
224, 35
224, 36
224, 37
224, 38
224, 39
224, 40
224, 41
224, 42
224, 43
224, 44
224, 45
224, 46
224, 47
224, 48
224, 49
224, 50
224, 51
224, 52
224, 53
224, 54
224, 55
224, 56
224, 57
224, 58
224, 59
224, 60
224, 61
224, 62
224, 63
224, 64
224, 65
224, 66
224, 67
224, 68
224, 69
224, 70
224, 71
224, 72
224, 73
224, 74
224, 75
224, 76
224, 77
224, 78
224, 79
224, 80
224, 81
224, 82
224, 83
224, 84
224, 85
224, 86
224, 87
224, 88
224, 89
224, 90
224, 91
224, 92
224, 93
224, 94
224, 95
224, 96
224, 97
225, 22
225, 23
225, 24
225, 25
225, 26
225, 27
225, 28
225, 29
225, 30
225, 31
225, 32
225, 33
225, 34
225, 35
225, 36
225, 37
225, 38
225, 39
225, 40
225, 41
225, 42
225, 43
225, 44
225, 45
225, 46
225, 47
225, 48
225, 49
225, 50
225, 51
225, 52
225, 53
225, 54
225, 55
225, 56
225, 57
225, 58
225, 59
225, 60
225, 61
225, 62
225, 63
225, 64
225, 65
225, 66
225, 67
225, 68
225, 69
225, 70
225, 71
225, 72
225, 73
225, 74
225, 75
225, 76
225, 77
225, 78
225, 79
225, 80
225, 81
225, 82
225, 83
225, 84
225, 85
225, 86
225, 87
225, 88
225, 89
225, 90
225, 91
225, 92
225, 93
225, 94
225, 95
225, 96
225, 97
226, 22
226, 23
226, 24
226, 25
226, 26
226, 27
226, 28
226, 29
226, 30
226, 31
226, 32
226, 33
226, 34
226, 35
226, 36
226, 37
226, 38
226, 39
226, 40
226, 41
226, 42
226, 43
226, 44
226, 45
226, 46
226, 47
226, 48
226, 49
226, 50
226, 51
226, 52
226, 53
226, 54
226, 55
226, 56
226, 57
226, 58
226, 59
226, 60
226, 61
226, 62
226, 63
226, 64
226, 65
226, 66
226, 67
226, 68
226, 69
226, 70
226, 71
226, 72
226, 73
226, 74
226, 75
226, 76
226, 77
226, 78
226, 79
226, 80
226, 81
226, 82
226, 83
226, 84
226, 85
226, 86
226, 87
226, 88
226, 89
226, 90
226, 91
226, 92
226, 93
226, 94
226, 95
226, 96
226, 97
227, 22
227, 23
227, 24
227, 25
227, 26
227, 27
227, 28
227, 29
227, 30
227, 31
227, 32
227, 33
227, 34
227, 35
227, 36
227, 37
227, 38
227, 39
227, 40
227, 41
227, 42
227, 43
227, 44
227, 45
227, 46
227, 47
227, 48
227, 49
227, 50
227, 51
227, 52
227, 53
227, 54
227, 55
227, 56
227, 57
227, 58
227, 59
227, 60
227, 61
227, 62
227, 63
227, 64
227, 65
227, 66
227, 67
227, 68
227, 69
227, 70
227, 71
227, 72
227, 73
227, 74
227, 75
227, 76
227, 77
227, 78
227, 79
227, 80
227, 81
227, 82
227, 83
227, 84
227, 85
227, 86
227, 87
227, 88
227, 89
227, 90
227, 91
227, 92
227, 93
227, 94
227, 95
227, 96
227, 97
228, 22
228, 23
228, 24
228, 25
228, 26
228, 27
228, 28
228, 29
228, 30
228, 31
228, 32
228, 33
228, 34
228, 35
228, 36
228, 37
228, 38
228, 39
228, 40
228, 41
228, 42
228, 43
228, 44
228, 45
228, 46
228, 47
228, 48
228, 49
228, 50
228, 51
228, 52
228, 53
228, 54
228, 55
228, 56
228, 57
228, 58
228, 59
228, 60
228, 61
228, 62
228, 63
228, 64
228, 65
228, 66
228, 67
228, 68
228, 69
228, 70
228, 71
228, 72
228, 73
228, 74
228, 75
228, 76
228, 77
228, 78
228, 79
228, 80
228, 81
228, 82
228, 83
228, 84
228, 85
228, 86
228, 87
228, 88
228, 89
228, 90
228, 91
228, 92
228, 93
228, 94
228, 95
228, 96
228, 97
229, 23
229, 24
229, 25
229, 26
229, 27
229, 28
229, 29
229, 30
229, 31
229, 32
229, 33
229, 34
229, 35
229, 36
229, 37
229, 38
229, 39
229, 40
229, 41
229, 42
229, 43
229, 44
229, 45
229, 46
229, 47
229, 48
229, 49
229, 50
229, 51
229, 52
229, 53
229, 54
229, 55
229, 56
229, 57
229, 58
229, 59
229, 60
229, 61
229, 62
229, 63
229, 64
229, 65
229, 66
229, 67
229, 68
229, 69
229, 70
229, 71
229, 72
229, 73
229, 74
229, 75
229, 76
229, 77
229, 78
229, 79
229, 80
229, 81
229, 82
229, 83
229, 84
229, 85
229, 86
229, 87
229, 88
229, 89
229, 90
229, 91
229, 92
229, 93
229, 94
229, 95
229, 96
229, 97
230, 24
230, 25
230, 26
230, 27
230, 28
230, 29
230, 30
230, 31
230, 32
230, 33
230, 34
230, 35
230, 36
230, 37
230, 38
230, 39
230, 40
230, 41
230, 42
230, 43
230, 44
230, 45
230, 46
230, 47
230, 48
230, 49
230, 50
230, 51
230, 52
230, 53
230, 54
230, 55
230, 56
230, 57
230, 58
230, 59
230, 60
230, 61
230, 62
230, 63
230, 64
230, 65
230, 66
230, 67
230, 68
230, 69
230, 70
230, 71
230, 72
230, 73
230, 74
230, 75
230, 76
230, 77
230, 78
230, 79
230, 80
230, 81
230, 82
230, 83
230, 84
230, 85
230, 86
230, 87
230, 88
230, 89
230, 90
230, 91
230, 92
230, 93
230, 94
230, 95
230, 96
230, 97
231, 26
231, 27
231, 28
231, 29
231, 30
231, 31
231, 32
231, 33
231, 34
231, 35
231, 36
231, 37
231, 38
231, 39
231, 40
231, 41
231, 42
231, 43
231, 44
231, 45
231, 46
231, 47
231, 48
231, 49
231, 50
231, 51
231, 52
231, 53
231, 54
231, 55
231, 56
231, 57
231, 58
231, 59
231, 60
231, 61
231, 62
231, 63
231, 64
231, 65
231, 66
231, 67
231, 68
231, 69
231, 70
231, 71
231, 72
231, 73
231, 74
231, 75
231, 76
231, 77
231, 78
231, 79
231, 80
231, 81
231, 82
231, 83
231, 84
231, 85
231, 86
231, 87
231, 88
231, 89
231, 90
231, 91
231, 92
231, 93
231, 94
231, 95
231, 96
231, 97
232, 26
232, 27
232, 28
232, 29
232, 30
232, 31
232, 32
232, 33
232, 34
232, 35
232, 36
232, 37
232, 38
232, 39
232, 40
232, 41
232, 42
232, 43
232, 44
232, 45
232, 46
232, 47
232, 48
232, 49
232, 50
232, 51
232, 52
232, 53
232, 54
232, 55
232, 56
232, 57
232, 58
232, 59
232, 60
232, 61
232, 62
232, 63
232, 64
232, 65
232, 66
232, 67
232, 68
232, 69
232, 70
232, 71
232, 72
232, 73
232, 74
232, 75
232, 76
232, 77
232, 78
232, 79
232, 80
232, 81
232, 82
232, 83
232, 84
232, 85
232, 86
232, 87
232, 88
232, 89
232, 90
232, 91
232, 92
232, 93
232, 94
232, 95
232, 96
232, 97
233, 27
233, 28
233, 29
233, 30
233, 31
233, 32
233, 33
233, 34
233, 35
233, 36
233, 37
233, 38
233, 39
233, 40
233, 41
233, 42
233, 43
233, 44
233, 45
233, 46
233, 47
233, 48
233, 49
233, 50
233, 51
233, 52
233, 53
233, 54
233, 55
233, 56
233, 57
233, 58
233, 59
233, 60
233, 61
233, 62
233, 63
233, 64
233, 65
233, 66
233, 67
233, 68
233, 69
233, 70
233, 71
233, 72
233, 73
233, 74
233, 75
233, 76
233, 77
233, 78
233, 79
233, 80
233, 81
233, 82
233, 83
233, 84
233, 85
233, 86
233, 87
233, 88
233, 89
233, 90
233, 91
233, 92
233, 93
233, 94
233, 95
233, 96
233, 97
234, 28
234, 29
234, 30
234, 31
234, 32
234, 33
234, 34
234, 35
234, 36
234, 37
234, 38
234, 39
234, 40
234, 41
234, 42
234, 43
234, 44
234, 45
234, 46
234, 47
234, 48
234, 49
234, 50
234, 51
234, 52
234, 53
234, 54
234, 55
234, 56
234, 57
234, 58
234, 59
234, 60
234, 61
234, 62
234, 63
234, 64
234, 65
234, 66
234, 67
234, 68
234, 69
234, 70
234, 71
234, 72
234, 73
234, 74
234, 75
234, 76
234, 77
234, 78
234, 79
234, 80
234, 81
234, 82
234, 83
234, 84
234, 85
234, 86
234, 87
234, 88
234, 89
234, 90
234, 91
234, 92
234, 93
234, 94
234, 95
234, 96
234, 97
235, 29
235, 30
235, 31
235, 32
235, 33
235, 34
235, 35
235, 36
235, 37
235, 38
235, 39
235, 40
235, 41
235, 42
235, 43
235, 44
235, 45
235, 46
235, 47
235, 48
235, 49
235, 50
235, 51
235, 52
235, 53
235, 54
235, 55
235, 56
235, 57
235, 58
235, 59
235, 60
235, 61
235, 62
235, 63
235, 64
235, 65
235, 66
235, 67
235, 68
235, 69
235, 70
235, 71
235, 72
235, 73
235, 74
235, 75
235, 76
235, 77
235, 78
235, 79
235, 80
235, 81
235, 82
235, 83
235, 84
235, 85
235, 86
235, 87
235, 88
235, 89
235, 90
235, 91
235, 92
235, 93
235, 94
235, 95
235, 96
235, 97
236, 30
236, 31
236, 32
236, 33
236, 34
236, 35
236, 36
236, 37
236, 38
236, 39
236, 40
236, 41
236, 42
236, 43
236, 44
236, 45
236, 46
236, 47
236, 48
236, 49
236, 50
236, 51
236, 52
236, 53
236, 54
236, 55
236, 56
236, 57
236, 58
236, 59
236, 60
236, 61
236, 62
236, 63
236, 64
236, 65
236, 66
236, 67
236, 68
236, 69
236, 70
236, 71
236, 72
236, 73
236, 74
236, 75
236, 76
236, 77
236, 78
236, 79
236, 80
236, 81
236, 82
236, 83
236, 84
236, 85
236, 86
236, 87
236, 88
236, 89
236, 90
236, 91
236, 92
236, 93
236, 94
236, 95
236, 96
236, 97
237, 30
237, 31
237, 32
237, 33
237, 34
237, 35
237, 36
237, 37
237, 38
237, 39
237, 40
237, 41
237, 42
237, 43
237, 44
237, 45
237, 46
237, 47
237, 48
237, 49
237, 50
237, 51
237, 52
237, 53
237, 54
237, 55
237, 56
237, 57
237, 58
237, 59
237, 60
237, 61
237, 62
237, 63
237, 64
237, 65
237, 66
237, 67
237, 68
237, 69
237, 70
237, 71
237, 72
237, 73
237, 74
237, 75
237, 76
237, 77
237, 78
237, 79
237, 80
237, 81
237, 82
237, 83
237, 84
237, 85
237, 86
237, 87
237, 88
237, 89
237, 90
237, 91
237, 92
237, 93
237, 94
237, 95
237, 96
237, 97
238, 31
238, 32
238, 33
238, 34
238, 35
238, 36
238, 37
238, 38
238, 39
238, 40
238, 41
238, 42
238, 43
238, 44
238, 45
238, 46
238, 47
238, 48
238, 49
238, 50
238, 51
238, 52
238, 53
238, 54
238, 55
238, 56
238, 57
238, 58
238, 59
238, 60
238, 61
238, 62
238, 63
238, 64
238, 65
238, 66
238, 67
238, 68
238, 69
238, 70
238, 71
238, 72
238, 73
238, 74
238, 75
238, 76
238, 77
238, 78
238, 79
238, 80
238, 81
238, 82
238, 83
238, 84
238, 85
238, 86
238, 87
238, 88
238, 89
238, 90
238, 91
238, 92
238, 93
238, 94
238, 95
238, 96
238, 97
239, 32
239, 33
239, 34
239, 35
239, 36
239, 37
239, 38
239, 39
239, 40
239, 41
239, 42
239, 43
239, 44
239, 45
239, 46
239, 47
239, 48
239, 49
239, 50
239, 51
239, 52
239, 53
239, 54
239, 55
239, 56
239, 57
239, 58
239, 59
239, 60
239, 61
239, 62
239, 63
239, 64
239, 65
239, 66
239, 67
239, 68
239, 69
239, 70
239, 71
239, 72
239, 73
239, 74
239, 75
239, 76
239, 77
239, 78
239, 79
239, 80
239, 81
239, 82
239, 83
239, 84
239, 85
239, 86
239, 87
239, 88
239, 89
239, 90
239, 91
239, 92
239, 93
239, 94
239, 95
239, 96
239, 97
240, 32
240, 33
240, 34
240, 35
240, 36
240, 37
240, 38
240, 39
240, 40
240, 41
240, 42
240, 43
240, 44
240, 45
240, 46
240, 47
240, 48
240, 49
240, 50
240, 51
240, 52
240, 53
240, 54
240, 55
240, 56
240, 57
240, 58
240, 59
240, 60
240, 61
240, 62
240, 63
240, 64
240, 65
240, 66
240, 67
240, 68
240, 69
240, 70
240, 71
240, 72
240, 73
240, 74
240, 75
240, 76
240, 77
240, 78
240, 79
240, 80
240, 81
240, 82
240, 83
240, 84
240, 85
240, 86
240, 87
240, 88
240, 89
240, 90
240, 91
240, 92
240, 93
240, 94
240, 95
240, 96
240, 97
241, 33
241, 34
241, 35
241, 36
241, 37
241, 38
241, 39
241, 40
241, 41
241, 42
241, 43
241, 44
241, 45
241, 46
241, 47
241, 48
241, 49
241, 50
241, 51
241, 52
241, 53
241, 54
241, 55
241, 56
241, 57
241, 58
241, 59
241, 60
241, 61
241, 62
241, 63
241, 64
241, 65
241, 66
241, 67
241, 68
241, 69
241, 70
241, 71
241, 72
241, 73
241, 74
241, 75
241, 76
241, 77
241, 78
241, 79
241, 80
241, 81
241, 82
241, 83
241, 84
241, 85
241, 86
241, 87
241, 88
241, 89
241, 90
241, 91
241, 92
241, 93
241, 94
241, 95
241, 96
241, 97
242, 33
242, 34
242, 35
242, 36
242, 37
242, 38
242, 39
242, 40
242, 41
242, 42
242, 43
242, 44
242, 45
242, 46
242, 47
242, 48
242, 49
242, 50
242, 51
242, 52
242, 53
242, 54
242, 55
242, 56
242, 57
242, 58
242, 59
242, 60
242, 61
242, 62
242, 63
242, 64
242, 65
242, 66
242, 67
242, 68
242, 69
242, 70
242, 71
242, 72
242, 73
242, 74
242, 75
242, 76
242, 77
242, 78
242, 79
242, 80
242, 81
242, 82
242, 83
242, 84
242, 85
242, 86
242, 87
242, 88
242, 89
242, 90
242, 91
242, 92
242, 93
242, 94
242, 95
242, 96
242, 97
243, 33
243, 34
243, 35
243, 36
243, 37
243, 38
243, 39
243, 40
243, 41
243, 42
243, 43
243, 44
243, 45
243, 46
243, 47
243, 48
243, 49
243, 50
243, 51
243, 52
243, 53
243, 54
243, 55
243, 56
243, 57
243, 58
243, 59
243, 60
243, 61
243, 62
243, 63
243, 64
243, 65
243, 66
243, 67
243, 68
243, 69
243, 70
243, 71
243, 72
243, 73
243, 74
243, 75
243, 76
243, 77
243, 78
243, 79
243, 80
243, 81
243, 82
243, 83
243, 84
243, 85
243, 86
243, 87
243, 88
243, 89
243, 90
243, 91
243, 92
243, 93
243, 94
243, 95
243, 96
243, 97
244, 34
244, 35
244, 36
244, 37
244, 38
244, 39
244, 40
244, 41
244, 42
244, 43
244, 44
244, 45
244, 46
244, 47
244, 48
244, 49
244, 50
244, 51
244, 52
244, 53
244, 54
244, 55
244, 56
244, 57
244, 58
244, 59
244, 60
244, 61
244, 62
244, 63
244, 64
244, 65
244, 66
244, 67
244, 68
244, 69
244, 70
244, 71
244, 72
244, 73
244, 74
244, 75
244, 76
244, 77
244, 78
244, 79
244, 80
244, 81
244, 82
244, 83
244, 84
244, 85
244, 86
244, 87
244, 88
244, 89
244, 90
244, 91
244, 92
244, 93
244, 94
244, 95
244, 96
244, 97
245, 35
245, 36
245, 37
245, 38
245, 39
245, 40
245, 41
245, 42
245, 43
245, 44
245, 45
245, 46
245, 47
245, 48
245, 49
245, 50
245, 51
245, 52
245, 53
245, 54
245, 55
245, 56
245, 57
245, 58
245, 59
245, 60
245, 61
245, 62
245, 63
245, 64
245, 65
245, 66
245, 67
245, 68
245, 69
245, 70
245, 71
245, 72
245, 73
245, 74
245, 75
245, 76
245, 77
245, 78
245, 79
245, 80
245, 81
245, 82
245, 83
245, 84
245, 85
245, 86
245, 87
245, 88
245, 89
245, 90
245, 91
245, 92
245, 93
245, 94
245, 95
245, 96
245, 97
246, 35
246, 36
246, 37
246, 38
246, 39
246, 40
246, 41
246, 42
246, 43
246, 44
246, 45
246, 46
246, 47
246, 48
246, 49
246, 50
246, 51
246, 52
246, 53
246, 54
246, 55
246, 56
246, 57
246, 58
246, 59
246, 60
246, 61
246, 62
246, 63
246, 64
246, 65
246, 66
246, 67
246, 68
246, 69
246, 70
246, 71
246, 72
246, 73
246, 74
246, 75
246, 76
246, 77
246, 78
246, 79
246, 80
246, 81
246, 82
246, 83
246, 84
246, 85
246, 86
246, 87
246, 88
246, 89
246, 90
246, 91
246, 92
246, 93
246, 94
246, 95
246, 96
246, 97
247, 36
247, 37
247, 38
247, 39
247, 40
247, 41
247, 42
247, 43
247, 44
247, 45
247, 46
247, 47
247, 48
247, 49
247, 50
247, 51
247, 52
247, 53
247, 54
247, 55
247, 56
247, 57
247, 58
247, 59
247, 60
247, 61
247, 62
247, 63
247, 64
247, 65
247, 66
247, 67
247, 68
247, 69
247, 70
247, 71
247, 72
247, 73
247, 74
247, 75
247, 76
247, 77
247, 78
247, 79
247, 80
247, 81
247, 82
247, 83
247, 84
247, 85
247, 86
247, 87
247, 88
247, 89
247, 90
247, 91
247, 92
247, 93
247, 94
247, 95
247, 96
247, 97
248, 37
248, 38
248, 39
248, 40
248, 41
248, 42
248, 43
248, 44
248, 45
248, 46
248, 47
248, 48
248, 49
248, 50
248, 51
248, 52
248, 53
248, 54
248, 55
248, 56
248, 57
248, 58
248, 59
248, 60
248, 61
248, 62
248, 63
248, 64
248, 65
248, 66
248, 67
248, 68
248, 69
248, 70
248, 71
248, 72
248, 73
248, 74
248, 75
248, 76
248, 77
248, 78
248, 79
248, 80
248, 81
248, 82
248, 83
248, 84
248, 85
248, 86
248, 87
248, 88
248, 89
248, 90
248, 91
248, 92
248, 93
248, 94
248, 95
248, 96
248, 97
249, 37
249, 38
249, 39
249, 40
249, 41
249, 42
249, 43
249, 44
249, 45
249, 46
249, 47
249, 48
249, 49
249, 50
249, 51
249, 52
249, 53
249, 54
249, 55
249, 56
249, 57
249, 58
249, 59
249, 60
249, 61
249, 62
249, 63
249, 64
249, 65
249, 66
249, 67
249, 68
249, 69
249, 70
249, 71
249, 72
249, 73
249, 74
249, 75
249, 76
249, 77
249, 78
249, 79
249, 80
249, 81
249, 82
249, 83
249, 84
249, 85
249, 86
249, 87
249, 88
249, 89
249, 90
249, 91
249, 92
249, 93
249, 94
249, 95
249, 96
249, 97
249, 98
250, 38
250, 39
250, 40
250, 41
250, 42
250, 43
250, 44
250, 45
250, 46
250, 47
250, 48
250, 49
250, 50
250, 51
250, 52
250, 53
250, 54
250, 55
250, 56
250, 57
250, 58
250, 59
250, 60
250, 61
250, 62
250, 63
250, 64
250, 65
250, 66
250, 67
250, 68
250, 69
250, 70
250, 71
250, 72
250, 73
250, 74
250, 75
250, 76
250, 77
250, 78
250, 79
250, 80
250, 81
250, 82
250, 83
250, 84
250, 85
250, 86
250, 87
250, 88
250, 89
250, 90
250, 91
250, 92
250, 93
250, 94
250, 95
250, 96
250, 97
250, 98
251, 39
251, 40
251, 41
251, 42
251, 43
251, 44
251, 45
251, 46
251, 47
251, 48
251, 49
251, 50
251, 51
251, 52
251, 53
251, 54
251, 55
251, 56
251, 57
251, 58
251, 59
251, 60
251, 61
251, 62
251, 63
251, 64
251, 65
251, 66
251, 67
251, 68
251, 69
251, 70
251, 71
251, 72
251, 73
251, 74
251, 75
251, 76
251, 77
251, 78
251, 79
251, 80
251, 81
251, 82
251, 83
251, 84
251, 85
251, 86
251, 87
251, 88
251, 89
251, 90
251, 91
251, 92
251, 93
251, 94
251, 95
251, 96
251, 97
251, 98
252, 39
252, 40
252, 41
252, 42
252, 43
252, 44
252, 45
252, 46
252, 47
252, 48
252, 49
252, 50
252, 51
252, 52
252, 53
252, 54
252, 55
252, 56
252, 57
252, 58
252, 59
252, 60
252, 61
252, 62
252, 63
252, 64
252, 65
252, 66
252, 67
252, 68
252, 69
252, 70
252, 71
252, 72
252, 73
252, 74
252, 75
252, 76
252, 77
252, 78
252, 79
252, 80
252, 81
252, 82
252, 83
252, 84
252, 85
252, 86
252, 87
252, 88
252, 89
252, 90
252, 91
252, 92
252, 93
252, 94
252, 95
252, 96
252, 97
252, 98
253, 40
253, 41
253, 42
253, 43
253, 44
253, 45
253, 46
253, 47
253, 48
253, 49
253, 50
253, 51
253, 52
253, 53
253, 54
253, 55
253, 56
253, 57
253, 58
253, 59
253, 60
253, 61
253, 62
253, 63
253, 64
253, 65
253, 66
253, 67
253, 68
253, 69
253, 70
253, 71
253, 72
253, 73
253, 74
253, 75
253, 76
253, 77
253, 78
253, 79
253, 80
253, 81
253, 82
253, 83
253, 84
253, 85
253, 86
253, 87
253, 88
253, 89
253, 90
253, 91
253, 92
253, 93
253, 94
253, 95
253, 96
253, 97
253, 98
254, 40
254, 41
254, 42
254, 43
254, 44
254, 45
254, 46
254, 47
254, 48
254, 49
254, 50
254, 51
254, 52
254, 53
254, 54
254, 55
254, 56
254, 57
254, 58
254, 59
254, 60
254, 61
254, 62
254, 63
254, 64
254, 65
254, 66
254, 67
254, 68
254, 69
254, 70
254, 71
254, 72
254, 73
254, 74
254, 75
254, 76
254, 77
254, 78
254, 79
254, 80
254, 81
254, 82
254, 83
254, 84
254, 85
254, 86
254, 87
254, 88
254, 89
254, 90
254, 91
254, 92
254, 93
254, 94
254, 95
254, 96
254, 97
254, 98
255, 41
255, 42
255, 43
255, 44
255, 45
255, 46
255, 47
255, 48
255, 49
255, 50
255, 51
255, 52
255, 53
255, 54
255, 55
255, 56
255, 57
255, 58
255, 59
255, 60
255, 61
255, 62
255, 63
255, 64
255, 65
255, 66
255, 67
255, 68
255, 69
255, 70
255, 71
255, 72
255, 73
255, 74
255, 75
255, 76
255, 77
255, 78
255, 79
255, 80
255, 81
255, 82
255, 83
255, 84
255, 85
255, 86
255, 87
255, 88
255, 89
255, 90
255, 91
255, 92
255, 93
255, 94
255, 95
255, 96
255, 97
255, 98
256, 41
256, 42
256, 43
256, 44
256, 45
256, 46
256, 47
256, 48
256, 49
256, 50
256, 51
256, 52
256, 53
256, 54
256, 55
256, 56
256, 57
256, 58
256, 59
256, 60
256, 61
256, 62
256, 63
256, 64
256, 65
256, 66
256, 67
256, 68
256, 69
256, 70
256, 71
256, 72
256, 73
256, 74
256, 75
256, 76
256, 77
256, 78
256, 79
256, 80
256, 81
256, 82
256, 83
256, 84
256, 85
256, 86
256, 87
256, 88
256, 89
256, 90
256, 91
256, 92
256, 93
256, 94
256, 95
256, 96
256, 97
256, 98
257, 42
257, 43
257, 44
257, 45
257, 46
257, 47
257, 48
257, 49
257, 50
257, 51
257, 52
257, 53
257, 54
257, 55
257, 56
257, 57
257, 58
257, 59
257, 60
257, 61
257, 62
257, 63
257, 64
257, 65
257, 66
257, 67
257, 68
257, 69
257, 70
257, 71
257, 72
257, 73
257, 74
257, 75
257, 76
257, 77
257, 78
257, 79
257, 80
257, 81
257, 82
257, 83
257, 84
257, 85
257, 86
257, 87
257, 88
257, 89
257, 90
257, 91
257, 92
257, 93
257, 94
257, 95
257, 96
257, 97
258, 43
258, 44
258, 45
258, 46
258, 47
258, 48
258, 49
258, 50
258, 51
258, 52
258, 53
258, 54
258, 55
258, 56
258, 57
258, 58
258, 59
258, 60
258, 61
258, 62
258, 63
258, 64
258, 65
258, 66
258, 67
258, 68
258, 69
258, 70
258, 71
258, 72
258, 73
258, 74
258, 75
258, 76
258, 77
258, 78
258, 79
258, 80
258, 81
258, 82
258, 83
258, 84
258, 85
258, 86
258, 87
258, 88
258, 89
258, 90
258, 91
258, 92
258, 93
258, 94
258, 95
258, 96
258, 97
259, 43
259, 44
259, 45
259, 46
259, 47
259, 48
259, 49
259, 50
259, 51
259, 52
259, 53
259, 54
259, 55
259, 56
259, 57
259, 58
259, 59
259, 60
259, 61
259, 62
259, 63
259, 64
259, 65
259, 66
259, 67
259, 68
259, 69
259, 70
259, 71
259, 72
259, 73
259, 74
259, 75
259, 76
259, 77
259, 78
259, 79
259, 80
259, 81
259, 82
259, 83
259, 84
259, 85
259, 86
259, 87
259, 88
259, 89
259, 90
259, 91
259, 92
259, 93
259, 94
259, 95
259, 96
259, 97
260, 44
260, 45
260, 46
260, 47
260, 48
260, 49
260, 50
260, 51
260, 52
260, 53
260, 54
260, 55
260, 56
260, 57
260, 58
260, 59
260, 60
260, 61
260, 62
260, 63
260, 64
260, 65
260, 66
260, 67
260, 68
260, 69
260, 70
260, 71
260, 72
260, 73
260, 74
260, 75
260, 76
260, 77
260, 78
260, 79
260, 80
260, 81
260, 82
260, 83
260, 84
260, 85
260, 86
260, 87
260, 88
260, 89
260, 90
260, 91
260, 92
260, 93
260, 94
260, 95
260, 96
261, 45
261, 46
261, 47
261, 48
261, 49
261, 50
261, 51
261, 52
261, 53
261, 54
261, 55
261, 56
261, 57
261, 58
261, 59
261, 60
261, 61
261, 62
261, 63
261, 64
261, 65
261, 66
261, 67
261, 68
261, 69
261, 70
261, 71
261, 72
261, 73
261, 74
261, 75
261, 76
261, 77
261, 78
261, 79
261, 80
261, 81
261, 82
261, 83
261, 84
261, 85
261, 86
261, 87
261, 88
261, 89
261, 90
261, 91
261, 92
261, 93
261, 94
262, 46
262, 47
262, 48
262, 49
262, 50
262, 51
262, 52
262, 53
262, 54
262, 55
262, 56
262, 57
262, 58
262, 59
262, 60
262, 61
262, 62
262, 63
262, 64
262, 65
262, 66
262, 67
262, 68
262, 69
262, 70
262, 71
262, 72
262, 73
262, 74
262, 75
262, 76
262, 77
262, 78
263, 47
263, 48
263, 49
263, 50
263, 51
263, 52
263, 53
263, 54
263, 55
263, 56
263, 57
263, 58
263, 59
263, 60
263, 61
263, 62
263, 63
263, 64
263, 65
263, 66
263, 67
263, 68
263, 69
263, 70
263, 71
263, 72
263, 73
263, 74
264, 48
264, 49
264, 50
264, 51
264, 52
264, 53
264, 54
264, 55
264, 56
264, 57
264, 58
264, 59
264, 60
264, 61
264, 62
264, 63
264, 64
264, 65
264, 66
264, 67
264, 68
264, 69
264, 70
264, 71
264, 72
265, 56
265, 57
265, 58
265, 59
265, 60
265, 61
265, 62
265, 63
265, 64
265, 65
265, 66
