108, 31
109, 30
109, 31
109, 32
110, 30
110, 31
110, 32
110, 33
111, 30
111, 31
111, 32
111, 33
111, 34
112, 30
112, 31
112, 32
112, 33
112, 34
113, 30
113, 31
113, 32
113, 33
113, 34
113, 35
114, 30
114, 31
114, 32
114, 33
114, 34
114, 35
115, 30
115, 31
115, 32
115, 33
115, 34
115, 35
116, 30
116, 31
116, 32
116, 33
116, 34
116, 35
116, 36
117, 30
117, 31
117, 32
117, 33
117, 34
117, 35
117, 36
118, 29
118, 30
118, 31
118, 32
118, 33
118, 34
118, 35
118, 36
119, 29
119, 30
119, 31
119, 32
119, 33
119, 34
119, 35
119, 36
119, 37
120, 29
120, 30
120, 31
120, 32
120, 33
120, 34
120, 35
120, 36
120, 37
121, 29
121, 30
121, 31
121, 32
121, 33
121, 34
121, 35
121, 36
121, 37
122, 29
122, 30
122, 31
122, 32
122, 33
122, 34
122, 35
122, 36
122, 37
123, 29
123, 30
123, 31
123, 32
123, 33
123, 34
123, 35
123, 36
123, 37
123, 94
123, 95
123, 96
123, 97
124, 29
124, 30
124, 31
124, 32
124, 33
124, 34
124, 35
124, 36
124, 37
124, 38
124, 92
124, 93
124, 94
124, 95
124, 96
124, 97
124, 98
124, 99
125, 29
125, 30
125, 31
125, 32
125, 33
125, 34
125, 35
125, 36
125, 37
125, 38
125, 91
125, 92
125, 93
125, 94
125, 95
125, 96
125, 97
125, 98
125, 99
125, 100
126, 29
126, 30
126, 31
126, 32
126, 33
126, 34
126, 35
126, 36
126, 37
126, 38
126, 90
126, 91
126, 92
126, 93
126, 94
126, 95
126, 96
126, 97
126, 98
126, 99
126, 100
126, 101
126, 102
127, 29
127, 30
127, 31
127, 32
127, 33
127, 34
127, 35
127, 36
127, 37
127, 38
127, 39
127, 90
127, 91
127, 92
127, 93
127, 94
127, 95
127, 96
127, 97
127, 98
127, 99
127, 100
127, 101
127, 102
127, 103
128, 29
128, 30
128, 31
128, 32
128, 33
128, 34
128, 35
128, 36
128, 37
128, 38
128, 39
128, 84
128, 89
128, 90
128, 91
128, 92
128, 93
128, 94
128, 95
128, 96
128, 97
128, 98
128, 99
128, 100
128, 101
128, 102
128, 103
128, 104
129, 29
129, 30
129, 31
129, 32
129, 33
129, 34
129, 35
129, 36
129, 37
129, 38
129, 39
129, 84
129, 85
129, 89
129, 90
129, 91
129, 92
129, 93
129, 94
129, 95
129, 96
129, 97
129, 98
129, 99
129, 100
129, 101
129, 102
129, 103
129, 104
129, 105
130, 29
130, 30
130, 31
130, 32
130, 33
130, 34
130, 35
130, 36
130, 37
130, 38
130, 39
130, 40
130, 83
130, 84
130, 85
130, 86
130, 87
130, 88
130, 89
130, 90
130, 91
130, 92
130, 93
130, 94
130, 95
130, 96
130, 97
130, 98
130, 99
130, 100
130, 101
130, 102
130, 103
130, 104
130, 105
130, 106
131, 29
131, 30
131, 31
131, 32
131, 33
131, 34
131, 35
131, 36
131, 37
131, 38
131, 39
131, 40
131, 83
131, 84
131, 85
131, 86
131, 87
131, 88
131, 89
131, 90
131, 91
131, 92
131, 93
131, 94
131, 95
131, 96
131, 97
131, 98
131, 99
131, 100
131, 101
131, 102
131, 103
131, 104
131, 105
131, 106
131, 107
132, 29
132, 30
132, 31
132, 32
132, 33
132, 34
132, 35
132, 36
132, 37
132, 38
132, 39
132, 40
132, 82
132, 83
132, 84
132, 85
132, 86
132, 87
132, 88
132, 89
132, 90
132, 91
132, 92
132, 93
132, 94
132, 95
132, 96
132, 97
132, 98
132, 99
132, 100
132, 101
132, 102
132, 103
132, 104
132, 105
132, 106
132, 107
133, 29
133, 30
133, 31
133, 32
133, 33
133, 34
133, 35
133, 36
133, 37
133, 38
133, 39
133, 40
133, 81
133, 82
133, 83
133, 84
133, 85
133, 86
133, 87
133, 88
133, 89
133, 90
133, 91
133, 92
133, 93
133, 94
133, 95
133, 96
133, 97
133, 98
133, 99
133, 100
133, 101
133, 102
133, 103
133, 104
133, 105
133, 106
133, 107
133, 108
134, 29
134, 30
134, 31
134, 32
134, 33
134, 34
134, 35
134, 36
134, 37
134, 38
134, 39
134, 40
134, 81
134, 82
134, 83
134, 84
134, 85
134, 86
134, 87
134, 88
134, 89
134, 90
134, 91
134, 92
134, 93
134, 94
134, 95
134, 96
134, 97
134, 98
134, 99
134, 100
134, 101
134, 102
134, 103
134, 104
134, 105
134, 106
134, 107
134, 108
134, 109
135, 29
135, 30
135, 31
135, 32
135, 33
135, 34
135, 35
135, 36
135, 37
135, 38
135, 39
135, 40
135, 80
135, 81
135, 82
135, 83
135, 84
135, 85
135, 86
135, 87
135, 88
135, 89
135, 90
135, 91
135, 92
135, 93
135, 94
135, 95
135, 96
135, 97
135, 98
135, 99
135, 100
135, 101
135, 102
135, 103
135, 104
135, 105
135, 106
135, 107
135, 108
135, 109
135, 110
136, 29
136, 30
136, 31
136, 32
136, 33
136, 34
136, 35
136, 36
136, 37
136, 38
136, 39
136, 40
136, 79
136, 80
136, 81
136, 82
136, 83
136, 84
136, 85
136, 86
136, 87
136, 88
136, 89
136, 90
136, 91
136, 92
136, 93
136, 94
136, 95
136, 96
136, 97
136, 98
136, 99
136, 100
136, 101
136, 102
136, 103
136, 104
136, 105
136, 106
136, 107
136, 108
136, 109
136, 110
136, 111
137, 29
137, 30
137, 31
137, 32
137, 33
137, 34
137, 35
137, 36
137, 37
137, 38
137, 39
137, 40
137, 79
137, 80
137, 81
137, 82
137, 83
137, 84
137, 85
137, 86
137, 87
137, 88
137, 89
137, 90
137, 91
137, 92
137, 93
137, 94
137, 95
137, 96
137, 97
137, 98
137, 99
137, 100
137, 101
137, 102
137, 103
137, 104
137, 105
137, 106
137, 107
137, 108
137, 109
137, 110
137, 111
138, 30
138, 31
138, 32
138, 33
138, 34
138, 35
138, 36
138, 37
138, 38
138, 39
138, 40
138, 79
138, 80
138, 81
138, 82
138, 83
138, 84
138, 85
138, 86
138, 87
138, 88
138, 89
138, 90
138, 91
138, 92
138, 93
138, 94
138, 95
138, 96
138, 97
138, 98
138, 99
138, 100
138, 101
138, 102
138, 103
138, 104
138, 105
138, 106
138, 107
138, 108
138, 109
138, 110
138, 111
138, 112
139, 30
139, 31
139, 32
139, 33
139, 34
139, 35
139, 36
139, 37
139, 38
139, 39
139, 40
139, 78
139, 79
139, 80
139, 81
139, 82
139, 83
139, 84
139, 85
139, 86
139, 87
139, 88
139, 89
139, 90
139, 91
139, 92
139, 93
139, 94
139, 95
139, 96
139, 97
139, 98
139, 99
139, 100
139, 101
139, 102
139, 103
139, 104
139, 105
139, 106
139, 107
139, 108
139, 109
139, 110
139, 111
139, 112
140, 30
140, 31
140, 32
140, 33
140, 34
140, 35
140, 36
140, 37
140, 38
140, 39
140, 40
140, 78
140, 79
140, 80
140, 81
140, 82
140, 83
140, 84
140, 85
140, 86
140, 87
140, 88
140, 89
140, 90
140, 91
140, 92
140, 93
140, 94
140, 95
140, 96
140, 97
140, 98
140, 99
140, 100
140, 101
140, 102
140, 103
140, 104
140, 105
140, 106
140, 107
140, 108
140, 109
140, 110
140, 111
140, 112
141, 30
141, 31
141, 32
141, 33
141, 34
141, 35
141, 36
141, 37
141, 38
141, 39
141, 40
141, 78
141, 79
141, 80
141, 81
141, 82
141, 83
141, 84
141, 85
141, 86
141, 87
141, 88
141, 89
141, 90
141, 91
141, 92
141, 93
141, 94
141, 95
141, 96
141, 97
141, 98
141, 99
141, 100
141, 101
141, 102
141, 103
141, 104
141, 105
141, 106
141, 107
141, 108
141, 109
141, 110
141, 111
141, 112
142, 30
142, 31
142, 32
142, 33
142, 34
142, 35
142, 36
142, 37
142, 38
142, 39
142, 40
142, 41
142, 77
142, 78
142, 79
142, 80
142, 81
142, 82
142, 83
142, 84
142, 85
142, 86
142, 87
142, 88
142, 89
142, 90
142, 91
142, 92
142, 93
142, 94
142, 95
142, 96
142, 97
142, 98
142, 99
142, 100
142, 101
142, 102
142, 103
142, 104
142, 105
142, 106
142, 107
142, 108
142, 109
142, 110
142, 111
142, 112
142, 113
143, 30
143, 31
143, 32
143, 33
143, 34
143, 35
143, 36
143, 37
143, 38
143, 39
143, 40
143, 41
143, 77
143, 78
143, 79
143, 80
143, 81
143, 82
143, 83
143, 84
143, 85
143, 86
143, 87
143, 88
143, 89
143, 90
143, 91
143, 92
143, 93
143, 94
143, 95
143, 96
143, 97
143, 98
143, 99
143, 100
143, 101
143, 102
143, 103
143, 104
143, 105
143, 106
143, 107
143, 108
143, 109
143, 110
143, 111
143, 112
143, 113
144, 30
144, 31
144, 32
144, 33
144, 34
144, 35
144, 36
144, 37
144, 38
144, 39
144, 40
144, 41
144, 76
144, 77
144, 78
144, 79
144, 80
144, 81
144, 82
144, 83
144, 84
144, 85
144, 86
144, 87
144, 88
144, 89
144, 90
144, 91
144, 92
144, 93
144, 94
144, 95
144, 96
144, 97
144, 98
144, 99
144, 100
144, 101
144, 102
144, 103
144, 104
144, 105
144, 106
144, 107
144, 108
144, 109
144, 110
144, 111
144, 112
144, 113
145, 30
145, 31
145, 32
145, 33
145, 34
145, 35
145, 36
145, 37
145, 38
145, 39
145, 40
145, 41
145, 75
145, 76
145, 77
145, 78
145, 79
145, 80
145, 81
145, 82
145, 83
145, 84
145, 85
145, 86
145, 87
145, 88
145, 89
145, 90
145, 91
145, 92
145, 93
145, 94
145, 95
145, 96
145, 97
145, 98
145, 99
145, 100
145, 101
145, 102
145, 103
145, 104
145, 105
145, 106
145, 107
145, 108
145, 109
145, 110
145, 111
145, 112
145, 113
146, 30
146, 31
146, 32
146, 33
146, 34
146, 35
146, 36
146, 37
146, 38
146, 39
146, 40
146, 41
146, 74
146, 75
146, 76
146, 77
146, 78
146, 79
146, 80
146, 81
146, 82
146, 83
146, 84
146, 85
146, 86
146, 87
146, 88
146, 89
146, 90
146, 91
146, 92
146, 93
146, 94
146, 95
146, 96
146, 97
146, 98
146, 99
146, 100
146, 101
146, 102
146, 103
146, 104
146, 105
146, 106
146, 107
146, 108
146, 109
146, 110
146, 111
146, 112
146, 113
146, 114
147, 30
147, 31
147, 32
147, 33
147, 34
147, 35
147, 36
147, 37
147, 38
147, 39
147, 40
147, 41
147, 74
147, 75
147, 76
147, 77
147, 78
147, 79
147, 80
147, 81
147, 82
147, 83
147, 84
147, 85
147, 86
147, 87
147, 88
147, 89
147, 90
147, 91
147, 92
147, 93
147, 94
147, 95
147, 96
147, 97
147, 98
147, 99
147, 100
147, 101
147, 102
147, 103
147, 104
147, 105
147, 106
147, 107
147, 108
147, 109
147, 110
147, 111
147, 112
147, 113
147, 114
148, 30
148, 31
148, 32
148, 33
148, 34
148, 35
148, 36
148, 37
148, 38
148, 39
148, 40
148, 41
148, 73
148, 74
148, 75
148, 76
148, 77
148, 78
148, 79
148, 80
148, 81
148, 82
148, 83
148, 84
148, 85
148, 86
148, 87
148, 88
148, 89
148, 90
148, 91
148, 92
148, 93
148, 94
148, 95
148, 96
148, 97
148, 98
148, 99
148, 100
148, 101
148, 102
148, 103
148, 104
148, 105
148, 106
148, 107
148, 108
148, 109
148, 110
148, 111
148, 112
148, 113
148, 114
148, 115
149, 30
149, 31
149, 32
149, 33
149, 34
149, 35
149, 36
149, 37
149, 38
149, 39
149, 40
149, 41
149, 72
149, 73
149, 74
149, 75
149, 76
149, 77
149, 78
149, 79
149, 80
149, 81
149, 82
149, 83
149, 84
149, 85
149, 86
149, 87
149, 88
149, 89
149, 90
149, 91
149, 92
149, 93
149, 94
149, 95
149, 96
149, 97
149, 98
149, 99
149, 100
149, 101
149, 102
149, 103
149, 104
149, 105
149, 106
149, 107
149, 108
149, 109
149, 110
149, 111
149, 112
149, 113
149, 114
149, 115
150, 30
150, 31
150, 32
150, 33
150, 34
150, 35
150, 36
150, 37
150, 38
150, 39
150, 40
150, 41
150, 71
150, 72
150, 73
150, 74
150, 75
150, 76
150, 77
150, 78
150, 79
150, 80
150, 81
150, 82
150, 83
150, 84
150, 85
150, 86
150, 87
150, 88
150, 89
150, 90
150, 91
150, 92
150, 93
150, 94
150, 95
150, 96
150, 97
150, 98
150, 99
150, 100
150, 101
150, 102
150, 103
150, 104
150, 105
150, 106
150, 107
150, 108
150, 109
150, 110
150, 111
150, 112
150, 113
150, 114
150, 115
151, 30
151, 31
151, 32
151, 33
151, 34
151, 35
151, 36
151, 37
151, 38
151, 39
151, 40
151, 65
151, 66
151, 70
151, 71
151, 72
151, 73
151, 74
151, 75
151, 76
151, 77
151, 78
151, 79
151, 80
151, 81
151, 82
151, 83
151, 84
151, 85
151, 86
151, 87
151, 88
151, 89
151, 90
151, 91
151, 92
151, 93
151, 94
151, 95
151, 96
151, 97
151, 98
151, 99
151, 100
151, 101
151, 102
151, 103
151, 104
151, 105
151, 106
151, 107
151, 108
151, 109
151, 110
151, 111
151, 112
151, 113
151, 114
151, 115
151, 116
152, 30
152, 31
152, 32
152, 33
152, 34
152, 35
152, 36
152, 37
152, 38
152, 39
152, 40
152, 64
152, 65
152, 66
152, 67
152, 70
152, 71
152, 72
152, 73
152, 74
152, 75
152, 76
152, 77
152, 78
152, 79
152, 80
152, 81
152, 82
152, 83
152, 84
152, 85
152, 86
152, 87
152, 88
152, 89
152, 90
152, 91
152, 92
152, 93
152, 94
152, 95
152, 96
152, 97
152, 98
152, 99
152, 100
152, 101
152, 102
152, 103
152, 104
152, 105
152, 106
152, 107
152, 108
152, 109
152, 110
152, 111
152, 112
152, 113
152, 114
152, 115
152, 116
153, 30
153, 31
153, 32
153, 33
153, 34
153, 35
153, 36
153, 37
153, 38
153, 39
153, 64
153, 65
153, 66
153, 67
153, 70
153, 71
153, 72
153, 73
153, 74
153, 75
153, 76
153, 77
153, 78
153, 79
153, 80
153, 81
153, 82
153, 83
153, 84
153, 85
153, 86
153, 87
153, 88
153, 89
153, 90
153, 91
153, 92
153, 93
153, 94
153, 95
153, 96
153, 97
153, 98
153, 99
153, 100
153, 101
153, 102
153, 103
153, 104
153, 105
153, 106
153, 107
153, 108
153, 109
153, 110
153, 111
153, 112
153, 113
153, 114
153, 115
153, 116
154, 30
154, 31
154, 32
154, 33
154, 34
154, 35
154, 36
154, 37
154, 38
154, 64
154, 65
154, 66
154, 67
154, 68
154, 69
154, 70
154, 71
154, 72
154, 73
154, 74
154, 75
154, 76
154, 77
154, 78
154, 79
154, 80
154, 81
154, 82
154, 83
154, 84
154, 85
154, 86
154, 87
154, 88
154, 89
154, 90
154, 91
154, 92
154, 93
154, 94
154, 95
154, 96
154, 97
154, 98
154, 99
154, 100
154, 101
154, 102
154, 103
154, 104
154, 105
154, 106
154, 107
154, 108
154, 109
154, 110
154, 111
154, 112
154, 113
154, 114
154, 115
154, 116
155, 31
155, 32
155, 33
155, 34
155, 35
155, 36
155, 37
155, 64
155, 65
155, 66
155, 67
155, 68
155, 69
155, 70
155, 71
155, 72
155, 73
155, 74
155, 75
155, 76
155, 77
155, 78
155, 79
155, 80
155, 81
155, 82
155, 83
155, 84
155, 85
155, 86
155, 87
155, 88
155, 89
155, 90
155, 91
155, 92
155, 93
155, 94
155, 95
155, 96
155, 97
155, 98
155, 99
155, 100
155, 101
155, 102
155, 103
155, 104
155, 105
155, 106
155, 107
155, 108
155, 109
155, 110
155, 111
155, 112
155, 113
155, 114
155, 115
155, 116
155, 117
156, 31
156, 32
156, 33
156, 34
156, 35
156, 36
156, 37
156, 64
156, 65
156, 66
156, 67
156, 68
156, 69
156, 70
156, 71
156, 72
156, 73
156, 74
156, 75
156, 76
156, 77
156, 78
156, 79
156, 80
156, 81
156, 82
156, 83
156, 84
156, 85
156, 86
156, 87
156, 88
156, 89
156, 90
156, 91
156, 92
156, 93
156, 94
156, 95
156, 96
156, 97
156, 98
156, 99
156, 100
156, 101
156, 102
156, 103
156, 104
156, 105
156, 106
156, 107
156, 108
156, 109
156, 110
156, 111
156, 112
156, 113
156, 114
156, 115
156, 116
156, 117
157, 31
157, 32
157, 33
157, 34
157, 35
157, 36
157, 37
157, 64
157, 65
157, 66
157, 67
157, 68
157, 69
157, 70
157, 71
157, 72
157, 73
157, 74
157, 75
157, 76
157, 77
157, 78
157, 79
157, 80
157, 81
157, 82
157, 83
157, 84
157, 85
157, 86
157, 87
157, 88
157, 89
157, 90
157, 91
157, 92
157, 93
157, 94
157, 95
157, 96
157, 97
157, 98
157, 99
157, 100
157, 101
157, 102
157, 103
157, 104
157, 105
157, 106
157, 107
157, 108
157, 109
157, 110
157, 111
157, 112
157, 113
157, 114
157, 115
157, 116
157, 117
157, 118
158, 31
158, 32
158, 33
158, 34
158, 35
158, 36
158, 64
158, 65
158, 66
158, 67
158, 68
158, 69
158, 70
158, 71
158, 72
158, 73
158, 74
158, 75
158, 76
158, 77
158, 78
158, 79
158, 80
158, 81
158, 82
158, 83
158, 84
158, 85
158, 86
158, 87
158, 88
158, 89
158, 90
158, 91
158, 92
158, 93
158, 94
158, 95
158, 96
158, 97
158, 98
158, 99
158, 100
158, 101
158, 102
158, 103
158, 104
158, 105
158, 106
158, 107
158, 108
158, 109
158, 110
158, 111
158, 112
158, 113
158, 114
158, 115
158, 116
158, 117
158, 118
159, 32
159, 33
159, 34
159, 35
159, 36
159, 64
159, 65
159, 66
159, 67
159, 68
159, 69
159, 70
159, 71
159, 72
159, 73
159, 74
159, 75
159, 76
159, 77
159, 78
159, 79
159, 80
159, 81
159, 82
159, 83
159, 84
159, 85
159, 86
159, 87
159, 88
159, 89
159, 90
159, 91
159, 92
159, 93
159, 94
159, 95
159, 96
159, 97
159, 98
159, 99
159, 100
159, 101
159, 102
159, 103
159, 104
159, 105
159, 106
159, 107
159, 108
159, 109
159, 110
159, 111
159, 112
159, 113
159, 114
159, 115
159, 116
159, 117
159, 118
159, 119
160, 32
160, 33
160, 34
160, 35
160, 36
160, 64
160, 65
160, 66
160, 67
160, 69
160, 70
160, 71
160, 72
160, 73
160, 74
160, 75
160, 76
160, 77
160, 78
160, 79
160, 80
160, 81
160, 82
160, 83
160, 84
160, 85
160, 86
160, 87
160, 88
160, 89
160, 90
160, 91
160, 92
160, 93
160, 94
160, 95
160, 96
160, 97
160, 98
160, 99
160, 100
160, 101
160, 102
160, 103
160, 104
160, 105
160, 106
160, 107
160, 108
160, 109
160, 110
160, 111
160, 112
160, 113
160, 114
160, 115
160, 116
160, 117
160, 118
160, 119
161, 32
161, 33
161, 34
161, 35
161, 36
161, 65
161, 66
161, 70
161, 71
161, 72
161, 73
161, 74
161, 75
161, 76
161, 77
161, 78
161, 79
161, 80
161, 81
161, 82
161, 83
161, 84
161, 85
161, 86
161, 87
161, 88
161, 89
161, 90
161, 91
161, 92
161, 93
161, 94
161, 95
161, 96
161, 97
161, 98
161, 99
161, 100
161, 101
161, 102
161, 103
161, 104
161, 105
161, 106
161, 107
161, 108
161, 109
161, 110
161, 111
161, 112
161, 113
161, 114
161, 115
161, 116
161, 117
161, 118
161, 119
162, 32
162, 33
162, 34
162, 35
162, 36
162, 65
162, 70
162, 71
162, 72
162, 73
162, 74
162, 75
162, 76
162, 77
162, 78
162, 79
162, 80
162, 81
162, 82
162, 83
162, 84
162, 85
162, 86
162, 87
162, 88
162, 89
162, 90
162, 91
162, 92
162, 93
162, 94
162, 95
162, 96
162, 97
162, 98
162, 99
162, 100
162, 101
162, 102
162, 103
162, 104
162, 105
162, 106
162, 107
162, 108
162, 109
162, 110
162, 111
162, 112
162, 113
162, 114
162, 115
162, 116
162, 117
162, 118
162, 119
163, 33
163, 34
163, 35
163, 36
163, 71
163, 72
163, 73
163, 74
163, 75
163, 76
163, 77
163, 78
163, 79
163, 80
163, 81
163, 82
163, 83
163, 84
163, 85
163, 86
163, 87
163, 88
163, 89
163, 90
163, 91
163, 92
163, 93
163, 94
163, 95
163, 96
163, 97
163, 98
163, 99
163, 100
163, 101
163, 102
163, 103
163, 104
163, 105
163, 106
163, 107
163, 108
163, 109
163, 110
163, 111
163, 112
163, 113
163, 114
163, 115
163, 116
163, 117
163, 118
163, 119
163, 120
164, 33
164, 34
164, 35
164, 36
164, 71
164, 72
164, 73
164, 74
164, 75
164, 76
164, 77
164, 78
164, 79
164, 80
164, 81
164, 82
164, 83
164, 84
164, 85
164, 86
164, 87
164, 88
164, 89
164, 90
164, 91
164, 92
164, 93
164, 94
164, 95
164, 96
164, 97
164, 98
164, 99
164, 100
164, 101
164, 102
164, 103
164, 104
164, 105
164, 106
164, 107
164, 108
164, 109
164, 110
164, 111
164, 112
164, 113
164, 114
164, 115
164, 116
164, 117
164, 118
164, 119
164, 120
165, 33
165, 34
165, 35
165, 36
165, 72
165, 73
165, 74
165, 75
165, 76
165, 77
165, 78
165, 79
165, 80
165, 81
165, 82
165, 83
165, 84
165, 85
165, 86
165, 87
165, 88
165, 89
165, 90
165, 91
165, 92
165, 93
165, 94
165, 95
165, 96
165, 97
165, 98
165, 99
165, 100
165, 101
165, 102
165, 103
165, 104
165, 105
165, 106
165, 107
165, 108
165, 109
165, 110
165, 111
165, 112
165, 113
165, 114
165, 115
165, 116
165, 117
165, 118
165, 119
165, 120
166, 33
166, 34
166, 35
166, 36
166, 72
166, 73
166, 74
166, 75
166, 76
166, 77
166, 78
166, 79
166, 80
166, 81
166, 82
166, 83
166, 84
166, 85
166, 86
166, 87
166, 88
166, 89
166, 90
166, 91
166, 92
166, 93
166, 94
166, 95
166, 96
166, 97
166, 98
166, 99
166, 100
166, 101
166, 102
166, 103
166, 104
166, 105
166, 106
166, 107
166, 108
166, 109
166, 110
166, 111
166, 112
166, 113
166, 114
166, 115
166, 116
166, 117
166, 118
166, 119
166, 120
167, 33
167, 34
167, 35
167, 36
167, 72
167, 73
167, 74
167, 75
167, 76
167, 77
167, 78
167, 79
167, 80
167, 81
167, 82
167, 83
167, 84
167, 85
167, 86
167, 87
167, 88
167, 89
167, 90
167, 91
167, 92
167, 93
167, 94
167, 95
167, 96
167, 97
167, 98
167, 99
167, 100
167, 101
167, 102
167, 103
167, 104
167, 105
167, 106
167, 107
167, 108
167, 109
167, 110
167, 111
167, 112
167, 113
167, 114
167, 115
167, 116
167, 117
167, 118
167, 119
167, 120
168, 33
168, 34
168, 35
168, 72
168, 73
168, 74
168, 75
168, 76
168, 77
168, 78
168, 79
168, 80
168, 81
168, 82
168, 83
168, 84
168, 85
168, 86
168, 87
168, 88
168, 89
168, 90
168, 91
168, 92
168, 93
168, 94
168, 95
168, 96
168, 97
168, 98
168, 99
168, 100
168, 101
168, 102
168, 103
168, 104
168, 105
168, 106
168, 107
168, 108
168, 109
168, 110
168, 111
168, 112
168, 113
168, 114
168, 115
168, 116
168, 117
168, 118
168, 119
168, 120
168, 121
169, 33
169, 34
169, 35
169, 72
169, 73
169, 74
169, 75
169, 76
169, 77
169, 78
169, 79
169, 80
169, 81
169, 82
169, 83
169, 84
169, 85
169, 86
169, 87
169, 88
169, 89
169, 90
169, 91
169, 92
169, 93
169, 94
169, 95
169, 96
169, 97
169, 98
169, 99
169, 100
169, 101
169, 102
169, 103
169, 104
169, 105
169, 106
169, 107
169, 108
169, 109
169, 110
169, 111
169, 112
169, 113
169, 114
169, 115
169, 116
169, 117
169, 118
169, 119
169, 120
169, 121
170, 34
170, 35
170, 73
170, 74
170, 75
170, 76
170, 77
170, 78
170, 79
170, 80
170, 81
170, 82
170, 83
170, 84
170, 85
170, 86
170, 87
170, 88
170, 89
170, 90
170, 91
170, 92
170, 93
170, 94
170, 95
170, 96
170, 97
170, 98
170, 99
170, 100
170, 101
170, 102
170, 103
170, 104
170, 105
170, 106
170, 107
170, 108
170, 109
170, 110
170, 111
170, 112
170, 113
170, 114
170, 115
170, 116
170, 117
170, 118
170, 119
170, 120
170, 121
171, 34
171, 35
171, 73
171, 74
171, 75
171, 76
171, 77
171, 78
171, 79
171, 80
171, 81
171, 82
171, 83
171, 84
171, 85
171, 86
171, 87
171, 88
171, 89
171, 90
171, 91
171, 92
171, 93
171, 94
171, 95
171, 96
171, 97
171, 98
171, 99
171, 100
171, 101
171, 102
171, 103
171, 104
171, 105
171, 106
171, 107
171, 108
171, 109
171, 110
171, 111
171, 112
171, 113
171, 114
171, 115
171, 116
171, 117
171, 118
171, 119
171, 120
171, 121
171, 122
172, 34
172, 35
172, 73
172, 74
172, 75
172, 76
172, 77
172, 78
172, 79
172, 80
172, 81
172, 82
172, 83
172, 84
172, 85
172, 86
172, 87
172, 88
172, 89
172, 90
172, 91
172, 92
172, 93
172, 94
172, 95
172, 96
172, 97
172, 98
172, 99
172, 100
172, 101
172, 102
172, 103
172, 104
172, 105
172, 106
172, 107
172, 108
172, 109
172, 110
172, 111
172, 112
172, 113
172, 114
172, 115
172, 116
172, 117
172, 118
172, 119
172, 120
172, 121
172, 122
173, 34
173, 74
173, 75
173, 76
173, 77
173, 78
173, 79
173, 80
173, 81
173, 82
173, 83
173, 84
173, 85
173, 86
173, 87
173, 88
173, 89
173, 90
173, 91
173, 92
173, 93
173, 94
173, 95
173, 96
173, 97
173, 98
173, 99
173, 100
173, 101
173, 102
173, 103
173, 104
173, 105
173, 106
173, 107
173, 108
173, 109
173, 110
173, 111
173, 112
173, 113
173, 114
173, 115
173, 116
173, 117
173, 118
173, 119
173, 120
173, 121
173, 122
173, 123
174, 76
174, 77
174, 78
174, 79
174, 80
174, 81
174, 82
174, 83
174, 84
174, 85
174, 86
174, 87
174, 88
174, 89
174, 90
174, 91
174, 92
174, 93
174, 94
174, 95
174, 96
174, 97
174, 98
174, 99
174, 100
174, 101
174, 102
174, 103
174, 104
174, 105
174, 106
174, 107
174, 108
174, 109
174, 110
174, 111
174, 112
174, 113
174, 114
174, 115
174, 116
174, 117
174, 118
174, 119
174, 120
174, 121
174, 122
174, 123
175, 77
175, 78
175, 79
175, 80
175, 81
175, 82
175, 83
175, 84
175, 85
175, 86
175, 87
175, 88
175, 89
175, 90
175, 91
175, 92
175, 93
175, 94
175, 95
175, 96
175, 97
175, 98
175, 99
175, 100
175, 101
175, 102
175, 103
175, 104
175, 105
175, 106
175, 107
175, 108
175, 109
175, 110
175, 111
175, 112
175, 113
175, 114
175, 115
175, 116
175, 117
175, 118
175, 119
175, 120
175, 121
175, 122
175, 123
176, 77
176, 78
176, 79
176, 80
176, 81
176, 82
176, 83
176, 84
176, 85
176, 86
176, 87
176, 88
176, 89
176, 90
176, 91
176, 92
176, 93
176, 94
176, 95
176, 96
176, 97
176, 98
176, 99
176, 100
176, 101
176, 102
176, 103
176, 104
176, 105
176, 106
176, 107
176, 108
176, 109
176, 110
176, 111
176, 112
176, 113
176, 114
176, 115
176, 116
176, 117
176, 118
176, 119
176, 120
176, 121
176, 122
176, 123
177, 78
177, 79
177, 80
177, 81
177, 82
177, 83
177, 84
177, 85
177, 86
177, 87
177, 88
177, 89
177, 90
177, 91
177, 92
177, 93
177, 94
177, 95
177, 96
177, 97
177, 98
177, 99
177, 100
177, 101
177, 102
177, 103
177, 104
177, 105
177, 106
177, 107
177, 108
177, 109
177, 110
177, 111
177, 112
177, 113
177, 114
177, 115
177, 116
177, 117
177, 118
177, 119
177, 120
177, 121
177, 122
177, 123
177, 124
178, 79
178, 80
178, 81
178, 82
178, 83
178, 84
178, 85
178, 86
178, 87
178, 88
178, 89
178, 90
178, 91
178, 92
178, 93
178, 94
178, 95
178, 96
178, 97
178, 98
178, 99
178, 100
178, 101
178, 102
178, 103
178, 104
178, 105
178, 106
178, 107
178, 108
178, 109
178, 110
178, 111
178, 112
178, 113
178, 114
178, 115
178, 116
178, 117
178, 118
178, 119
178, 120
178, 121
178, 122
178, 123
178, 124
179, 80
179, 81
179, 82
179, 83
179, 84
179, 85
179, 86
179, 87
179, 88
179, 89
179, 90
179, 91
179, 92
179, 93
179, 94
179, 95
179, 96
179, 97
179, 98
179, 99
179, 100
179, 101
179, 102
179, 103
179, 104
179, 105
179, 106
179, 107
179, 108
179, 109
179, 110
179, 111
179, 112
179, 113
179, 114
179, 115
179, 116
179, 117
179, 118
179, 119
179, 120
179, 121
179, 122
179, 123
179, 124
180, 80
180, 81
180, 82
180, 83
180, 84
180, 85
180, 86
180, 87
180, 88
180, 89
180, 90
180, 91
180, 92
180, 93
180, 94
180, 95
180, 96
180, 97
180, 98
180, 99
180, 100
180, 101
180, 102
180, 103
180, 104
180, 105
180, 106
180, 107
180, 108
180, 109
180, 110
180, 111
180, 112
180, 113
180, 114
180, 115
180, 116
180, 117
180, 118
180, 119
180, 120
180, 121
180, 122
180, 123
180, 124
181, 80
181, 81
181, 82
181, 83
181, 84
181, 85
181, 86
181, 87
181, 88
181, 89
181, 90
181, 91
181, 92
181, 93
181, 94
181, 95
181, 96
181, 97
181, 98
181, 99
181, 100
181, 101
181, 102
181, 103
181, 104
181, 105
181, 106
181, 107
181, 108
181, 109
181, 110
181, 111
181, 112
181, 113
181, 114
181, 115
181, 116
181, 117
181, 118
181, 119
181, 120
181, 121
181, 122
181, 123
181, 124
181, 125
182, 80
182, 81
182, 82
182, 83
182, 84
182, 85
182, 86
182, 87
182, 88
182, 89
182, 90
182, 91
182, 92
182, 93
182, 94
182, 95
182, 96
182, 97
182, 98
182, 99
182, 100
182, 101
182, 102
182, 103
182, 104
182, 105
182, 106
182, 107
182, 108
182, 109
182, 110
182, 111
182, 112
182, 113
182, 114
182, 115
182, 116
182, 117
182, 118
182, 119
182, 120
182, 121
182, 122
182, 123
182, 124
182, 125
183, 80
183, 81
183, 82
183, 83
183, 84
183, 85
183, 86
183, 87
183, 88
183, 89
183, 90
183, 91
183, 92
183, 93
183, 94
183, 95
183, 96
183, 97
183, 98
183, 99
183, 100
183, 101
183, 102
183, 103
183, 104
183, 105
183, 106
183, 107
183, 108
183, 109
183, 110
183, 111
183, 112
183, 113
183, 114
183, 115
183, 116
183, 117
183, 118
183, 119
183, 120
183, 121
183, 122
183, 123
183, 124
183, 125
184, 80
184, 81
184, 82
184, 83
184, 84
184, 85
184, 86
184, 87
184, 88
184, 89
184, 90
184, 91
184, 92
184, 93
184, 94
184, 95
184, 96
184, 97
184, 98
184, 99
184, 100
184, 101
184, 102
184, 103
184, 104
184, 105
184, 106
184, 107
184, 108
184, 109
184, 110
184, 111
184, 112
184, 113
184, 114
184, 115
184, 116
184, 117
184, 118
184, 119
184, 120
184, 121
184, 122
184, 123
184, 124
184, 125
184, 126
185, 80
185, 81
185, 82
185, 83
185, 84
185, 85
185, 86
185, 87
185, 88
185, 89
185, 90
185, 91
185, 92
185, 93
185, 94
185, 95
185, 96
185, 97
185, 98
185, 99
185, 100
185, 101
185, 102
185, 103
185, 104
185, 105
185, 106
185, 107
185, 108
185, 109
185, 110
185, 111
185, 112
185, 113
185, 114
185, 115
185, 116
185, 117
185, 118
185, 119
185, 120
185, 121
185, 122
185, 123
185, 124
185, 125
185, 126
186, 80
186, 81
186, 82
186, 83
186, 84
186, 85
186, 86
186, 87
186, 88
186, 89
186, 90
186, 91
186, 92
186, 93
186, 94
186, 95
186, 96
186, 97
186, 98
186, 99
186, 100
186, 101
186, 102
186, 103
186, 104
186, 105
186, 106
186, 107
186, 108
186, 109
186, 110
186, 111
186, 112
186, 113
186, 114
186, 115
186, 116
186, 117
186, 118
186, 119
186, 120
186, 121
186, 122
186, 123
186, 124
186, 125
186, 126
187, 81
187, 82
187, 83
187, 84
187, 85
187, 86
187, 87
187, 88
187, 89
187, 90
187, 91
187, 92
187, 93
187, 94
187, 95
187, 96
187, 97
187, 98
187, 99
187, 100
187, 101
187, 102
187, 103
187, 104
187, 105
187, 106
187, 107
187, 108
187, 109
187, 110
187, 111
187, 112
187, 113
187, 114
187, 115
187, 116
187, 117
187, 118
187, 119
187, 120
187, 121
187, 122
187, 123
187, 124
187, 125
187, 126
188, 81
188, 82
188, 83
188, 84
188, 85
188, 86
188, 87
188, 88
188, 89
188, 90
188, 91
188, 92
188, 93
188, 94
188, 95
188, 96
188, 97
188, 98
188, 99
188, 100
188, 101
188, 102
188, 103
188, 104
188, 105
188, 106
188, 107
188, 108
188, 109
188, 110
188, 111
188, 112
188, 113
188, 114
188, 115
188, 116
188, 117
188, 118
188, 119
188, 120
188, 121
188, 122
188, 123
188, 124
188, 125
188, 126
188, 127
189, 82
189, 83
189, 84
189, 85
189, 86
189, 87
189, 88
189, 89
189, 90
189, 91
189, 92
189, 93
189, 94
189, 95
189, 96
189, 97
189, 98
189, 99
189, 100
189, 101
189, 102
189, 103
189, 104
189, 105
189, 106
189, 107
189, 108
189, 109
189, 110
189, 111
189, 112
189, 113
189, 114
189, 115
189, 116
189, 117
189, 118
189, 119
189, 120
189, 121
189, 122
189, 123
189, 124
189, 125
189, 126
189, 127
190, 82
190, 83
190, 84
190, 85
190, 86
190, 87
190, 88
190, 89
190, 90
190, 91
190, 92
190, 93
190, 94
190, 95
190, 96
190, 97
190, 98
190, 99
190, 100
190, 101
190, 102
190, 103
190, 104
190, 105
190, 106
190, 107
190, 108
190, 109
190, 110
190, 111
190, 112
190, 113
190, 114
190, 115
190, 116
190, 117
190, 118
190, 119
190, 120
190, 121
190, 122
190, 123
190, 124
190, 125
190, 126
190, 127
191, 82
191, 83
191, 84
191, 85
191, 86
191, 87
191, 88
191, 89
191, 90
191, 91
191, 92
191, 93
191, 94
191, 95
191, 96
191, 97
191, 98
191, 99
191, 100
191, 101
191, 102
191, 103
191, 104
191, 105
191, 106
191, 107
191, 108
191, 109
191, 110
191, 111
191, 112
191, 113
191, 114
191, 115
191, 116
191, 117
191, 118
191, 119
191, 120
191, 121
191, 122
191, 123
191, 124
191, 125
191, 126
191, 127
192, 82
192, 83
192, 84
192, 85
192, 86
192, 87
192, 88
192, 89
192, 90
192, 91
192, 92
192, 93
192, 94
192, 95
192, 96
192, 97
192, 98
192, 99
192, 100
192, 101
192, 102
192, 103
192, 104
192, 105
192, 106
192, 107
192, 108
192, 109
192, 110
192, 111
192, 112
192, 113
192, 114
192, 115
192, 116
192, 117
192, 118
192, 119
192, 120
192, 121
192, 122
192, 123
192, 124
192, 125
192, 126
192, 127
193, 83
193, 84
193, 85
193, 86
193, 87
193, 88
193, 89
193, 90
193, 91
193, 92
193, 93
193, 94
193, 95
193, 96
193, 97
193, 98
193, 99
193, 100
193, 101
193, 102
193, 103
193, 104
193, 105
193, 106
193, 107
193, 108
193, 109
193, 110
193, 111
193, 112
193, 113
193, 114
193, 115
193, 116
193, 117
193, 118
193, 119
193, 120
193, 121
193, 122
193, 123
193, 124
193, 125
193, 126
193, 127
193, 128
194, 83
194, 84
194, 85
194, 86
194, 87
194, 88
194, 89
194, 90
194, 91
194, 92
194, 93
194, 94
194, 95
194, 96
194, 97
194, 98
194, 99
194, 100
194, 101
194, 102
194, 103
194, 104
194, 105
194, 106
194, 107
194, 108
194, 109
194, 110
194, 111
194, 112
194, 113
194, 114
194, 115
194, 116
194, 117
194, 118
194, 119
194, 120
194, 121
194, 122
194, 123
194, 124
194, 125
194, 126
194, 127
194, 128
195, 83
195, 84
195, 85
195, 86
195, 87
195, 88
195, 89
195, 90
195, 91
195, 92
195, 93
195, 94
195, 95
195, 96
195, 97
195, 98
195, 99
195, 100
195, 101
195, 102
195, 103
195, 104
195, 105
195, 106
195, 107
195, 108
195, 109
195, 110
195, 111
195, 112
195, 113
195, 114
195, 115
195, 116
195, 117
195, 118
195, 119
195, 120
195, 121
195, 122
195, 123
195, 124
195, 125
195, 126
195, 127
195, 128
196, 83
196, 84
196, 85
196, 86
196, 87
196, 88
196, 89
196, 90
196, 91
196, 92
196, 93
196, 94
196, 95
196, 96
196, 97
196, 98
196, 99
196, 100
196, 101
196, 102
196, 103
196, 104
196, 105
196, 106
196, 107
196, 108
196, 109
196, 110
196, 111
196, 112
196, 113
196, 114
196, 115
196, 116
196, 117
196, 118
196, 119
196, 120
196, 121
196, 122
196, 123
196, 124
196, 125
196, 126
196, 127
196, 128
197, 83
197, 84
197, 85
197, 86
197, 87
197, 88
197, 89
197, 90
197, 91
197, 92
197, 93
197, 94
197, 95
197, 96
197, 97
197, 98
197, 99
197, 100
197, 101
197, 102
197, 103
197, 104
197, 105
197, 106
197, 107
197, 108
197, 109
197, 110
197, 111
197, 112
197, 113
197, 114
197, 115
197, 116
197, 117
197, 118
197, 119
197, 120
197, 121
197, 122
197, 123
197, 124
197, 125
197, 126
197, 127
197, 128
197, 129
198, 83
198, 84
198, 85
198, 86
198, 87
198, 88
198, 89
198, 90
198, 91
198, 92
198, 93
198, 94
198, 95
198, 96
198, 97
198, 98
198, 99
198, 100
198, 101
198, 102
198, 103
198, 104
198, 105
198, 106
198, 107
198, 108
198, 109
198, 110
198, 111
198, 112
198, 113
198, 114
198, 115
198, 116
198, 117
198, 118
198, 119
198, 120
198, 121
198, 122
198, 123
198, 124
198, 125
198, 126
198, 127
198, 128
198, 129
199, 83
199, 84
199, 85
199, 86
199, 87
199, 88
199, 89
199, 90
199, 91
199, 92
199, 93
199, 94
199, 95
199, 96
199, 97
199, 98
199, 99
199, 100
199, 101
199, 102
199, 103
199, 104
199, 105
199, 106
199, 107
199, 108
199, 109
199, 110
199, 111
199, 112
199, 113
199, 114
199, 115
199, 116
199, 117
199, 118
199, 119
199, 120
199, 121
199, 122
199, 123
199, 124
199, 125
199, 126
199, 127
199, 128
199, 129
200, 83
200, 84
200, 85
200, 86
200, 87
200, 88
200, 89
200, 90
200, 91
200, 92
200, 93
200, 94
200, 95
200, 96
200, 97
200, 98
200, 99
200, 100
200, 101
200, 102
200, 103
200, 104
200, 105
200, 106
200, 107
200, 108
200, 109
200, 110
200, 111
200, 112
200, 113
200, 114
200, 115
200, 116
200, 117
200, 118
200, 119
200, 120
200, 121
200, 122
200, 123
200, 124
200, 125
200, 126
200, 127
200, 128
200, 129
201, 83
201, 84
201, 85
201, 86
201, 87
201, 88
201, 89
201, 90
201, 91
201, 92
201, 93
201, 94
201, 95
201, 96
201, 97
201, 98
201, 99
201, 100
201, 101
201, 102
201, 103
201, 104
201, 105
201, 106
201, 107
201, 108
201, 109
201, 110
201, 111
201, 112
201, 113
201, 114
201, 115
201, 116
201, 117
201, 118
201, 119
201, 120
201, 121
201, 122
201, 123
201, 124
201, 125
201, 126
201, 127
201, 128
201, 129
201, 130
202, 83
202, 84
202, 85
202, 86
202, 87
202, 88
202, 89
202, 90
202, 91
202, 92
202, 93
202, 94
202, 95
202, 96
202, 97
202, 98
202, 99
202, 100
202, 101
202, 102
202, 103
202, 104
202, 105
202, 106
202, 107
202, 108
202, 109
202, 110
202, 111
202, 112
202, 113
202, 114
202, 115
202, 116
202, 117
202, 118
202, 119
202, 120
202, 121
202, 122
202, 123
202, 124
202, 125
202, 126
202, 127
202, 128
202, 129
202, 130
203, 83
203, 84
203, 85
203, 86
203, 87
203, 88
203, 89
203, 90
203, 91
203, 92
203, 93
203, 94
203, 95
203, 96
203, 97
203, 98
203, 99
203, 100
203, 101
203, 102
203, 103
203, 104
203, 105
203, 106
203, 107
203, 108
203, 109
203, 110
203, 111
203, 112
203, 113
203, 114
203, 115
203, 116
203, 117
203, 118
203, 119
203, 120
203, 121
203, 122
203, 123
203, 124
203, 125
203, 126
203, 127
203, 128
203, 129
203, 130
204, 83
204, 84
204, 85
204, 86
204, 87
204, 88
204, 89
204, 90
204, 91
204, 92
204, 93
204, 94
204, 95
204, 96
204, 97
204, 98
204, 99
204, 100
204, 101
204, 102
204, 103
204, 104
204, 105
204, 106
204, 107
204, 108
204, 109
204, 110
204, 111
204, 112
204, 113
204, 114
204, 115
204, 116
204, 117
204, 118
204, 119
204, 120
204, 121
204, 122
204, 123
204, 124
204, 125
204, 126
204, 127
204, 128
204, 129
204, 130
205, 83
205, 84
205, 85
205, 86
205, 87
205, 88
205, 89
205, 90
205, 91
205, 92
205, 93
205, 94
205, 95
205, 96
205, 97
205, 98
205, 99
205, 100
205, 101
205, 102
205, 103
205, 104
205, 105
205, 106
205, 107
205, 108
205, 109
205, 110
205, 111
205, 112
205, 113
205, 114
205, 115
205, 116
205, 117
205, 118
205, 119
205, 120
205, 121
205, 122
205, 123
205, 124
205, 125
205, 126
205, 127
205, 128
205, 129
205, 130
205, 131
206, 83
206, 84
206, 85
206, 86
206, 87
206, 88
206, 89
206, 90
206, 91
206, 92
206, 93
206, 94
206, 95
206, 96
206, 97
206, 98
206, 99
206, 100
206, 101
206, 102
206, 103
206, 104
206, 105
206, 106
206, 107
206, 108
206, 109
206, 110
206, 111
206, 112
206, 113
206, 114
206, 115
206, 116
206, 117
206, 118
206, 119
206, 120
206, 121
206, 122
206, 123
206, 124
206, 125
206, 126
206, 127
206, 128
206, 129
206, 130
206, 131
207, 83
207, 84
207, 85
207, 86
207, 87
207, 88
207, 89
207, 90
207, 91
207, 92
207, 93
207, 94
207, 95
207, 96
207, 97
207, 98
207, 99
207, 100
207, 101
207, 102
207, 103
207, 104
207, 105
207, 106
207, 107
207, 108
207, 109
207, 110
207, 111
207, 112
207, 113
207, 114
207, 115
207, 116
207, 117
207, 118
207, 119
207, 120
207, 121
207, 122
207, 123
207, 124
207, 125
207, 126
207, 127
207, 128
207, 129
207, 130
207, 131
208, 83
208, 84
208, 85
208, 86
208, 87
208, 88
208, 89
208, 90
208, 91
208, 92
208, 93
208, 94
208, 95
208, 96
208, 97
208, 98
208, 99
208, 100
208, 101
208, 102
208, 103
208, 104
208, 105
208, 106
208, 107
208, 108
208, 109
208, 110
208, 111
208, 112
208, 113
208, 114
208, 115
208, 116
208, 117
208, 118
208, 119
208, 120
208, 121
208, 122
208, 123
208, 124
208, 125
208, 126
208, 127
208, 128
208, 129
208, 130
208, 131
209, 83
209, 84
209, 85
209, 86
209, 87
209, 88
209, 89
209, 90
209, 91
209, 92
209, 93
209, 94
209, 95
209, 96
209, 97
209, 98
209, 99
209, 100
209, 101
209, 102
209, 103
209, 104
209, 105
209, 106
209, 107
209, 108
209, 109
209, 110
209, 111
209, 112
209, 113
209, 114
209, 115
209, 116
209, 117
209, 118
209, 119
209, 120
209, 121
209, 122
209, 123
209, 124
209, 125
209, 126
209, 127
209, 128
209, 129
209, 130
209, 131
210, 84
210, 85
210, 86
210, 87
210, 88
210, 89
210, 90
210, 91
210, 92
210, 93
210, 94
210, 95
210, 96
210, 97
210, 98
210, 99
210, 100
210, 101
210, 102
210, 103
210, 104
210, 105
210, 106
210, 107
210, 108
210, 109
210, 110
210, 111
210, 112
210, 113
210, 114
210, 115
210, 116
210, 117
210, 118
210, 119
210, 120
210, 121
210, 122
210, 123
210, 124
210, 125
210, 126
210, 127
210, 128
210, 129
210, 130
210, 131
211, 84
211, 85
211, 86
211, 87
211, 88
211, 89
211, 90
211, 91
211, 92
211, 93
211, 94
211, 95
211, 96
211, 97
211, 98
211, 99
211, 100
211, 101
211, 102
211, 103
211, 104
211, 105
211, 106
211, 107
211, 108
211, 109
211, 110
211, 111
211, 112
211, 113
211, 114
211, 115
211, 116
211, 117
211, 118
211, 119
211, 120
211, 121
211, 122
211, 123
211, 124
211, 125
211, 126
211, 127
211, 128
211, 129
211, 130
211, 131
212, 84
212, 85
212, 86
212, 87
212, 88
212, 89
212, 90
212, 91
212, 92
212, 93
212, 94
212, 95
212, 96
212, 97
212, 98
212, 99
212, 100
212, 101
212, 102
212, 103
212, 104
212, 105
212, 106
212, 107
212, 108
212, 109
212, 110
212, 111
212, 112
212, 113
212, 114
212, 115
212, 116
212, 117
212, 118
212, 119
212, 120
212, 121
212, 122
212, 123
212, 124
212, 125
212, 126
212, 127
212, 128
212, 129
212, 130
212, 131
213, 84
213, 85
213, 86
213, 87
213, 88
213, 89
213, 90
213, 91
213, 92
213, 93
213, 94
213, 95
213, 96
213, 97
213, 98
213, 99
213, 100
213, 101
213, 102
213, 103
213, 104
213, 105
213, 106
213, 107
213, 108
213, 109
213, 110
213, 111
213, 112
213, 113
213, 114
213, 115
213, 116
213, 117
213, 118
213, 119
213, 120
213, 121
213, 122
213, 123
213, 124
213, 125
213, 126
213, 127
213, 128
213, 129
213, 130
213, 131
214, 84
214, 85
214, 86
214, 87
214, 88
214, 89
214, 90
214, 91
214, 92
214, 93
214, 94
214, 95
214, 96
214, 97
214, 98
214, 99
214, 100
214, 101
214, 102
214, 103
214, 104
214, 105
214, 106
214, 107
214, 108
214, 109
214, 110
214, 111
214, 112
214, 113
214, 114
214, 115
214, 116
214, 117
214, 118
214, 119
214, 120
214, 121
214, 122
214, 123
214, 124
214, 125
214, 126
214, 127
214, 128
214, 129
214, 130
214, 131
215, 83
215, 84
215, 85
215, 86
215, 87
215, 88
215, 89
215, 90
215, 91
215, 92
215, 93
215, 94
215, 95
215, 96
215, 97
215, 98
215, 99
215, 100
215, 101
215, 102
215, 103
215, 104
215, 105
215, 106
215, 107
215, 108
215, 109
215, 110
215, 111
215, 112
215, 113
215, 114
215, 115
215, 116
215, 117
215, 118
215, 119
215, 120
215, 121
215, 122
215, 123
215, 124
215, 125
215, 126
215, 127
215, 128
215, 129
215, 130
215, 131
216, 83
216, 84
216, 85
216, 86
216, 87
216, 88
216, 89
216, 90
216, 91
216, 92
216, 93
216, 94
216, 95
216, 96
216, 97
216, 98
216, 99
216, 100
216, 101
216, 102
216, 103
216, 104
216, 105
216, 106
216, 107
216, 108
216, 109
216, 110
216, 111
216, 112
216, 113
216, 114
216, 115
216, 116
216, 117
216, 118
216, 119
216, 120
216, 121
216, 122
216, 123
216, 124
216, 125
216, 126
216, 127
216, 128
216, 129
216, 130
216, 131
217, 83
217, 84
217, 85
217, 86
217, 87
217, 88
217, 89
217, 90
217, 91
217, 92
217, 93
217, 94
217, 95
217, 96
217, 97
217, 98
217, 99
217, 100
217, 101
217, 102
217, 103
217, 104
217, 105
217, 106
217, 107
217, 108
217, 109
217, 110
217, 111
217, 112
217, 113
217, 114
217, 115
217, 116
217, 117
217, 118
217, 119
217, 120
217, 121
217, 122
217, 123
217, 124
217, 125
217, 126
217, 127
217, 128
217, 129
217, 130
217, 131
217, 132
218, 83
218, 84
218, 85
218, 86
218, 87
218, 88
218, 89
218, 90
218, 91
218, 92
218, 93
218, 94
218, 95
218, 96
218, 97
218, 98
218, 99
218, 100
218, 101
218, 102
218, 103
218, 104
218, 105
218, 106
218, 107
218, 108
218, 109
218, 110
218, 111
218, 112
218, 113
218, 114
218, 115
218, 116
218, 117
218, 118
218, 119
218, 120
218, 121
218, 122
218, 123
218, 124
218, 125
218, 126
218, 127
218, 128
218, 129
218, 130
218, 131
218, 132
219, 82
219, 83
219, 84
219, 85
219, 86
219, 87
219, 88
219, 89
219, 90
219, 91
219, 92
219, 93
219, 94
219, 95
219, 96
219, 97
219, 98
219, 99
219, 100
219, 101
219, 102
219, 103
219, 104
219, 105
219, 106
219, 107
219, 108
219, 109
219, 110
219, 111
219, 112
219, 113
219, 114
219, 115
219, 116
219, 117
219, 118
219, 119
219, 120
219, 121
219, 122
219, 123
219, 124
219, 125
219, 126
219, 127
219, 128
219, 129
219, 130
219, 131
219, 132
220, 82
220, 83
220, 84
220, 85
220, 86
220, 87
220, 88
220, 89
220, 90
220, 91
220, 92
220, 93
220, 94
220, 95
220, 96
220, 97
220, 98
220, 99
220, 100
220, 101
220, 102
220, 103
220, 104
220, 105
220, 106
220, 107
220, 108
220, 109
220, 110
220, 111
220, 112
220, 113
220, 114
220, 115
220, 116
220, 117
220, 118
220, 119
220, 120
220, 121
220, 122
220, 123
220, 124
220, 125
220, 126
220, 127
220, 128
220, 129
220, 130
220, 131
220, 132
221, 82
221, 83
221, 84
221, 85
221, 86
221, 87
221, 88
221, 89
221, 90
221, 91
221, 92
221, 93
221, 94
221, 95
221, 96
221, 97
221, 98
221, 99
221, 100
221, 101
221, 102
221, 103
221, 104
221, 105
221, 106
221, 107
221, 108
221, 109
221, 110
221, 111
221, 112
221, 113
221, 114
221, 115
221, 116
221, 117
221, 118
221, 119
221, 120
221, 121
221, 122
221, 123
221, 124
221, 125
221, 126
221, 127
221, 128
221, 129
221, 130
221, 131
221, 132
222, 82
222, 83
222, 84
222, 85
222, 86
222, 87
222, 88
222, 89
222, 90
222, 91
222, 92
222, 93
222, 94
222, 95
222, 96
222, 97
222, 98
222, 99
222, 100
222, 101
222, 102
222, 103
222, 104
222, 105
222, 106
222, 107
222, 108
222, 109
222, 110
222, 111
222, 112
222, 113
222, 114
222, 115
222, 116
222, 117
222, 118
222, 119
222, 120
222, 121
222, 122
222, 123
222, 124
222, 125
222, 126
222, 127
222, 128
222, 129
222, 130
222, 131
222, 132
223, 82
223, 83
223, 84
223, 85
223, 86
223, 87
223, 88
223, 89
223, 90
223, 91
223, 92
223, 93
223, 94
223, 95
223, 96
223, 97
223, 98
223, 99
223, 100
223, 101
223, 102
223, 103
223, 104
223, 105
223, 106
223, 107
223, 108
223, 109
223, 110
223, 111
223, 112
223, 113
223, 114
223, 115
223, 116
223, 117
223, 118
223, 119
223, 120
223, 121
223, 122
223, 123
223, 124
223, 125
223, 126
223, 127
223, 128
223, 129
223, 130
223, 131
223, 132
224, 82
224, 83
224, 84
224, 85
224, 86
224, 87
224, 88
224, 89
224, 90
224, 91
224, 92
224, 93
224, 94
224, 95
224, 96
224, 97
224, 98
224, 99
224, 100
224, 101
224, 102
224, 103
224, 104
224, 105
224, 106
224, 107
224, 108
224, 109
224, 110
224, 111
224, 112
224, 113
224, 114
224, 115
224, 116
224, 117
224, 118
224, 119
224, 120
224, 121
224, 122
224, 123
224, 124
224, 125
224, 126
224, 127
224, 128
224, 129
224, 130
224, 131
224, 132
225, 82
225, 83
225, 84
225, 85
225, 86
225, 87
225, 88
225, 89
225, 90
225, 91
225, 92
225, 93
225, 94
225, 95
225, 96
225, 97
225, 98
225, 99
225, 100
225, 101
225, 102
225, 103
225, 104
225, 105
225, 106
225, 107
225, 108
225, 109
225, 110
225, 111
225, 112
225, 113
225, 114
225, 115
225, 116
225, 117
225, 118
225, 119
225, 120
225, 121
225, 122
225, 123
225, 124
225, 125
225, 126
225, 127
225, 128
225, 129
225, 130
225, 131
225, 132
226, 82
226, 83
226, 84
226, 85
226, 86
226, 87
226, 88
226, 89
226, 90
226, 91
226, 92
226, 93
226, 94
226, 95
226, 96
226, 97
226, 98
226, 99
226, 100
226, 101
226, 102
226, 103
226, 104
226, 105
226, 106
226, 107
226, 108
226, 109
226, 110
226, 111
226, 112
226, 113
226, 114
226, 115
226, 116
226, 117
226, 118
226, 119
226, 120
226, 121
226, 122
226, 123
226, 124
226, 125
226, 126
226, 127
226, 128
226, 129
226, 130
226, 131
226, 132
227, 82
227, 83
227, 84
227, 85
227, 86
227, 87
227, 88
227, 89
227, 90
227, 91
227, 92
227, 93
227, 94
227, 95
227, 96
227, 97
227, 98
227, 99
227, 100
227, 101
227, 102
227, 103
227, 104
227, 105
227, 106
227, 107
227, 108
227, 109
227, 110
227, 111
227, 112
227, 113
227, 114
227, 115
227, 116
227, 117
227, 118
227, 119
227, 120
227, 121
227, 122
227, 123
227, 124
227, 125
227, 126
227, 127
227, 128
227, 129
227, 130
227, 131
227, 132
228, 82
228, 83
228, 84
228, 85
228, 86
228, 87
228, 88
228, 89
228, 90
228, 91
228, 92
228, 93
228, 94
228, 95
228, 96
228, 97
228, 98
228, 99
228, 100
228, 101
228, 102
228, 103
228, 104
228, 105
228, 106
228, 107
228, 108
228, 109
228, 110
228, 111
228, 112
228, 113
228, 114
228, 115
228, 116
228, 117
228, 118
228, 119
228, 120
228, 121
228, 122
228, 123
228, 124
228, 125
228, 126
228, 127
228, 128
228, 129
228, 130
228, 131
228, 132
229, 82
229, 83
229, 84
229, 85
229, 86
229, 87
229, 88
229, 89
229, 90
229, 91
229, 92
229, 93
229, 94
229, 95
229, 96
229, 97
229, 98
229, 99
229, 100
229, 101
229, 102
229, 103
229, 104
229, 105
229, 106
229, 107
229, 108
229, 109
229, 110
229, 111
229, 112
229, 113
229, 114
229, 115
229, 116
229, 117
229, 118
229, 119
229, 120
229, 121
229, 122
229, 123
229, 124
229, 125
229, 126
229, 127
229, 128
229, 129
229, 130
229, 131
229, 132
230, 81
230, 82
230, 83
230, 84
230, 85
230, 86
230, 87
230, 88
230, 89
230, 90
230, 91
230, 92
230, 93
230, 94
230, 95
230, 96
230, 97
230, 98
230, 99
230, 100
230, 101
230, 102
230, 103
230, 104
230, 105
230, 106
230, 107
230, 108
230, 109
230, 110
230, 111
230, 112
230, 113
230, 114
230, 115
230, 116
230, 117
230, 118
230, 119
230, 120
230, 121
230, 122
230, 123
230, 124
230, 125
230, 126
230, 127
230, 128
230, 129
230, 130
230, 131
230, 132
230, 133
231, 80
231, 81
231, 82
231, 83
231, 84
231, 85
231, 86
231, 87
231, 88
231, 89
231, 90
231, 91
231, 92
231, 93
231, 94
231, 95
231, 96
231, 97
231, 98
231, 99
231, 100
231, 101
231, 102
231, 103
231, 104
231, 105
231, 106
231, 107
231, 108
231, 109
231, 110
231, 111
231, 112
231, 113
231, 114
231, 115
231, 116
231, 117
231, 118
231, 119
231, 120
231, 121
231, 122
231, 123
231, 124
231, 125
231, 126
231, 127
231, 128
231, 129
231, 130
231, 131
231, 132
231, 133
232, 78
232, 79
232, 80
232, 81
232, 82
232, 83
232, 84
232, 85
232, 86
232, 87
232, 88
232, 89
232, 90
232, 91
232, 92
232, 93
232, 94
232, 95
232, 96
232, 97
232, 98
232, 99
232, 100
232, 101
232, 102
232, 103
232, 104
232, 105
232, 106
232, 107
232, 108
232, 109
232, 110
232, 111
232, 112
232, 113
232, 114
232, 115
232, 116
232, 117
232, 118
232, 119
232, 120
232, 121
232, 122
232, 123
232, 124
232, 125
232, 126
232, 127
232, 128
232, 129
232, 130
232, 131
232, 132
232, 133
233, 76
233, 77
233, 78
233, 79
233, 80
233, 81
233, 82
233, 83
233, 84
233, 85
233, 86
233, 87
233, 88
233, 89
233, 90
233, 91
233, 92
233, 93
233, 94
233, 95
233, 96
233, 97
233, 98
233, 99
233, 100
233, 101
233, 102
233, 103
233, 104
233, 105
233, 106
233, 107
233, 108
233, 109
233, 110
233, 111
233, 112
233, 113
233, 114
233, 115
233, 116
233, 117
233, 118
233, 119
233, 120
233, 121
233, 122
233, 123
233, 124
233, 125
233, 126
233, 127
233, 128
233, 129
233, 130
233, 131
233, 132
233, 133
234, 76
234, 77
234, 78
234, 79
234, 80
234, 81
234, 82
234, 83
234, 84
234, 85
234, 86
234, 87
234, 88
234, 89
234, 90
234, 91
234, 92
234, 93
234, 94
234, 95
234, 96
234, 97
234, 98
234, 99
234, 100
234, 101
234, 102
234, 103
234, 104
234, 105
234, 106
234, 107
234, 108
234, 109
234, 110
234, 111
234, 112
234, 113
234, 114
234, 115
234, 116
234, 117
234, 118
234, 119
234, 120
234, 121
234, 122
234, 123
234, 124
234, 125
234, 126
234, 127
234, 128
234, 129
234, 130
234, 131
234, 132
234, 133
235, 75
235, 76
235, 77
235, 78
235, 79
235, 80
235, 81
235, 82
235, 83
235, 84
235, 85
235, 86
235, 87
235, 88
235, 89
235, 90
235, 91
235, 92
235, 93
235, 94
235, 95
235, 96
235, 97
235, 98
235, 99
235, 100
235, 101
235, 102
235, 103
235, 104
235, 105
235, 106
235, 107
235, 108
235, 109
235, 110
235, 111
235, 112
235, 113
235, 114
235, 115
235, 116
235, 117
235, 118
235, 119
235, 120
235, 121
235, 122
235, 123
235, 124
235, 125
235, 126
235, 127
235, 128
235, 129
235, 130
235, 131
235, 132
235, 133
236, 76
236, 77
236, 78
236, 79
236, 80
236, 81
236, 82
236, 83
236, 84
236, 85
236, 86
236, 87
236, 88
236, 89
236, 90
236, 91
236, 92
236, 93
236, 94
236, 95
236, 96
236, 97
236, 98
236, 99
236, 100
236, 101
236, 102
236, 103
236, 104
236, 105
236, 106
236, 107
236, 108
236, 109
236, 110
236, 111
236, 112
236, 113
236, 114
236, 115
236, 116
236, 117
236, 118
236, 119
236, 120
236, 121
236, 122
236, 123
236, 124
236, 125
236, 126
236, 127
236, 128
236, 129
236, 130
236, 131
236, 132
236, 133
237, 76
237, 77
237, 78
237, 79
237, 80
237, 81
237, 82
237, 83
237, 84
237, 85
237, 86
237, 87
237, 88
237, 89
237, 90
237, 91
237, 92
237, 93
237, 94
237, 95
237, 96
237, 97
237, 98
237, 99
237, 100
237, 101
237, 102
237, 103
237, 104
237, 105
237, 106
237, 107
237, 108
237, 109
237, 110
237, 111
237, 112
237, 113
237, 114
237, 115
237, 116
237, 117
237, 118
237, 119
237, 120
237, 121
237, 122
237, 123
237, 124
237, 125
237, 126
237, 127
237, 128
237, 129
237, 130
237, 131
237, 132
237, 133
238, 76
238, 77
238, 78
238, 79
238, 80
238, 81
238, 82
238, 83
238, 84
238, 85
238, 86
238, 87
238, 88
238, 89
238, 90
238, 91
238, 92
238, 93
238, 94
238, 95
238, 96
238, 97
238, 98
238, 99
238, 100
238, 101
238, 102
238, 103
238, 104
238, 105
238, 106
238, 107
238, 108
238, 109
238, 110
238, 111
238, 112
238, 113
238, 114
238, 115
238, 116
238, 117
238, 118
238, 119
238, 120
238, 121
238, 122
238, 123
238, 124
238, 125
238, 126
238, 127
238, 128
238, 129
238, 130
238, 131
238, 132
238, 133
239, 77
239, 78
239, 79
239, 80
239, 81
239, 82
239, 83
239, 84
239, 85
239, 86
239, 87
239, 88
239, 89
239, 90
239, 91
239, 92
239, 93
239, 94
239, 95
239, 96
239, 97
239, 98
239, 99
239, 100
239, 101
239, 102
239, 103
239, 104
239, 105
239, 106
239, 107
239, 108
239, 109
239, 110
239, 111
239, 112
239, 113
239, 114
239, 115
239, 116
239, 117
239, 118
239, 119
239, 120
239, 121
239, 122
239, 123
239, 124
239, 125
239, 126
239, 127
239, 128
239, 129
239, 130
239, 131
239, 132
239, 133
240, 77
240, 78
240, 79
240, 80
240, 81
240, 82
240, 83
240, 84
240, 85
240, 86
240, 87
240, 88
240, 89
240, 90
240, 91
240, 92
240, 93
240, 94
240, 95
240, 96
240, 97
240, 98
240, 99
240, 100
240, 101
240, 102
240, 103
240, 104
240, 105
240, 106
240, 107
240, 108
240, 109
240, 110
240, 111
240, 112
240, 113
240, 114
240, 115
240, 116
240, 117
240, 118
240, 119
240, 120
240, 121
240, 122
240, 123
240, 124
240, 125
240, 126
240, 127
240, 128
240, 129
240, 130
240, 131
240, 132
240, 133
241, 77
241, 78
241, 79
241, 80
241, 81
241, 82
241, 83
241, 84
241, 85
241, 86
241, 87
241, 88
241, 89
241, 90
241, 91
241, 92
241, 93
241, 94
241, 95
241, 96
241, 97
241, 98
241, 99
241, 100
241, 101
241, 102
241, 103
241, 104
241, 105
241, 106
241, 107
241, 108
241, 109
241, 110
241, 111
241, 112
241, 113
241, 114
241, 115
241, 116
241, 117
241, 118
241, 119
241, 120
241, 121
241, 122
241, 123
241, 124
241, 125
241, 126
241, 127
241, 128
241, 129
241, 130
241, 131
241, 132
241, 133
242, 78
242, 79
242, 80
242, 81
242, 82
242, 83
242, 84
242, 85
242, 86
242, 87
242, 88
242, 89
242, 90
242, 91
242, 92
242, 93
242, 94
242, 95
242, 96
242, 97
242, 98
242, 99
242, 100
242, 101
242, 102
242, 103
242, 104
242, 105
242, 106
242, 107
242, 108
242, 109
242, 110
242, 111
242, 112
242, 113
242, 114
242, 115
242, 116
242, 117
242, 118
242, 119
242, 120
242, 121
242, 122
242, 123
242, 124
242, 125
242, 126
242, 127
242, 128
242, 129
242, 130
242, 131
242, 132
242, 133
243, 78
243, 79
243, 80
243, 81
243, 82
243, 83
243, 84
243, 85
243, 86
243, 87
243, 88
243, 89
243, 90
243, 91
243, 92
243, 93
243, 94
243, 95
243, 96
243, 97
243, 98
243, 99
243, 100
243, 101
243, 102
243, 103
243, 104
243, 105
243, 106
243, 107
243, 108
243, 109
243, 110
243, 111
243, 112
243, 113
243, 114
243, 115
243, 116
243, 117
243, 118
243, 119
243, 120
243, 121
243, 122
243, 123
243, 124
243, 125
243, 126
243, 127
243, 128
243, 129
243, 130
243, 131
243, 132
244, 77
244, 78
244, 79
244, 80
244, 81
244, 82
244, 83
244, 84
244, 85
244, 86
244, 87
244, 88
244, 89
244, 90
244, 91
244, 92
244, 93
244, 94
244, 95
244, 96
244, 97
244, 98
244, 99
244, 100
244, 101
244, 102
244, 103
244, 104
244, 105
244, 106
244, 107
244, 108
244, 109
244, 110
244, 111
244, 112
244, 113
244, 114
244, 115
244, 116
244, 117
244, 118
244, 119
244, 120
244, 121
244, 122
244, 123
244, 124
244, 125
244, 126
244, 127
244, 128
244, 129
244, 130
244, 131
244, 132
245, 77
245, 78
245, 79
245, 80
245, 81
245, 82
245, 83
245, 84
245, 85
245, 86
245, 87
245, 88
245, 89
245, 90
245, 91
245, 92
245, 93
245, 94
245, 95
245, 96
245, 97
245, 98
245, 99
245, 100
245, 101
245, 102
245, 103
245, 104
245, 105
245, 106
245, 107
245, 108
245, 109
245, 110
245, 111
245, 112
245, 113
245, 114
245, 115
245, 116
245, 117
245, 118
245, 119
245, 120
245, 121
245, 122
245, 123
245, 124
245, 125
245, 126
245, 127
245, 128
245, 129
245, 130
245, 131
245, 132
246, 77
246, 78
246, 79
246, 80
246, 81
246, 82
246, 83
246, 84
246, 85
246, 86
246, 87
246, 88
246, 89
246, 90
246, 91
246, 92
246, 93
246, 94
246, 95
246, 96
246, 97
246, 98
246, 99
246, 100
246, 101
246, 102
246, 103
246, 104
246, 105
246, 106
246, 107
246, 108
246, 109
246, 110
246, 111
246, 112
246, 113
246, 114
246, 115
246, 116
246, 117
246, 118
246, 119
246, 120
246, 121
246, 122
246, 123
246, 124
246, 125
246, 126
246, 127
246, 128
246, 129
246, 130
246, 131
246, 132
247, 77
247, 78
247, 79
247, 80
247, 81
247, 82
247, 83
247, 84
247, 85
247, 86
247, 87
247, 88
247, 89
247, 90
247, 91
247, 92
247, 93
247, 94
247, 95
247, 96
247, 97
247, 98
247, 99
247, 100
247, 101
247, 102
247, 103
247, 104
247, 105
247, 106
247, 107
247, 108
247, 109
247, 110
247, 111
247, 112
247, 113
247, 114
247, 115
247, 116
247, 117
247, 118
247, 119
247, 120
247, 121
247, 122
247, 123
247, 124
247, 125
247, 126
247, 127
247, 128
247, 129
247, 130
247, 131
247, 132
248, 77
248, 78
248, 79
248, 80
248, 81
248, 82
248, 83
248, 84
248, 85
248, 86
248, 87
248, 88
248, 89
248, 90
248, 91
248, 92
248, 93
248, 94
248, 95
248, 96
248, 97
248, 98
248, 99
248, 100
248, 101
248, 102
248, 103
248, 104
248, 105
248, 106
248, 107
248, 108
248, 109
248, 110
248, 111
248, 112
248, 113
248, 114
248, 115
248, 116
248, 117
248, 118
248, 119
248, 120
248, 121
248, 122
248, 123
248, 124
248, 125
248, 126
248, 127
248, 128
248, 129
248, 130
248, 131
248, 132
249, 77
249, 78
249, 79
249, 80
249, 81
249, 82
249, 83
249, 84
249, 85
249, 86
249, 87
249, 88
249, 89
249, 90
249, 91
249, 92
249, 93
249, 94
249, 95
249, 96
249, 97
249, 98
249, 99
249, 100
249, 101
249, 102
249, 103
249, 104
249, 105
249, 106
249, 107
249, 108
249, 109
249, 110
249, 111
249, 112
249, 113
249, 114
249, 115
249, 116
249, 117
249, 118
249, 119
249, 120
249, 121
249, 122
249, 123
249, 124
249, 125
249, 126
249, 127
249, 128
249, 129
249, 130
249, 131
249, 132
250, 77
250, 78
250, 79
250, 80
250, 81
250, 82
250, 83
250, 84
250, 85
250, 86
250, 87
250, 88
250, 89
250, 90
250, 91
250, 92
250, 93
250, 94
250, 95
250, 96
250, 97
250, 98
250, 99
250, 100
250, 101
250, 102
250, 103
250, 104
250, 105
250, 106
250, 107
250, 108
250, 109
250, 110
250, 111
250, 112
250, 113
250, 114
250, 115
250, 116
250, 117
250, 118
250, 119
250, 120
250, 121
250, 122
250, 123
250, 124
250, 125
250, 126
250, 127
250, 128
250, 129
250, 130
250, 131
250, 132
251, 78
251, 79
251, 80
251, 81
251, 82
251, 83
251, 84
251, 85
251, 86
251, 87
251, 88
251, 89
251, 90
251, 91
251, 92
251, 93
251, 94
251, 95
251, 96
251, 97
251, 98
251, 99
251, 100
251, 101
251, 102
251, 103
251, 104
251, 105
251, 106
251, 107
251, 108
251, 109
251, 110
251, 111
251, 112
251, 113
251, 114
251, 115
251, 116
251, 117
251, 118
251, 119
251, 120
251, 121
251, 122
251, 123
251, 124
251, 125
251, 126
251, 127
251, 128
251, 129
251, 130
251, 131
252, 79
252, 80
252, 81
252, 82
252, 83
252, 84
252, 85
252, 86
252, 87
252, 88
252, 89
252, 90
252, 91
252, 92
252, 93
252, 94
252, 95
252, 96
252, 97
252, 98
252, 99
252, 100
252, 101
252, 102
252, 103
252, 104
252, 105
252, 106
252, 107
252, 108
252, 109
252, 110
252, 111
252, 112
252, 113
252, 114
252, 115
252, 116
252, 117
252, 118
252, 119
252, 120
252, 121
252, 122
252, 123
252, 124
252, 125
252, 126
252, 127
252, 128
252, 129
252, 130
252, 131
253, 79
253, 80
253, 81
253, 82
253, 83
253, 84
253, 85
253, 86
253, 87
253, 88
253, 89
253, 90
253, 91
253, 92
253, 93
253, 94
253, 95
253, 96
253, 97
253, 98
253, 99
253, 100
253, 101
253, 102
253, 103
253, 104
253, 105
253, 106
253, 107
253, 108
253, 109
253, 110
253, 111
253, 112
253, 113
253, 114
253, 115
253, 116
253, 117
253, 118
253, 119
253, 120
253, 121
253, 122
253, 123
253, 124
253, 125
253, 126
253, 127
253, 128
253, 129
253, 130
253, 131
254, 80
254, 81
254, 82
254, 83
254, 84
254, 85
254, 86
254, 87
254, 88
254, 89
254, 90
254, 91
254, 92
254, 93
254, 94
254, 95
254, 96
254, 97
254, 98
254, 99
254, 100
254, 101
254, 102
254, 103
254, 104
254, 105
254, 106
254, 107
254, 108
254, 109
254, 110
254, 111
254, 112
254, 113
254, 114
254, 115
254, 116
254, 117
254, 118
254, 119
254, 120
254, 121
254, 122
254, 123
254, 124
254, 125
254, 126
254, 127
254, 128
254, 129
254, 130
254, 131
255, 80
255, 81
255, 82
255, 83
255, 84
255, 85
255, 86
255, 87
255, 88
255, 89
255, 90
255, 91
255, 92
255, 93
255, 94
255, 95
255, 96
255, 97
255, 98
255, 99
255, 100
255, 101
255, 102
255, 103
255, 104
255, 105
255, 106
255, 107
255, 108
255, 109
255, 110
255, 111
255, 112
255, 113
255, 114
255, 115
255, 116
255, 117
255, 118
255, 119
255, 120
255, 121
255, 122
255, 123
255, 124
255, 125
255, 126
255, 127
255, 128
255, 129
255, 130
255, 131
256, 79
256, 80
256, 81
256, 82
256, 83
256, 84
256, 85
256, 86
256, 87
256, 88
256, 89
256, 90
256, 91
256, 92
256, 93
256, 94
256, 95
256, 96
256, 97
256, 98
256, 99
256, 100
256, 101
256, 102
256, 103
256, 104
256, 105
256, 106
256, 107
256, 108
256, 109
256, 110
256, 111
256, 112
256, 113
256, 114
256, 115
256, 116
256, 117
256, 118
256, 119
256, 120
256, 121
256, 122
256, 123
256, 124
256, 125
256, 126
256, 127
256, 128
256, 129
256, 130
256, 131
257, 77
257, 78
257, 79
257, 80
257, 81
257, 82
257, 83
257, 84
257, 85
257, 86
257, 87
257, 88
257, 89
257, 90
257, 91
257, 92
257, 93
257, 94
257, 95
257, 96
257, 97
257, 98
257, 99
257, 100
257, 101
257, 102
257, 103
257, 104
257, 105
257, 106
257, 107
257, 108
257, 109
257, 110
257, 111
257, 112
257, 113
257, 114
257, 115
257, 116
257, 117
257, 118
257, 119
257, 120
257, 121
257, 122
257, 123
257, 124
257, 125
257, 126
257, 127
257, 128
257, 129
257, 130
257, 131
258, 76
258, 77
258, 78
258, 79
258, 80
258, 81
258, 82
258, 83
258, 84
258, 85
258, 86
258, 87
258, 88
258, 89
258, 90
258, 91
258, 92
258, 93
258, 94
258, 95
258, 96
258, 97
258, 98
258, 99
258, 100
258, 101
258, 102
258, 103
258, 104
258, 105
258, 106
258, 107
258, 108
258, 109
258, 110
258, 111
258, 112
258, 113
258, 114
258, 115
258, 116
258, 117
258, 118
258, 119
258, 120
258, 121
258, 122
258, 123
258, 124
258, 125
258, 126
258, 127
258, 128
258, 129
258, 130
258, 131
259, 76
259, 77
259, 78
259, 79
259, 80
259, 81
259, 82
259, 83
259, 84
259, 85
259, 86
259, 87
259, 88
259, 89
259, 90
259, 91
259, 92
259, 93
259, 94
259, 95
259, 96
259, 97
259, 98
259, 99
259, 100
259, 101
259, 102
259, 103
259, 104
259, 105
259, 106
259, 107
259, 108
259, 109
259, 110
259, 111
259, 112
259, 113
259, 114
259, 115
259, 116
259, 117
259, 118
259, 119
259, 120
259, 121
259, 122
259, 123
259, 124
259, 125
259, 126
259, 127
259, 128
259, 129
259, 130
260, 75
260, 76
260, 77
260, 78
260, 79
260, 80
260, 81
260, 82
260, 83
260, 84
260, 85
260, 86
260, 87
260, 88
260, 89
260, 90
260, 91
260, 92
260, 93
260, 94
260, 95
260, 96
260, 97
260, 98
260, 99
260, 100
260, 101
260, 102
260, 103
260, 104
260, 105
260, 106
260, 107
260, 108
260, 109
260, 110
260, 111
260, 112
260, 113
260, 114
260, 115
260, 116
260, 117
260, 118
260, 119
260, 120
260, 121
260, 122
260, 123
260, 124
260, 125
260, 126
260, 127
260, 128
260, 129
260, 130
261, 75
261, 76
261, 77
261, 78
261, 79
261, 80
261, 81
261, 82
261, 83
261, 84
261, 85
261, 86
261, 87
261, 88
261, 89
261, 90
261, 91
261, 92
261, 93
261, 94
261, 95
261, 96
261, 97
261, 98
261, 99
261, 100
261, 101
261, 102
261, 103
261, 104
261, 105
261, 106
261, 107
261, 108
261, 109
261, 110
261, 111
261, 112
261, 113
261, 114
261, 115
261, 116
261, 117
261, 118
261, 119
261, 120
261, 121
261, 122
261, 123
261, 124
261, 125
261, 126
261, 127
261, 128
261, 129
261, 130
262, 74
262, 75
262, 76
262, 77
262, 78
262, 79
262, 80
262, 81
262, 82
262, 83
262, 84
262, 85
262, 86
262, 87
262, 88
262, 89
262, 90
262, 91
262, 92
262, 93
262, 94
262, 95
262, 96
262, 97
262, 98
262, 99
262, 100
262, 101
262, 102
262, 103
262, 104
262, 105
262, 106
262, 107
262, 108
262, 109
262, 110
262, 111
262, 112
262, 113
262, 114
262, 115
262, 116
262, 117
262, 118
262, 119
262, 120
262, 121
262, 122
262, 123
262, 124
262, 125
262, 126
262, 127
262, 128
262, 129
262, 130
263, 74
263, 75
263, 76
263, 77
263, 78
263, 79
263, 80
263, 81
263, 82
263, 83
263, 84
263, 85
263, 86
263, 87
263, 88
263, 89
263, 90
263, 91
263, 92
263, 93
263, 94
263, 95
263, 96
263, 97
263, 98
263, 99
263, 100
263, 101
263, 102
263, 103
263, 104
263, 105
263, 106
263, 107
263, 108
263, 109
263, 110
263, 111
263, 112
263, 113
263, 114
263, 115
263, 116
263, 117
263, 118
263, 119
263, 120
263, 121
263, 122
263, 123
263, 124
263, 125
263, 126
263, 127
263, 128
263, 129
264, 74
264, 75
264, 76
264, 77
264, 78
264, 79
264, 80
264, 81
264, 82
264, 83
264, 84
264, 85
264, 86
264, 87
264, 88
264, 89
264, 90
264, 91
264, 92
264, 93
264, 94
264, 95
264, 96
264, 97
264, 98
264, 99
264, 100
264, 101
264, 102
264, 103
264, 104
264, 105
264, 106
264, 107
264, 108
264, 109
264, 110
264, 111
264, 112
264, 113
264, 114
264, 115
264, 116
264, 117
264, 118
264, 119
264, 120
264, 121
264, 122
264, 123
264, 124
264, 125
264, 126
264, 127
264, 128
265, 74
265, 75
265, 76
265, 77
265, 78
265, 79
265, 80
265, 81
265, 82
265, 83
265, 84
265, 85
265, 86
265, 87
265, 88
265, 89
265, 90
265, 91
265, 92
265, 93
265, 94
265, 95
265, 96
265, 97
265, 98
265, 99
265, 100
265, 101
265, 102
265, 103
265, 104
265, 105
265, 106
265, 107
265, 108
265, 109
265, 110
265, 111
265, 112
265, 113
265, 114
265, 115
265, 116
265, 117
265, 118
265, 119
265, 120
265, 121
265, 122
265, 123
265, 124
265, 125
265, 126
265, 127
265, 128
266, 75
266, 76
266, 77
266, 78
266, 79
266, 80
266, 81
266, 82
266, 83
266, 84
266, 85
266, 86
266, 87
266, 88
266, 89
266, 90
266, 91
266, 92
266, 93
266, 94
266, 95
266, 96
266, 97
266, 98
266, 99
266, 100
266, 101
266, 102
266, 103
266, 104
266, 105
266, 106
266, 107
266, 108
266, 109
266, 110
266, 111
266, 112
266, 113
266, 114
266, 115
266, 116
266, 117
266, 118
266, 119
266, 120
266, 121
266, 122
266, 123
266, 124
266, 125
266, 126
266, 127
267, 75
267, 76
267, 77
267, 78
267, 79
267, 80
267, 81
267, 82
267, 83
267, 84
267, 85
267, 86
267, 87
267, 88
267, 89
267, 90
267, 91
267, 92
267, 93
267, 94
267, 95
267, 96
267, 97
267, 98
267, 99
267, 100
267, 101
267, 102
267, 103
267, 104
267, 105
267, 106
267, 107
267, 108
267, 109
267, 110
267, 111
267, 112
267, 113
267, 114
267, 115
267, 116
267, 117
267, 118
267, 119
267, 120
267, 121
267, 122
267, 123
267, 124
267, 125
267, 126
267, 127
268, 75
268, 76
268, 77
268, 78
268, 79
268, 80
268, 81
268, 82
268, 83
268, 84
268, 85
268, 86
268, 87
268, 88
268, 89
268, 90
268, 91
268, 92
268, 93
268, 94
268, 95
268, 96
268, 97
268, 98
268, 99
268, 100
268, 101
268, 102
268, 103
268, 104
268, 105
268, 106
268, 107
268, 108
268, 109
268, 110
268, 111
268, 112
268, 113
268, 114
268, 115
268, 116
268, 117
268, 118
268, 119
268, 120
268, 121
268, 122
268, 123
268, 124
268, 125
268, 126
268, 127
269, 75
269, 76
269, 77
269, 78
269, 79
269, 80
269, 81
269, 82
269, 83
269, 84
269, 85
269, 86
269, 87
269, 88
269, 89
269, 90
269, 91
269, 92
269, 93
269, 94
269, 95
269, 96
269, 97
269, 98
269, 99
269, 100
269, 101
269, 102
269, 103
269, 104
269, 105
269, 106
269, 107
269, 108
269, 109
269, 110
269, 111
269, 112
269, 113
269, 114
269, 115
269, 116
269, 117
269, 118
269, 119
269, 120
269, 121
269, 122
269, 123
269, 124
269, 125
269, 126
270, 75
270, 76
270, 77
270, 78
270, 79
270, 80
270, 81
270, 82
270, 83
270, 84
270, 85
270, 86
270, 87
270, 88
270, 89
270, 90
270, 91
270, 92
270, 93
270, 94
270, 95
270, 96
270, 97
270, 98
270, 99
270, 100
270, 101
270, 102
270, 103
270, 104
270, 105
270, 106
270, 107
270, 108
270, 109
270, 110
270, 111
270, 112
270, 113
270, 114
270, 115
270, 116
270, 117
270, 118
270, 119
270, 120
270, 121
270, 122
270, 123
270, 124
270, 125
270, 126
271, 75
271, 76
271, 77
271, 78
271, 79
271, 80
271, 81
271, 82
271, 83
271, 84
271, 85
271, 86
271, 87
271, 88
271, 89
271, 90
271, 91
271, 92
271, 93
271, 94
271, 95
271, 96
271, 97
271, 98
271, 99
271, 100
271, 101
271, 102
271, 103
271, 104
271, 105
271, 106
271, 107
271, 108
271, 109
271, 110
271, 111
271, 112
271, 113
271, 114
271, 115
271, 116
271, 117
271, 118
271, 119
271, 120
271, 121
271, 122
271, 123
271, 124
271, 125
272, 74
272, 75
272, 76
272, 77
272, 78
272, 79
272, 80
272, 81
272, 82
272, 83
272, 84
272, 85
272, 86
272, 87
272, 88
272, 89
272, 90
272, 91
272, 92
272, 93
272, 94
272, 95
272, 96
272, 97
272, 98
272, 99
272, 100
272, 101
272, 102
272, 103
272, 104
272, 105
272, 106
272, 107
272, 108
272, 109
272, 110
272, 111
272, 112
272, 113
272, 114
272, 115
272, 116
272, 117
272, 118
272, 119
272, 120
272, 121
272, 122
272, 123
272, 124
273, 74
273, 75
273, 76
273, 77
273, 78
273, 79
273, 80
273, 81
273, 82
273, 83
273, 84
273, 85
273, 86
273, 87
273, 88
273, 89
273, 90
273, 91
273, 92
273, 93
273, 94
273, 95
273, 96
273, 97
273, 98
273, 99
273, 100
273, 101
273, 102
273, 103
273, 104
273, 105
273, 106
273, 107
273, 108
273, 109
273, 110
273, 111
273, 112
273, 113
273, 114
273, 115
273, 116
273, 117
273, 118
273, 119
273, 120
273, 121
273, 122
273, 123
274, 74
274, 75
274, 76
274, 77
274, 78
274, 79
274, 80
274, 81
274, 82
274, 83
274, 84
274, 85
274, 86
274, 87
274, 88
274, 89
274, 90
274, 91
274, 92
274, 93
274, 94
274, 95
274, 96
274, 97
274, 98
274, 99
274, 100
274, 101
274, 102
274, 103
274, 104
274, 105
274, 106
274, 107
274, 108
274, 109
274, 110
274, 111
274, 112
274, 113
274, 114
274, 115
274, 116
274, 117
274, 118
274, 119
274, 120
274, 121
274, 122
274, 123
275, 55
275, 56
275, 57
275, 58
275, 59
275, 60
275, 74
275, 75
275, 76
275, 77
275, 78
275, 79
275, 80
275, 81
275, 82
275, 83
275, 84
275, 85
275, 86
275, 87
275, 88
275, 89
275, 90
275, 91
275, 92
275, 93
275, 94
275, 95
275, 96
275, 97
275, 98
275, 99
275, 100
275, 101
275, 102
275, 103
275, 104
275, 105
275, 106
275, 107
275, 108
275, 109
275, 110
275, 111
275, 112
275, 113
275, 114
275, 115
275, 116
275, 117
275, 118
275, 119
275, 120
275, 121
275, 122
276, 54
276, 55
276, 56
276, 57
276, 58
276, 59
276, 60
276, 61
276, 62
276, 63
276, 68
276, 69
276, 70
276, 74
276, 75
276, 76
276, 77
276, 78
276, 79
276, 80
276, 81
276, 82
276, 83
276, 84
276, 85
276, 86
276, 87
276, 88
276, 89
276, 90
276, 91
276, 92
276, 93
276, 94
276, 95
276, 96
276, 97
276, 98
276, 99
276, 100
276, 101
276, 102
276, 103
276, 104
276, 105
276, 106
276, 107
276, 108
276, 109
276, 110
276, 111
276, 112
276, 113
276, 114
276, 115
276, 116
276, 117
276, 118
276, 119
276, 120
276, 121
277, 54
277, 55
277, 56
277, 57
277, 58
277, 59
277, 60
277, 61
277, 62
277, 74
277, 75
277, 76
277, 77
277, 78
277, 79
277, 80
277, 81
277, 82
277, 83
277, 84
277, 85
277, 86
277, 87
277, 88
277, 89
277, 90
277, 91
277, 92
277, 93
277, 94
277, 95
277, 96
277, 97
277, 98
277, 99
277, 100
277, 101
277, 102
277, 103
277, 104
277, 105
277, 106
277, 107
277, 108
277, 109
277, 110
277, 111
277, 112
277, 113
277, 114
277, 115
277, 116
277, 117
277, 118
277, 119
277, 120
278, 55
278, 56
278, 57
278, 58
278, 59
278, 60
278, 74
278, 75
278, 76
278, 77
278, 78
278, 79
278, 80
278, 81
278, 82
278, 83
278, 84
278, 85
278, 86
278, 87
278, 88
278, 89
278, 90
278, 91
278, 92
278, 93
278, 94
278, 95
278, 96
278, 97
278, 98
278, 99
278, 100
278, 101
278, 102
278, 103
278, 104
278, 105
278, 106
278, 107
278, 108
278, 109
278, 110
278, 111
278, 112
278, 113
278, 114
278, 115
278, 116
278, 117
278, 118
278, 119
279, 56
279, 57
279, 58
279, 59
279, 75
279, 76
279, 77
279, 78
279, 79
279, 80
279, 81
279, 82
279, 83
279, 84
279, 85
279, 86
279, 87
279, 88
279, 89
279, 90
279, 91
279, 92
279, 93
279, 94
279, 95
279, 96
279, 97
279, 98
279, 99
279, 100
279, 101
279, 102
279, 103
279, 104
279, 105
279, 106
279, 107
279, 108
279, 109
279, 110
279, 111
279, 112
279, 113
279, 114
279, 115
279, 116
279, 117
279, 118
280, 57
280, 76
280, 77
280, 78
280, 79
280, 80
280, 81
280, 82
280, 83
280, 84
280, 85
280, 86
280, 87
280, 88
280, 89
280, 90
280, 91
280, 92
280, 93
280, 94
280, 95
280, 96
280, 97
280, 98
280, 99
280, 100
280, 101
280, 102
280, 103
280, 104
280, 105
280, 106
280, 107
280, 108
280, 109
280, 110
280, 111
280, 112
280, 113
280, 114
280, 115
280, 116
280, 117
281, 76
281, 77
281, 78
281, 79
281, 80
281, 81
281, 82
281, 83
281, 84
281, 85
281, 86
281, 87
281, 88
281, 89
281, 90
281, 91
281, 92
281, 93
281, 94
281, 95
281, 96
281, 97
281, 98
281, 99
281, 100
281, 101
281, 102
281, 103
281, 104
281, 105
281, 106
281, 107
281, 108
281, 109
281, 110
281, 111
281, 112
281, 113
281, 114
281, 115
281, 116
282, 78
282, 79
282, 80
282, 81
282, 82
282, 83
282, 84
282, 85
282, 86
282, 87
282, 88
282, 89
282, 90
282, 91
282, 92
282, 93
282, 94
282, 95
282, 96
282, 97
282, 98
282, 99
282, 100
282, 101
282, 102
282, 103
282, 104
282, 105
282, 106
282, 107
282, 108
282, 109
282, 110
282, 111
282, 112
282, 113
282, 114
282, 115
283, 81
283, 82
283, 83
283, 84
283, 85
283, 86
283, 87
283, 88
283, 89
283, 90
283, 91
283, 92
283, 93
283, 94
283, 95
283, 96
283, 97
283, 98
283, 99
283, 100
283, 101
283, 102
283, 103
283, 104
283, 105
283, 106
283, 107
283, 108
283, 109
283, 110
283, 111
283, 112
283, 113
283, 114
284, 86
284, 87
284, 88
284, 89
284, 90
284, 91
284, 92
284, 93
284, 94
284, 95
284, 96
284, 97
284, 98
284, 99
284, 100
284, 101
284, 102
284, 103
284, 104
284, 105
284, 106
284, 107
284, 108
284, 109
284, 110
284, 111
284, 112
285, 96
285, 97
285, 98
285, 99
285, 100
285, 101
285, 102
285, 103
285, 104
285, 105
285, 106
285, 107
