28, 37
28, 38
28, 39
28, 40
28, 41
28, 42
29, 12
29, 13
29, 14
29, 15
29, 16
29, 36
29, 37
29, 38
29, 39
29, 40
29, 41
29, 42
29, 43
29, 44
30, 10
30, 11
30, 12
30, 13
30, 14
30, 15
30, 16
30, 17
30, 36
30, 37
30, 38
30, 39
30, 40
30, 41
30, 42
30, 43
30, 44
30, 45
31, 10
31, 11
31, 12
31, 13
31, 14
31, 15
31, 16
31, 17
31, 35
31, 36
31, 37
31, 38
31, 39
31, 40
31, 41
31, 42
31, 43
31, 44
31, 45
31, 46
32, 9
32, 10
32, 11
32, 12
32, 13
32, 14
32, 15
32, 16
32, 17
32, 18
32, 35
32, 36
32, 37
32, 38
32, 39
32, 40
32, 41
32, 42
32, 43
32, 44
32, 45
32, 46
32, 47
33, 9
33, 10
33, 11
33, 12
33, 13
33, 14
33, 15
33, 16
33, 17
33, 18
33, 35
33, 36
33, 37
33, 38
33, 39
33, 40
33, 41
33, 42
33, 43
33, 44
33, 45
33, 46
33, 47
33, 48
34, 8
34, 9
34, 10
34, 11
34, 12
34, 13
34, 14
34, 15
34, 16
34, 17
34, 18
34, 34
34, 35
34, 36
34, 37
34, 38
34, 39
34, 40
34, 41
34, 42
34, 43
34, 44
34, 45
34, 46
34, 47
34, 48
34, 49
35, 7
35, 8
35, 9
35, 10
35, 11
35, 12
35, 13
35, 14
35, 15
35, 16
35, 17
35, 18
35, 34
35, 35
35, 36
35, 37
35, 38
35, 39
35, 40
35, 41
35, 42
35, 43
35, 44
35, 45
35, 46
35, 47
35, 48
35, 49
36, 7
36, 8
36, 9
36, 10
36, 11
36, 12
36, 13
36, 14
36, 15
36, 16
36, 17
36, 18
36, 34
36, 35
36, 36
36, 37
36, 38
36, 39
36, 40
36, 41
36, 42
36, 43
36, 44
36, 45
36, 46
36, 47
36, 48
36, 49
36, 50
37, 7
37, 8
37, 9
37, 10
37, 11
37, 12
37, 13
37, 14
37, 15
37, 16
37, 17
37, 18
37, 34
37, 35
37, 36
37, 37
37, 38
37, 39
37, 40
37, 41
37, 42
37, 43
37, 44
37, 45
37, 46
37, 47
37, 48
37, 49
37, 50
38, 7
38, 8
38, 9
38, 10
38, 11
38, 12
38, 13
38, 14
38, 15
38, 16
38, 17
38, 18
38, 34
38, 35
38, 36
38, 37
38, 38
38, 39
38, 40
38, 41
38, 42
38, 43
38, 44
38, 45
38, 46
38, 47
38, 48
38, 49
38, 50
38, 51
39, 7
39, 8
39, 9
39, 10
39, 11
39, 12
39, 13
39, 14
39, 15
39, 16
39, 17
39, 18
39, 34
39, 35
39, 36
39, 37
39, 38
39, 39
39, 40
39, 41
39, 42
39, 43
39, 44
39, 45
39, 46
39, 47
39, 48
39, 49
39, 50
39, 51
40, 7
40, 8
40, 9
40, 10
40, 11
40, 12
40, 13
40, 14
40, 15
40, 16
40, 17
40, 18
40, 33
40, 34
40, 35
40, 36
40, 37
40, 38
40, 39
40, 40
40, 41
40, 42
40, 43
40, 44
40, 45
40, 46
40, 47
40, 48
40, 49
40, 50
40, 51
41, 7
41, 8
41, 9
41, 10
41, 11
41, 12
41, 13
41, 14
41, 15
41, 16
41, 17
41, 18
41, 33
41, 34
41, 35
41, 36
41, 37
41, 38
41, 39
41, 40
41, 41
41, 42
41, 43
41, 44
41, 45
41, 46
41, 47
41, 48
41, 49
41, 50
41, 51
41, 52
42, 7
42, 8
42, 9
42, 10
42, 11
42, 12
42, 13
42, 14
42, 15
42, 16
42, 17
42, 18
42, 33
42, 34
42, 35
42, 36
42, 37
42, 38
42, 39
42, 40
42, 41
42, 42
42, 43
42, 44
42, 45
42, 46
42, 47
42, 48
42, 49
42, 50
42, 51
42, 52
43, 7
43, 8
43, 9
43, 10
43, 11
43, 12
43, 13
43, 14
43, 15
43, 16
43, 17
43, 18
43, 33
43, 34
43, 35
43, 36
43, 37
43, 38
43, 39
43, 40
43, 41
43, 42
43, 43
43, 44
43, 45
43, 46
43, 47
43, 48
43, 49
43, 50
43, 51
43, 52
43, 53
44, 7
44, 8
44, 9
44, 10
44, 11
44, 12
44, 13
44, 14
44, 15
44, 16
44, 17
44, 18
44, 33
44, 34
44, 35
44, 36
44, 37
44, 38
44, 39
44, 40
44, 41
44, 42
44, 43
44, 44
44, 45
44, 46
44, 47
44, 48
44, 49
44, 50
44, 51
44, 52
44, 53
45, 6
45, 7
45, 8
45, 9
45, 10
45, 11
45, 12
45, 13
45, 14
45, 15
45, 16
45, 17
45, 18
45, 33
45, 34
45, 35
45, 36
45, 37
45, 38
45, 39
45, 40
45, 41
45, 42
45, 43
45, 44
45, 45
45, 46
45, 47
45, 48
45, 49
45, 50
45, 51
45, 52
45, 53
46, 6
46, 7
46, 8
46, 9
46, 10
46, 11
46, 12
46, 13
46, 14
46, 15
46, 16
46, 17
46, 18
46, 33
46, 34
46, 35
46, 36
46, 37
46, 38
46, 39
46, 40
46, 41
46, 42
46, 43
46, 44
46, 45
46, 46
46, 47
46, 48
46, 49
46, 50
46, 51
46, 52
46, 53
47, 6
47, 7
47, 8
47, 9
47, 10
47, 11
47, 12
47, 13
47, 14
47, 15
47, 16
47, 17
47, 18
47, 33
47, 34
47, 35
47, 36
47, 37
47, 38
47, 39
47, 40
47, 41
47, 42
47, 43
47, 44
47, 45
47, 46
47, 47
47, 48
47, 49
47, 50
47, 51
47, 52
47, 53
48, 6
48, 7
48, 8
48, 9
48, 10
48, 11
48, 12
48, 13
48, 14
48, 15
48, 16
48, 17
48, 18
48, 34
48, 35
48, 36
48, 37
48, 38
48, 39
48, 40
48, 41
48, 42
48, 43
48, 44
48, 45
48, 46
48, 47
48, 48
48, 49
48, 50
48, 51
48, 52
48, 53
49, 6
49, 7
49, 8
49, 9
49, 10
49, 11
49, 12
49, 13
49, 14
49, 15
49, 16
49, 17
49, 18
49, 33
49, 34
49, 35
49, 36
49, 37
49, 38
49, 39
49, 40
49, 41
49, 42
49, 43
49, 44
49, 45
49, 46
49, 47
49, 48
49, 49
49, 50
49, 51
49, 52
49, 53
50, 6
50, 7
50, 8
50, 9
50, 10
50, 11
50, 12
50, 13
50, 14
50, 15
50, 16
50, 17
50, 18
50, 33
50, 34
50, 35
50, 36
50, 37
50, 38
50, 39
50, 40
50, 41
50, 42
50, 43
50, 44
50, 45
50, 46
50, 47
50, 48
50, 49
50, 50
50, 51
50, 52
50, 53
50, 54
51, 6
51, 7
51, 8
51, 9
51, 10
51, 11
51, 12
51, 13
51, 14
51, 15
51, 16
51, 17
51, 18
51, 33
51, 34
51, 35
51, 36
51, 37
51, 38
51, 39
51, 40
51, 41
51, 42
51, 43
51, 44
51, 45
51, 46
51, 47
51, 48
51, 49
51, 50
51, 51
51, 52
51, 53
51, 54
52, 6
52, 7
52, 8
52, 9
52, 10
52, 11
52, 12
52, 13
52, 14
52, 15
52, 16
52, 17
52, 18
52, 33
52, 34
52, 35
52, 36
52, 37
52, 38
52, 39
52, 40
52, 41
52, 42
52, 43
52, 44
52, 45
52, 46
52, 47
52, 48
52, 49
52, 50
52, 51
52, 52
52, 53
52, 54
53, 7
53, 8
53, 9
53, 10
53, 11
53, 12
53, 13
53, 14
53, 15
53, 16
53, 17
53, 18
53, 33
53, 34
53, 35
53, 36
53, 37
53, 38
53, 39
53, 40
53, 41
53, 42
53, 43
53, 44
53, 45
53, 46
53, 47
53, 48
53, 49
53, 50
53, 51
53, 52
53, 53
53, 54
54, 7
54, 8
54, 9
54, 10
54, 11
54, 12
54, 13
54, 14
54, 15
54, 16
54, 17
54, 18
54, 33
54, 34
54, 35
54, 36
54, 37
54, 38
54, 39
54, 40
54, 41
54, 42
54, 43
54, 44
54, 45
54, 46
54, 47
54, 48
54, 49
54, 50
54, 51
54, 52
54, 53
54, 54
55, 7
55, 8
55, 9
55, 10
55, 11
55, 12
55, 13
55, 14
55, 15
55, 16
55, 17
55, 18
55, 33
55, 34
55, 35
55, 36
55, 37
55, 38
55, 39
55, 40
55, 41
55, 42
55, 43
55, 44
55, 45
55, 46
55, 47
55, 48
55, 49
55, 50
55, 51
55, 52
55, 53
55, 54
56, 7
56, 8
56, 9
56, 10
56, 11
56, 12
56, 13
56, 14
56, 15
56, 16
56, 17
56, 18
56, 33
56, 34
56, 35
56, 36
56, 37
56, 38
56, 39
56, 40
56, 41
56, 42
56, 43
56, 44
56, 45
56, 46
56, 47
56, 48
56, 49
56, 50
56, 51
56, 52
56, 53
56, 54
57, 7
57, 8
57, 9
57, 10
57, 11
57, 12
57, 13
57, 14
57, 15
57, 16
57, 17
57, 18
57, 33
57, 34
57, 35
57, 36
57, 37
57, 38
57, 39
57, 40
57, 41
57, 42
57, 43
57, 44
57, 45
57, 46
57, 47
57, 48
57, 49
57, 50
57, 51
57, 52
57, 53
57, 54
58, 8
58, 9
58, 10
58, 11
58, 12
58, 13
58, 14
58, 15
58, 16
58, 17
58, 18
58, 33
58, 34
58, 35
58, 36
58, 37
58, 38
58, 39
58, 40
58, 41
58, 42
58, 43
58, 44
58, 45
58, 46
58, 47
58, 48
58, 49
58, 50
58, 51
58, 52
58, 53
58, 54
59, 8
59, 9
59, 11
59, 12
59, 13
59, 14
59, 15
59, 16
59, 17
59, 18
59, 33
59, 34
59, 35
59, 36
59, 37
59, 38
59, 39
59, 40
59, 41
59, 42
59, 43
59, 44
59, 45
59, 46
59, 47
59, 48
59, 49
59, 50
59, 51
59, 52
59, 53
59, 54
60, 12
60, 13
60, 14
60, 15
60, 16
60, 17
60, 18
60, 19
60, 33
60, 34
60, 35
60, 36
60, 37
60, 38
60, 39
60, 40
60, 41
60, 42
60, 43
60, 44
60, 45
60, 46
60, 47
60, 48
60, 49
60, 50
60, 51
60, 52
60, 53
60, 54
61, 12
61, 13
61, 14
61, 15
61, 16
61, 17
61, 18
61, 19
61, 33
61, 34
61, 35
61, 36
61, 37
61, 38
61, 39
61, 40
61, 41
61, 42
61, 43
61, 44
61, 45
61, 46
61, 47
61, 48
61, 49
61, 50
61, 51
61, 52
61, 53
61, 54
62, 12
62, 13
62, 14
62, 15
62, 16
62, 17
62, 18
62, 19
62, 33
62, 34
62, 35
62, 36
62, 37
62, 38
62, 39
62, 40
62, 41
62, 42
62, 43
62, 44
62, 45
62, 46
62, 47
62, 48
62, 49
62, 50
62, 51
62, 52
62, 53
62, 54
63, 12
63, 13
63, 14
63, 15
63, 16
63, 17
63, 18
63, 19
63, 33
63, 34
63, 35
63, 36
63, 37
63, 38
63, 39
63, 40
63, 41
63, 42
63, 43
63, 44
63, 45
63, 46
63, 47
63, 48
63, 49
63, 50
63, 51
63, 52
63, 53
63, 54
64, 13
64, 14
64, 15
64, 16
64, 17
64, 18
64, 19
64, 33
64, 34
64, 35
64, 36
64, 37
64, 38
64, 39
64, 40
64, 41
64, 42
64, 43
64, 44
64, 45
64, 46
64, 47
64, 48
64, 49
64, 50
64, 51
64, 52
64, 53
64, 54
65, 14
65, 15
65, 16
65, 17
65, 18
65, 19
65, 33
65, 34
65, 35
65, 36
65, 37
65, 38
65, 39
65, 40
65, 41
65, 42
65, 43
65, 44
65, 45
65, 46
65, 47
65, 48
65, 49
65, 50
65, 51
65, 52
65, 53
65, 54
66, 14
66, 15
66, 16
66, 17
66, 18
66, 19
66, 33
66, 34
66, 35
66, 36
66, 37
66, 38
66, 39
66, 40
66, 41
66, 42
66, 43
66, 44
66, 45
66, 46
66, 47
66, 48
66, 49
66, 50
66, 51
66, 52
66, 53
66, 54
67, 14
67, 15
67, 16
67, 17
67, 18
67, 19
67, 33
67, 34
67, 35
67, 36
67, 37
67, 38
67, 39
67, 40
67, 41
67, 42
67, 43
67, 44
67, 45
67, 46
67, 47
67, 48
67, 49
67, 50
67, 51
67, 52
67, 53
67, 54
68, 14
68, 15
68, 16
68, 17
68, 18
68, 19
68, 33
68, 34
68, 35
68, 36
68, 37
68, 38
68, 39
68, 40
68, 41
68, 42
68, 43
68, 44
68, 45
68, 46
68, 47
68, 48
68, 49
68, 50
68, 51
68, 52
68, 53
68, 54
69, 14
69, 15
69, 16
69, 17
69, 18
69, 19
69, 20
69, 21
69, 22
69, 34
69, 35
69, 36
69, 37
69, 38
69, 39
69, 40
69, 41
69, 42
69, 43
69, 44
69, 45
69, 46
69, 47
69, 48
69, 49
69, 50
69, 51
69, 52
69, 53
69, 54
70, 17
70, 18
70, 19
70, 20
70, 21
70, 22
70, 23
70, 24
70, 25
70, 34
70, 35
70, 36
70, 37
70, 38
70, 39
70, 40
70, 41
70, 42
70, 43
70, 44
70, 45
70, 46
70, 47
70, 48
70, 49
70, 50
70, 51
70, 52
70, 53
70, 54
71, 17
71, 18
71, 19
71, 20
71, 21
71, 22
71, 23
71, 24
71, 25
71, 26
71, 34
71, 35
71, 36
71, 37
71, 38
71, 39
71, 40
71, 41
71, 42
71, 43
71, 44
71, 45
71, 46
71, 47
71, 48
71, 49
71, 50
71, 51
71, 52
71, 53
71, 54
72, 17
72, 18
72, 19
72, 20
72, 21
72, 22
72, 23
72, 24
72, 25
72, 26
72, 34
72, 35
72, 36
72, 37
72, 38
72, 39
72, 40
72, 41
72, 42
72, 43
72, 44
72, 45
72, 46
72, 47
72, 48
72, 49
72, 50
72, 51
72, 52
72, 53
72, 54
73, 17
73, 18
73, 19
73, 20
73, 21
73, 22
73, 23
73, 24
73, 25
73, 26
73, 35
73, 36
73, 37
73, 38
73, 39
73, 40
73, 41
73, 42
73, 43
73, 44
73, 45
73, 46
73, 47
73, 48
73, 49
73, 50
73, 51
73, 52
73, 53
73, 54
74, 17
74, 18
74, 19
74, 20
74, 21
74, 22
74, 23
74, 24
74, 25
74, 26
74, 35
74, 36
74, 37
74, 38
74, 39
74, 40
74, 41
74, 42
74, 43
74, 44
74, 45
74, 46
74, 47
74, 48
74, 49
74, 50
74, 51
74, 52
74, 53
74, 54
75, 18
75, 19
75, 20
75, 21
75, 22
75, 23
75, 24
75, 25
75, 26
75, 36
75, 37
75, 38
75, 39
75, 40
75, 41
75, 42
75, 43
75, 44
75, 45
75, 46
75, 47
75, 48
75, 49
75, 50
75, 51
75, 52
75, 53
75, 54
76, 18
76, 19
76, 20
76, 21
76, 22
76, 23
76, 24
76, 25
76, 26
76, 36
76, 37
76, 38
76, 39
76, 40
76, 41
76, 42
76, 43
76, 44
76, 45
76, 46
76, 47
76, 48
76, 49
76, 50
76, 51
76, 52
76, 53
76, 54
77, 18
77, 19
77, 20
77, 21
77, 22
77, 23
77, 24
77, 25
77, 26
77, 36
77, 37
77, 38
77, 39
77, 40
77, 41
77, 42
77, 43
77, 44
77, 45
77, 46
77, 47
77, 48
77, 49
77, 50
77, 51
77, 52
77, 53
77, 54
78, 19
78, 20
78, 21
78, 22
78, 23
78, 24
78, 25
78, 26
78, 37
78, 38
78, 39
78, 40
78, 41
78, 42
78, 43
78, 44
78, 45
78, 46
78, 47
78, 48
78, 49
78, 50
78, 51
78, 52
78, 53
78, 54
79, 20
79, 21
79, 22
79, 23
79, 24
79, 25
79, 26
79, 37
79, 38
79, 39
79, 40
79, 41
79, 42
79, 43
79, 44
79, 45
79, 46
79, 47
79, 48
79, 49
79, 50
79, 51
79, 52
79, 53
79, 54
80, 20
80, 21
80, 22
80, 23
80, 24
80, 25
80, 26
80, 27
80, 38
80, 39
80, 40
80, 41
80, 42
80, 43
80, 44
80, 45
80, 46
80, 47
80, 48
80, 49
80, 50
80, 51
80, 52
80, 53
80, 54
81, 20
81, 21
81, 22
81, 23
81, 24
81, 25
81, 26
81, 27
81, 38
81, 39
81, 40
81, 41
81, 42
81, 43
81, 44
81, 45
81, 46
81, 47
81, 48
81, 49
81, 50
81, 51
81, 52
81, 53
81, 54
82, 20
82, 21
82, 22
82, 23
82, 24
82, 25
82, 26
82, 27
82, 38
82, 39
82, 40
82, 41
82, 42
82, 43
82, 44
82, 45
82, 46
82, 47
82, 48
82, 49
82, 50
82, 51
82, 52
82, 53
83, 21
83, 22
83, 23
83, 24
83, 25
83, 26
83, 39
83, 40
83, 41
83, 42
83, 43
83, 44
83, 45
83, 46
83, 47
83, 48
83, 49
83, 50
83, 51
83, 52
84, 22
84, 23
84, 24
84, 25
84, 26
84, 42
84, 43
84, 44
84, 45
84, 46
84, 47
84, 48
84, 49
85, 23
85, 24
85, 25
85, 26
85, 46
85, 47
86, 23
86, 24
86, 25
86, 26
87, 23
87, 24
87, 25
87, 26
88, 24
88, 25
89, 25
