30, 39
30, 40
30, 41
30, 42
30, 43
31, 20
31, 21
31, 22
31, 23
31, 24
31, 25
31, 26
31, 34
31, 35
31, 36
31, 37
31, 38
31, 39
31, 40
31, 41
31, 42
31, 43
31, 44
31, 45
31, 46
31, 47
32, 19
32, 20
32, 21
32, 22
32, 23
32, 24
32, 25
32, 26
32, 27
32, 28
32, 29
32, 30
32, 31
32, 32
32, 33
32, 34
32, 35
32, 36
32, 37
32, 38
32, 39
32, 40
32, 41
32, 42
32, 43
32, 44
32, 45
32, 46
32, 47
32, 48
33, 17
33, 18
33, 19
33, 20
33, 21
33, 22
33, 23
33, 24
33, 25
33, 26
33, 27
33, 28
33, 29
33, 30
33, 31
33, 32
33, 33
33, 34
33, 35
33, 36
33, 37
33, 38
33, 39
33, 40
33, 41
33, 42
33, 43
33, 44
33, 45
33, 46
33, 47
33, 48
33, 49
33, 50
34, 16
34, 17
34, 18
34, 19
34, 20
34, 21
34, 22
34, 23
34, 24
34, 25
34, 26
34, 27
34, 28
34, 29
34, 30
34, 31
34, 32
34, 33
34, 34
34, 35
34, 36
34, 37
34, 38
34, 39
34, 40
34, 41
34, 42
34, 43
34, 44
34, 45
34, 46
34, 47
34, 48
34, 49
34, 50
35, 15
35, 16
35, 17
35, 18
35, 19
35, 20
35, 21
35, 22
35, 23
35, 24
35, 25
35, 26
35, 27
35, 28
35, 29
35, 30
35, 31
35, 32
35, 33
35, 34
35, 35
35, 36
35, 37
35, 38
35, 39
35, 40
35, 41
35, 42
35, 43
35, 44
35, 45
35, 46
35, 47
35, 48
35, 49
35, 50
35, 51
36, 14
36, 15
36, 16
36, 17
36, 18
36, 19
36, 20
36, 21
36, 22
36, 23
36, 24
36, 25
36, 26
36, 27
36, 28
36, 29
36, 30
36, 31
36, 32
36, 33
36, 34
36, 35
36, 36
36, 37
36, 38
36, 39
36, 40
36, 41
36, 42
36, 43
36, 44
36, 45
36, 46
36, 47
36, 48
36, 49
36, 50
36, 51
36, 52
37, 14
37, 15
37, 16
37, 17
37, 18
37, 19
37, 20
37, 21
37, 22
37, 23
37, 24
37, 25
37, 26
37, 27
37, 28
37, 29
37, 30
37, 31
37, 32
37, 33
37, 34
37, 35
37, 36
37, 37
37, 38
37, 39
37, 40
37, 41
37, 42
37, 43
37, 44
37, 45
37, 46
37, 47
37, 48
37, 49
37, 50
37, 51
37, 52
38, 13
38, 14
38, 15
38, 16
38, 17
38, 18
38, 19
38, 20
38, 21
38, 22
38, 23
38, 24
38, 25
38, 26
38, 27
38, 28
38, 29
38, 30
38, 31
38, 32
38, 33
38, 34
38, 35
38, 36
38, 37
38, 38
38, 39
38, 40
38, 41
38, 42
38, 43
38, 44
38, 45
38, 46
38, 47
38, 48
38, 49
38, 50
38, 51
38, 52
38, 53
39, 13
39, 14
39, 15
39, 16
39, 17
39, 18
39, 19
39, 20
39, 21
39, 22
39, 23
39, 24
39, 25
39, 26
39, 27
39, 28
39, 29
39, 30
39, 31
39, 32
39, 33
39, 34
39, 35
39, 36
39, 37
39, 38
39, 39
39, 40
39, 41
39, 42
39, 43
39, 44
39, 45
39, 46
39, 47
39, 48
39, 49
39, 50
39, 51
39, 52
39, 53
40, 13
40, 14
40, 15
40, 16
40, 17
40, 18
40, 19
40, 20
40, 21
40, 22
40, 23
40, 24
40, 25
40, 26
40, 27
40, 28
40, 29
40, 30
40, 31
40, 32
40, 33
40, 34
40, 35
40, 36
40, 37
40, 38
40, 39
40, 40
40, 41
40, 42
40, 43
40, 44
40, 45
40, 46
40, 47
40, 48
40, 49
40, 50
40, 51
40, 52
40, 53
40, 54
41, 12
41, 13
41, 14
41, 15
41, 16
41, 17
41, 18
41, 19
41, 20
41, 21
41, 22
41, 23
41, 24
41, 25
41, 26
41, 27
41, 28
41, 29
41, 30
41, 31
41, 32
41, 33
41, 34
41, 35
41, 36
41, 37
41, 38
41, 39
41, 40
41, 41
41, 42
41, 43
41, 44
41, 45
41, 46
41, 47
41, 48
41, 49
41, 50
41, 51
41, 52
41, 53
41, 54
42, 12
42, 13
42, 14
42, 15
42, 16
42, 17
42, 18
42, 19
42, 20
42, 21
42, 22
42, 23
42, 24
42, 25
42, 26
42, 27
42, 28
42, 29
42, 30
42, 31
42, 32
42, 33
42, 34
42, 35
42, 36
42, 37
42, 38
42, 39
42, 40
42, 41
42, 42
42, 43
42, 44
42, 45
42, 46
42, 47
42, 48
42, 49
42, 50
42, 51
42, 52
42, 53
42, 54
43, 11
43, 12
43, 13
43, 14
43, 15
43, 16
43, 17
43, 18
43, 19
43, 20
43, 21
43, 22
43, 23
43, 24
43, 25
43, 26
43, 27
43, 28
43, 29
43, 30
43, 31
43, 32
43, 33
43, 34
43, 35
43, 36
43, 37
43, 38
43, 39
43, 40
43, 41
43, 42
43, 43
43, 44
43, 45
43, 46
43, 47
43, 48
43, 49
43, 50
43, 51
43, 52
43, 53
43, 54
44, 11
44, 12
44, 13
44, 14
44, 15
44, 16
44, 17
44, 18
44, 19
44, 20
44, 21
44, 22
44, 23
44, 24
44, 25
44, 26
44, 27
44, 28
44, 29
44, 30
44, 31
44, 32
44, 33
44, 34
44, 35
44, 36
44, 37
44, 38
44, 39
44, 40
44, 41
44, 42
44, 43
44, 44
44, 45
44, 46
44, 47
44, 48
44, 49
44, 50
44, 51
44, 52
44, 53
44, 54
44, 55
45, 11
45, 12
45, 13
45, 14
45, 15
45, 16
45, 17
45, 18
45, 19
45, 20
45, 21
45, 22
45, 23
45, 24
45, 25
45, 26
45, 27
45, 28
45, 29
45, 30
45, 31
45, 32
45, 33
45, 34
45, 35
45, 36
45, 37
45, 38
45, 39
45, 40
45, 41
45, 42
45, 43
45, 44
45, 45
45, 46
45, 47
45, 48
45, 49
45, 50
45, 51
45, 52
45, 53
45, 54
45, 55
46, 11
46, 12
46, 13
46, 14
46, 15
46, 16
46, 17
46, 18
46, 19
46, 20
46, 21
46, 22
46, 23
46, 24
46, 25
46, 26
46, 27
46, 28
46, 29
46, 30
46, 31
46, 32
46, 33
46, 34
46, 35
46, 36
46, 37
46, 38
46, 39
46, 40
46, 41
46, 42
46, 43
46, 44
46, 45
46, 46
46, 47
46, 48
46, 49
46, 50
46, 51
46, 52
46, 53
46, 54
46, 55
47, 11
47, 12
47, 13
47, 14
47, 15
47, 16
47, 17
47, 18
47, 19
47, 20
47, 21
47, 22
47, 23
47, 24
47, 25
47, 26
47, 27
47, 28
47, 29
47, 30
47, 31
47, 32
47, 33
47, 34
47, 35
47, 36
47, 37
47, 38
47, 39
47, 40
47, 41
47, 42
47, 43
47, 44
47, 45
47, 46
47, 47
47, 48
47, 49
47, 50
47, 51
47, 52
47, 53
47, 54
47, 55
47, 56
48, 11
48, 12
48, 13
48, 14
48, 15
48, 16
48, 17
48, 18
48, 19
48, 20
48, 21
48, 22
48, 23
48, 24
48, 25
48, 26
48, 27
48, 28
48, 29
48, 30
48, 31
48, 32
48, 33
48, 34
48, 35
48, 36
48, 37
48, 38
48, 39
48, 40
48, 41
48, 42
48, 43
48, 44
48, 45
48, 46
48, 47
48, 48
48, 49
48, 50
48, 51
48, 52
48, 53
48, 54
48, 55
48, 56
49, 10
49, 11
49, 12
49, 13
49, 14
49, 15
49, 16
49, 17
49, 18
49, 19
49, 20
49, 21
49, 22
49, 23
49, 24
49, 25
49, 26
49, 27
49, 28
49, 29
49, 30
49, 31
49, 32
49, 33
49, 34
49, 35
49, 36
49, 37
49, 38
49, 39
49, 40
49, 41
49, 42
49, 43
49, 44
49, 45
49, 46
49, 47
49, 48
49, 49
49, 50
49, 51
49, 52
49, 53
49, 54
49, 55
49, 56
50, 10
50, 11
50, 12
50, 13
50, 14
50, 15
50, 16
50, 17
50, 18
50, 19
50, 20
50, 21
50, 22
50, 23
50, 24
50, 25
50, 26
50, 27
50, 28
50, 29
50, 30
50, 31
50, 32
50, 33
50, 34
50, 35
50, 36
50, 37
50, 38
50, 39
50, 40
50, 41
50, 42
50, 43
50, 44
50, 45
50, 46
50, 47
50, 48
50, 49
50, 50
50, 51
50, 52
50, 53
50, 54
50, 55
50, 56
51, 10
51, 11
51, 12
51, 13
51, 14
51, 15
51, 16
51, 17
51, 18
51, 19
51, 20
51, 21
51, 22
51, 23
51, 24
51, 25
51, 26
51, 27
51, 28
51, 29
51, 30
51, 31
51, 32
51, 33
51, 34
51, 35
51, 36
51, 37
51, 38
51, 39
51, 40
51, 41
51, 42
51, 43
51, 44
51, 45
51, 46
51, 47
51, 48
51, 49
51, 50
51, 51
51, 52
51, 53
51, 54
51, 55
51, 56
52, 9
52, 10
52, 11
52, 12
52, 13
52, 14
52, 15
52, 16
52, 17
52, 18
52, 19
52, 20
52, 21
52, 22
52, 23
52, 24
52, 25
52, 26
52, 27
52, 28
52, 29
52, 30
52, 31
52, 32
52, 33
52, 34
52, 35
52, 36
52, 37
52, 38
52, 39
52, 40
52, 41
52, 42
52, 43
52, 44
52, 45
52, 46
52, 47
52, 48
52, 49
52, 50
52, 51
52, 52
52, 53
52, 54
52, 55
52, 56
53, 9
53, 10
53, 11
53, 12
53, 13
53, 14
53, 15
53, 16
53, 17
53, 18
53, 19
53, 20
53, 21
53, 22
53, 23
53, 24
53, 25
53, 26
53, 27
53, 28
53, 29
53, 30
53, 31
53, 32
53, 33
53, 34
53, 35
53, 36
53, 37
53, 38
53, 39
53, 40
53, 41
53, 42
53, 43
53, 44
53, 45
53, 46
53, 47
53, 48
53, 49
53, 50
53, 51
53, 52
53, 53
53, 54
53, 55
53, 56
54, 10
54, 11
54, 12
54, 13
54, 14
54, 15
54, 16
54, 17
54, 18
54, 19
54, 20
54, 21
54, 22
54, 23
54, 24
54, 25
54, 26
54, 27
54, 28
54, 29
54, 30
54, 31
54, 32
54, 33
54, 34
54, 35
54, 36
54, 37
54, 38
54, 39
54, 40
54, 41
54, 42
54, 43
54, 44
54, 45
54, 46
54, 47
54, 48
54, 49
54, 50
54, 51
54, 52
54, 53
54, 54
54, 55
54, 56
55, 11
55, 12
55, 13
55, 14
55, 15
55, 16
55, 17
55, 18
55, 19
55, 20
55, 21
55, 22
55, 23
55, 24
55, 25
55, 26
55, 27
55, 28
55, 29
55, 30
55, 31
55, 32
55, 33
55, 34
55, 35
55, 36
55, 37
55, 38
55, 39
55, 40
55, 41
55, 42
55, 43
55, 44
55, 45
55, 46
55, 47
55, 48
55, 49
55, 50
55, 51
55, 52
55, 53
55, 54
55, 55
55, 56
56, 17
56, 18
56, 19
56, 20
56, 21
56, 22
56, 23
56, 24
56, 25
56, 26
56, 27
56, 28
56, 29
56, 30
56, 31
56, 32
56, 33
56, 34
56, 35
56, 36
56, 37
56, 38
56, 39
56, 40
56, 41
56, 42
56, 43
56, 44
56, 45
56, 46
56, 47
56, 48
56, 49
56, 50
56, 51
56, 52
56, 53
56, 54
56, 55
56, 56
57, 18
57, 19
57, 20
57, 21
57, 22
57, 23
57, 24
57, 25
57, 26
57, 27
57, 28
57, 29
57, 30
57, 31
57, 32
57, 33
57, 34
57, 35
57, 36
57, 37
57, 38
57, 39
57, 40
57, 41
57, 42
57, 43
57, 44
57, 45
57, 46
57, 47
57, 48
57, 49
57, 50
57, 51
57, 52
57, 53
57, 54
57, 55
57, 56
58, 19
58, 20
58, 21
58, 22
58, 23
58, 24
58, 25
58, 26
58, 27
58, 28
58, 29
58, 30
58, 31
58, 32
58, 33
58, 34
58, 35
58, 36
58, 37
58, 38
58, 39
58, 40
58, 41
58, 42
58, 43
58, 44
58, 45
58, 46
58, 47
58, 48
58, 49
58, 50
58, 51
58, 52
58, 53
58, 54
58, 55
58, 56
59, 20
59, 21
59, 22
59, 23
59, 24
59, 25
59, 26
59, 27
59, 28
59, 29
59, 30
59, 31
59, 32
59, 33
59, 34
59, 35
59, 36
59, 37
59, 38
59, 39
59, 40
59, 41
59, 42
59, 43
59, 44
59, 45
59, 46
59, 47
59, 48
59, 49
59, 50
59, 51
59, 52
59, 53
59, 54
59, 55
60, 21
60, 22
60, 23
60, 24
60, 25
60, 26
60, 27
60, 28
60, 29
60, 30
60, 31
60, 32
60, 33
60, 34
60, 35
60, 36
60, 37
60, 38
60, 39
60, 40
60, 41
60, 42
60, 43
60, 44
60, 45
60, 46
