185, 28
185, 29
185, 30
185, 31
185, 32
185, 33
185, 34
185, 35
185, 36
185, 37
185, 38
185, 39
185, 40
185, 41
185, 42
185, 43
185, 44
185, 45
185, 46
185, 47
185, 48
185, 49
185, 50
185, 51
185, 52
185, 53
186, 25
186, 26
186, 27
186, 28
186, 29
186, 30
186, 31
186, 32
186, 33
186, 34
186, 35
186, 36
186, 37
186, 38
186, 39
186, 40
186, 41
186, 42
186, 43
186, 44
186, 45
186, 46
186, 47
186, 48
186, 49
186, 50
186, 51
186, 52
186, 53
186, 54
186, 55
186, 56
187, 24
187, 25
187, 26
187, 27
187, 28
187, 29
187, 30
187, 31
187, 32
187, 33
187, 34
187, 35
187, 36
187, 37
187, 38
187, 39
187, 40
187, 41
187, 42
187, 43
187, 44
187, 45
187, 46
187, 47
187, 48
187, 49
187, 50
187, 51
187, 52
187, 53
187, 54
187, 55
187, 56
187, 57
188, 24
188, 25
188, 26
188, 27
188, 28
188, 29
188, 30
188, 31
188, 32
188, 33
188, 34
188, 35
188, 36
188, 37
188, 38
188, 39
188, 40
188, 41
188, 42
188, 43
188, 44
188, 45
188, 46
188, 47
188, 48
188, 49
188, 50
188, 51
188, 52
188, 53
188, 54
188, 55
188, 56
188, 57
188, 58
189, 24
189, 25
189, 26
189, 27
189, 28
189, 29
189, 30
189, 31
189, 32
189, 33
189, 34
189, 35
189, 36
189, 37
189, 38
189, 39
189, 40
189, 41
189, 42
189, 43
189, 44
189, 45
189, 46
189, 47
189, 48
189, 49
189, 50
189, 51
189, 52
189, 53
189, 54
189, 55
189, 56
189, 57
189, 58
189, 59
190, 24
190, 25
190, 26
190, 27
190, 28
190, 29
190, 30
190, 31
190, 32
190, 33
190, 34
190, 35
190, 36
190, 37
190, 38
190, 39
190, 40
190, 41
190, 42
190, 43
190, 44
190, 45
190, 46
190, 47
190, 48
190, 49
190, 50
190, 51
190, 52
190, 53
190, 54
190, 55
190, 56
190, 57
190, 58
190, 59
190, 60
191, 21
191, 22
191, 23
191, 24
191, 25
191, 26
191, 27
191, 28
191, 29
191, 30
191, 31
191, 32
191, 33
191, 34
191, 35
191, 36
191, 37
191, 38
191, 39
191, 40
191, 41
191, 42
191, 43
191, 44
191, 45
191, 46
191, 47
191, 48
191, 49
191, 50
191, 51
191, 52
191, 53
191, 54
191, 55
191, 56
191, 57
191, 58
191, 59
191, 60
191, 61
192, 20
192, 21
192, 22
192, 23
192, 24
192, 25
192, 26
192, 27
192, 28
192, 29
192, 30
192, 31
192, 32
192, 33
192, 34
192, 35
192, 36
192, 37
192, 38
192, 39
192, 40
192, 41
192, 42
192, 43
192, 44
192, 45
192, 46
192, 47
192, 48
192, 49
192, 50
192, 51
192, 52
192, 53
192, 54
192, 55
192, 56
192, 57
192, 58
192, 59
192, 60
192, 61
192, 62
193, 20
193, 21
193, 22
193, 23
193, 24
193, 25
193, 26
193, 27
193, 28
193, 29
193, 30
193, 31
193, 32
193, 33
193, 34
193, 35
193, 36
193, 37
193, 38
193, 39
193, 40
193, 41
193, 42
193, 43
193, 44
193, 45
193, 46
193, 47
193, 48
193, 49
193, 50
193, 51
193, 52
193, 53
193, 54
193, 55
193, 56
193, 57
193, 58
193, 59
193, 60
193, 61
193, 62
193, 63
194, 19
194, 20
194, 21
194, 22
194, 23
194, 24
194, 25
194, 26
194, 27
194, 28
194, 29
194, 30
194, 31
194, 32
194, 33
194, 34
194, 35
194, 36
194, 37
194, 38
194, 39
194, 40
194, 41
194, 42
194, 43
194, 44
194, 45
194, 46
194, 47
194, 48
194, 49
194, 50
194, 51
194, 52
194, 53
194, 54
194, 55
194, 56
194, 57
194, 58
194, 59
194, 60
194, 61
194, 62
194, 63
194, 64
194, 65
195, 17
195, 18
195, 19
195, 20
195, 21
195, 22
195, 23
195, 24
195, 25
195, 26
195, 27
195, 28
195, 29
195, 30
195, 31
195, 32
195, 33
195, 34
195, 35
195, 36
195, 37
195, 38
195, 39
195, 40
195, 41
195, 42
195, 43
195, 44
195, 45
195, 46
195, 47
195, 48
195, 49
195, 50
195, 51
195, 52
195, 53
195, 54
195, 55
195, 56
195, 57
195, 58
195, 59
195, 60
195, 61
195, 62
195, 63
195, 64
195, 65
195, 66
196, 17
196, 18
196, 19
196, 20
196, 21
196, 22
196, 23
196, 24
196, 25
196, 26
196, 27
196, 28
196, 29
196, 30
196, 31
196, 32
196, 33
196, 34
196, 35
196, 36
196, 37
196, 38
196, 39
196, 40
196, 41
196, 42
196, 43
196, 44
196, 45
196, 46
196, 47
196, 48
196, 49
196, 50
196, 51
196, 52
196, 53
196, 54
196, 55
196, 56
196, 57
196, 58
196, 59
196, 60
196, 61
196, 62
196, 63
196, 64
196, 65
196, 66
197, 17
197, 18
197, 19
197, 20
197, 21
197, 22
197, 23
197, 24
197, 25
197, 26
197, 27
197, 28
197, 29
197, 30
197, 31
197, 32
197, 33
197, 34
197, 35
197, 36
197, 37
197, 38
197, 39
197, 40
197, 41
197, 42
197, 43
197, 44
197, 45
197, 46
197, 47
197, 48
197, 49
197, 50
197, 51
197, 52
197, 53
197, 54
197, 55
197, 56
197, 57
197, 58
197, 59
197, 60
197, 61
197, 62
197, 63
197, 64
197, 65
197, 66
197, 67
198, 17
198, 18
198, 19
198, 20
198, 21
198, 22
198, 23
198, 24
198, 25
198, 26
198, 27
198, 28
198, 29
198, 30
198, 31
198, 32
198, 33
198, 34
198, 35
198, 36
198, 37
198, 38
198, 39
198, 40
198, 41
198, 42
198, 43
198, 44
198, 45
198, 46
198, 47
198, 48
198, 49
198, 50
198, 51
198, 52
198, 53
198, 54
198, 55
198, 56
198, 57
198, 58
198, 59
198, 60
198, 61
198, 62
198, 63
198, 64
198, 65
198, 66
198, 67
199, 16
199, 17
199, 18
199, 19
199, 20
199, 21
199, 22
199, 23
199, 24
199, 25
199, 26
199, 27
199, 28
199, 29
199, 30
199, 31
199, 32
199, 33
199, 34
199, 35
199, 36
199, 37
199, 38
199, 39
199, 40
199, 41
199, 42
199, 43
199, 44
199, 45
199, 46
199, 47
199, 48
199, 49
199, 50
199, 51
199, 52
199, 53
199, 54
199, 55
199, 56
199, 57
199, 58
199, 59
199, 60
199, 61
199, 62
199, 63
199, 64
199, 65
199, 66
199, 67
199, 68
200, 16
200, 17
200, 18
200, 19
200, 20
200, 21
200, 22
200, 23
200, 24
200, 25
200, 26
200, 27
200, 28
200, 29
200, 30
200, 31
200, 32
200, 33
200, 34
200, 35
200, 36
200, 37
200, 38
200, 39
200, 40
200, 41
200, 42
200, 43
200, 44
200, 45
200, 46
200, 47
200, 48
200, 49
200, 50
200, 51
200, 52
200, 53
200, 54
200, 55
200, 56
200, 57
200, 58
200, 59
200, 60
200, 61
200, 62
200, 63
200, 64
200, 65
200, 66
200, 67
200, 68
201, 16
201, 17
201, 18
201, 19
201, 20
201, 21
201, 22
201, 23
201, 24
201, 25
201, 26
201, 27
201, 28
201, 29
201, 30
201, 31
201, 32
201, 33
201, 34
201, 35
201, 36
201, 37
201, 38
201, 39
201, 40
201, 41
201, 42
201, 43
201, 44
201, 45
201, 46
201, 47
201, 48
201, 49
201, 50
201, 51
201, 52
201, 53
201, 54
201, 55
201, 56
201, 57
201, 58
201, 59
201, 60
201, 61
201, 62
201, 63
201, 64
201, 65
201, 66
201, 67
201, 68
202, 15
202, 16
202, 17
202, 18
202, 19
202, 20
202, 21
202, 22
202, 23
202, 24
202, 25
202, 26
202, 27
202, 28
202, 29
202, 30
202, 31
202, 32
202, 33
202, 34
202, 35
202, 36
202, 37
202, 38
202, 39
202, 40
202, 41
202, 42
202, 43
202, 44
202, 45
202, 46
202, 47
202, 48
202, 49
202, 50
202, 51
202, 52
202, 53
202, 54
202, 55
202, 56
202, 57
202, 58
202, 59
202, 60
202, 61
202, 62
202, 63
202, 64
202, 65
202, 66
202, 67
202, 68
202, 69
203, 15
203, 16
203, 17
203, 18
203, 19
203, 20
203, 21
203, 22
203, 23
203, 24
203, 25
203, 26
203, 27
203, 28
203, 29
203, 30
203, 31
203, 32
203, 33
203, 34
203, 35
203, 36
203, 37
203, 38
203, 39
203, 40
203, 41
203, 42
203, 43
203, 44
203, 45
203, 46
203, 47
203, 48
203, 49
203, 50
203, 51
203, 52
203, 53
203, 54
203, 55
203, 56
203, 57
203, 58
203, 59
203, 60
203, 61
203, 62
203, 63
203, 64
203, 65
203, 66
203, 67
203, 68
203, 69
204, 15
204, 16
204, 17
204, 18
204, 19
204, 20
204, 21
204, 22
204, 23
204, 24
204, 25
204, 26
204, 27
204, 28
204, 29
204, 30
204, 31
204, 32
204, 33
204, 34
204, 35
204, 36
204, 37
204, 38
204, 39
204, 40
204, 41
204, 42
204, 43
204, 44
204, 45
204, 46
204, 47
204, 48
204, 49
204, 50
204, 51
204, 52
204, 53
204, 54
204, 55
204, 56
204, 57
204, 58
204, 59
204, 60
204, 61
204, 62
204, 63
204, 64
204, 65
204, 66
204, 67
204, 68
204, 69
205, 15
205, 16
205, 17
205, 18
205, 19
205, 20
205, 21
205, 22
205, 23
205, 24
205, 25
205, 26
205, 27
205, 28
205, 29
205, 30
205, 31
205, 32
205, 33
205, 34
205, 35
205, 36
205, 37
205, 38
205, 39
205, 40
205, 41
205, 42
205, 43
205, 44
205, 45
205, 46
205, 47
205, 48
205, 49
205, 50
205, 51
205, 52
205, 53
205, 54
205, 55
205, 56
205, 57
205, 58
205, 59
205, 60
205, 61
205, 62
205, 63
205, 64
205, 65
205, 66
205, 67
205, 68
205, 69
206, 14
206, 15
206, 16
206, 17
206, 18
206, 19
206, 20
206, 21
206, 22
206, 23
206, 24
206, 25
206, 26
206, 27
206, 28
206, 29
206, 30
206, 31
206, 32
206, 33
206, 34
206, 35
206, 36
206, 37
206, 38
206, 39
206, 40
206, 41
206, 42
206, 43
206, 44
206, 45
206, 46
206, 47
206, 48
206, 49
206, 50
206, 51
206, 52
206, 53
206, 54
206, 55
206, 56
206, 57
206, 58
206, 59
206, 60
206, 61
206, 62
206, 63
206, 64
206, 65
206, 66
206, 67
206, 68
206, 69
207, 14
207, 15
207, 16
207, 17
207, 18
207, 19
207, 20
207, 21
207, 22
207, 23
207, 24
207, 25
207, 26
207, 27
207, 28
207, 29
207, 30
207, 31
207, 32
207, 33
207, 34
207, 35
207, 36
207, 37
207, 38
207, 39
207, 40
207, 41
207, 42
207, 43
207, 44
207, 45
207, 46
207, 47
207, 48
207, 49
207, 50
207, 51
207, 52
207, 53
207, 54
207, 55
207, 56
207, 57
207, 58
207, 59
207, 60
207, 61
207, 62
207, 63
207, 64
207, 65
207, 66
207, 67
207, 68
207, 69
208, 14
208, 15
208, 16
208, 17
208, 18
208, 19
208, 20
208, 21
208, 22
208, 23
208, 24
208, 25
208, 26
208, 27
208, 28
208, 29
208, 30
208, 31
208, 32
208, 33
208, 34
208, 35
208, 36
208, 37
208, 38
208, 39
208, 40
208, 41
208, 42
208, 43
208, 44
208, 45
208, 46
208, 47
208, 48
208, 49
208, 50
208, 51
208, 52
208, 53
208, 54
208, 55
208, 56
208, 57
208, 58
208, 59
208, 60
208, 61
208, 62
208, 63
208, 64
208, 65
208, 66
208, 67
208, 68
208, 69
209, 13
209, 14
209, 15
209, 16
209, 17
209, 18
209, 19
209, 20
209, 21
209, 22
209, 23
209, 24
209, 25
209, 26
209, 27
209, 28
209, 29
209, 30
209, 31
209, 32
209, 33
209, 34
209, 35
209, 36
209, 37
209, 38
209, 39
209, 40
209, 41
209, 42
209, 43
209, 44
209, 45
209, 46
209, 47
209, 48
209, 49
209, 50
209, 51
209, 52
209, 53
209, 54
209, 55
209, 56
209, 57
209, 58
209, 59
209, 60
209, 61
209, 62
209, 63
209, 64
209, 65
209, 66
209, 67
209, 68
209, 69
210, 13
210, 14
210, 15
210, 16
210, 17
210, 18
210, 19
210, 20
210, 21
210, 22
210, 23
210, 24
210, 25
210, 26
210, 27
210, 28
210, 29
210, 30
210, 31
210, 32
210, 33
210, 34
210, 35
210, 36
210, 37
210, 38
210, 39
210, 40
210, 41
210, 42
210, 43
210, 44
210, 45
210, 46
210, 47
210, 48
210, 49
210, 50
210, 51
210, 52
210, 53
210, 54
210, 55
210, 56
210, 57
210, 58
210, 59
210, 60
210, 61
210, 62
210, 63
210, 64
210, 65
210, 66
210, 67
210, 68
211, 13
211, 14
211, 15
211, 16
211, 17
211, 18
211, 19
211, 20
211, 21
211, 22
211, 23
211, 24
211, 25
211, 26
211, 27
211, 28
211, 29
211, 30
211, 31
211, 32
211, 33
211, 34
211, 35
211, 36
211, 37
211, 38
211, 39
211, 40
211, 41
211, 42
211, 43
211, 44
211, 45
211, 46
211, 47
211, 48
211, 49
211, 50
211, 51
211, 52
211, 53
211, 54
211, 55
211, 56
211, 57
211, 58
211, 59
211, 60
211, 61
211, 62
211, 63
211, 64
211, 65
211, 66
211, 67
212, 13
212, 14
212, 15
212, 16
212, 17
212, 18
212, 19
212, 20
212, 21
212, 22
212, 23
212, 24
212, 25
212, 26
212, 27
212, 28
212, 29
212, 30
212, 31
212, 32
212, 33
212, 34
212, 35
212, 36
212, 37
212, 38
212, 39
212, 40
212, 41
212, 42
212, 43
212, 44
212, 45
212, 46
212, 47
212, 48
212, 49
212, 50
212, 51
212, 52
212, 53
212, 54
212, 55
212, 56
212, 57
212, 58
212, 59
212, 60
212, 61
212, 62
212, 63
212, 64
212, 65
212, 66
212, 67
213, 13
213, 14
213, 15
213, 16
213, 17
213, 18
213, 19
213, 20
213, 21
213, 22
213, 23
213, 24
213, 25
213, 26
213, 27
213, 28
213, 29
213, 30
213, 31
213, 32
213, 33
213, 34
213, 35
213, 36
213, 37
213, 38
213, 39
213, 40
213, 41
213, 42
213, 43
213, 44
213, 45
213, 46
213, 47
213, 48
213, 49
213, 50
213, 51
213, 52
213, 53
213, 54
213, 55
213, 56
213, 57
213, 58
213, 59
213, 60
213, 61
213, 62
213, 63
213, 64
213, 65
213, 66
213, 67
214, 12
214, 13
214, 14
214, 15
214, 16
214, 17
214, 18
214, 19
214, 20
214, 21
214, 22
214, 23
214, 24
214, 25
214, 26
214, 27
214, 28
214, 29
214, 30
214, 31
214, 32
214, 33
214, 34
214, 35
214, 36
214, 37
214, 38
214, 39
214, 40
214, 41
214, 42
214, 43
214, 44
214, 45
214, 46
214, 47
214, 48
214, 49
214, 50
214, 51
214, 52
214, 53
214, 54
214, 55
214, 56
214, 57
214, 58
214, 59
214, 60
214, 61
214, 62
214, 63
214, 64
214, 65
214, 66
214, 67
215, 12
215, 13
215, 14
215, 15
215, 16
215, 17
215, 18
215, 19
215, 20
215, 21
215, 22
215, 23
215, 24
215, 25
215, 26
215, 27
215, 28
215, 29
215, 30
215, 31
215, 32
215, 33
215, 34
215, 35
215, 36
215, 37
215, 38
215, 39
215, 40
215, 41
215, 42
215, 43
215, 44
215, 45
215, 46
215, 47
215, 48
215, 49
215, 50
215, 51
215, 52
215, 53
215, 54
215, 55
215, 56
215, 57
215, 58
215, 59
215, 60
215, 61
215, 62
215, 63
215, 64
215, 65
215, 66
215, 67
216, 12
216, 13
216, 14
216, 15
216, 16
216, 17
216, 18
216, 19
216, 20
216, 21
216, 22
216, 23
216, 24
216, 25
216, 26
216, 27
216, 28
216, 29
216, 30
216, 31
216, 32
216, 33
216, 34
216, 35
216, 36
216, 37
216, 38
216, 39
216, 40
216, 41
216, 42
216, 43
216, 44
216, 45
216, 46
216, 47
216, 48
216, 49
216, 50
216, 51
216, 52
216, 53
216, 54
216, 55
216, 56
216, 57
216, 58
216, 59
216, 60
216, 61
216, 62
216, 63
216, 64
216, 65
216, 66
216, 67
216, 68
217, 12
217, 13
217, 14
217, 15
217, 16
217, 17
217, 18
217, 19
217, 20
217, 21
217, 22
217, 23
217, 24
217, 25
217, 26
217, 27
217, 28
217, 29
217, 30
217, 31
217, 32
217, 33
217, 34
217, 35
217, 36
217, 37
217, 38
217, 39
217, 40
217, 41
217, 42
217, 43
217, 44
217, 45
217, 46
217, 47
217, 48
217, 49
217, 50
217, 51
217, 52
217, 53
217, 54
217, 55
217, 56
217, 57
217, 58
217, 59
217, 60
217, 61
217, 62
217, 63
217, 64
217, 65
217, 66
217, 67
218, 12
218, 13
218, 14
218, 15
218, 16
218, 17
218, 18
218, 19
218, 20
218, 21
218, 22
218, 23
218, 24
218, 25
218, 26
218, 27
218, 28
218, 29
218, 30
218, 31
218, 32
218, 33
218, 34
218, 35
218, 36
218, 37
218, 38
218, 39
218, 40
218, 41
218, 42
218, 43
218, 44
218, 45
218, 46
218, 47
218, 48
218, 49
218, 50
218, 51
218, 52
218, 53
218, 54
218, 55
218, 56
218, 57
218, 58
218, 59
218, 60
218, 61
218, 62
218, 63
218, 64
218, 65
218, 66
218, 67
219, 12
219, 13
219, 14
219, 15
219, 16
219, 17
219, 18
219, 19
219, 20
219, 21
219, 22
219, 23
219, 24
219, 25
219, 26
219, 27
219, 28
219, 29
219, 30
219, 31
219, 32
219, 33
219, 34
219, 35
219, 36
219, 37
219, 38
219, 39
219, 40
219, 41
219, 42
219, 43
219, 44
219, 45
219, 46
219, 47
219, 48
219, 49
219, 50
219, 51
219, 52
219, 53
219, 54
219, 55
219, 56
219, 57
219, 58
219, 59
219, 60
219, 61
219, 62
219, 63
219, 64
219, 65
219, 66
220, 12
220, 13
220, 14
220, 15
220, 16
220, 17
220, 18
220, 19
220, 20
220, 21
220, 22
220, 23
220, 24
220, 25
220, 26
220, 27
220, 28
220, 29
220, 30
220, 31
220, 32
220, 33
220, 34
220, 35
220, 36
220, 37
220, 38
220, 39
220, 40
220, 41
220, 42
220, 43
220, 44
220, 45
220, 46
220, 47
220, 48
220, 49
220, 50
220, 51
220, 52
220, 53
220, 54
220, 55
220, 56
220, 57
220, 58
220, 59
220, 60
220, 61
220, 62
220, 63
220, 64
220, 65
220, 66
221, 12
221, 13
221, 14
221, 15
221, 16
221, 17
221, 18
221, 19
221, 20
221, 21
221, 22
221, 23
221, 24
221, 25
221, 26
221, 27
221, 28
221, 29
221, 30
221, 31
221, 32
221, 33
221, 34
221, 35
221, 36
221, 37
221, 38
221, 39
221, 40
221, 41
221, 42
221, 43
221, 44
221, 45
221, 46
221, 47
221, 48
221, 49
221, 50
221, 51
221, 52
221, 53
221, 54
221, 55
221, 56
221, 57
221, 58
221, 59
221, 60
221, 61
221, 62
221, 63
221, 64
221, 65
221, 66
222, 12
222, 13
222, 14
222, 15
222, 16
222, 17
222, 18
222, 19
222, 20
222, 21
222, 22
222, 23
222, 24
222, 25
222, 26
222, 27
222, 28
222, 29
222, 30
222, 31
222, 32
222, 33
222, 34
222, 35
222, 36
222, 37
222, 38
222, 39
222, 40
222, 41
222, 42
222, 43
222, 44
222, 45
222, 46
222, 47
222, 48
222, 49
222, 50
222, 51
222, 52
222, 53
222, 54
222, 55
222, 56
222, 57
222, 58
222, 59
222, 60
222, 61
222, 62
222, 63
222, 64
222, 65
222, 66
223, 12
223, 13
223, 14
223, 15
223, 16
223, 17
223, 18
223, 19
223, 20
223, 21
223, 22
223, 23
223, 24
223, 25
223, 26
223, 27
223, 28
223, 29
223, 30
223, 31
223, 32
223, 33
223, 34
223, 35
223, 36
223, 37
223, 38
223, 39
223, 40
223, 41
223, 42
223, 43
223, 44
223, 45
223, 46
223, 47
223, 48
223, 49
223, 50
223, 51
223, 52
223, 53
223, 54
223, 55
223, 56
223, 57
223, 58
223, 59
223, 60
223, 61
223, 62
223, 63
223, 64
223, 65
223, 66
224, 12
224, 13
224, 14
224, 15
224, 16
224, 17
224, 18
224, 19
224, 20
224, 21
224, 22
224, 23
224, 24
224, 25
224, 26
224, 27
224, 28
224, 29
224, 30
224, 31
224, 32
224, 33
224, 34
224, 35
224, 36
224, 37
224, 38
224, 39
224, 40
224, 41
224, 42
224, 43
224, 44
224, 45
224, 46
224, 47
224, 48
224, 49
224, 50
224, 51
224, 52
224, 53
224, 54
224, 55
224, 56
224, 57
224, 58
224, 59
224, 60
224, 61
224, 62
224, 63
224, 64
224, 65
224, 66
225, 12
225, 13
225, 14
225, 15
225, 16
225, 17
225, 18
225, 19
225, 20
225, 21
225, 22
225, 23
225, 24
225, 25
225, 26
225, 27
225, 28
225, 29
225, 30
225, 31
225, 32
225, 33
225, 34
225, 35
225, 36
225, 37
225, 38
225, 39
225, 40
225, 41
225, 42
225, 43
225, 44
225, 45
225, 46
225, 47
225, 48
225, 49
225, 50
225, 51
225, 52
225, 53
225, 54
225, 55
225, 56
225, 57
225, 58
225, 59
225, 60
225, 61
225, 62
225, 63
225, 64
225, 65
225, 66
226, 12
226, 13
226, 14
226, 15
226, 16
226, 17
226, 18
226, 19
226, 20
226, 21
226, 22
226, 23
226, 24
226, 25
226, 26
226, 27
226, 28
226, 29
226, 30
226, 31
226, 32
226, 33
226, 34
226, 35
226, 36
226, 37
226, 38
226, 39
226, 40
226, 41
226, 42
226, 43
226, 44
226, 45
226, 46
226, 47
226, 48
226, 49
226, 50
226, 51
226, 52
226, 53
226, 54
226, 55
226, 56
226, 57
226, 58
226, 59
226, 60
226, 61
226, 62
226, 63
226, 64
226, 65
227, 12
227, 13
227, 14
227, 15
227, 16
227, 17
227, 18
227, 19
227, 20
227, 21
227, 22
227, 23
227, 24
227, 25
227, 26
227, 27
227, 28
227, 29
227, 30
227, 31
227, 32
227, 33
227, 34
227, 35
227, 36
227, 37
227, 38
227, 39
227, 40
227, 41
227, 42
227, 43
227, 44
227, 45
227, 46
227, 47
227, 48
227, 49
227, 50
227, 51
227, 52
227, 53
227, 54
227, 55
227, 56
227, 57
227, 58
227, 59
227, 60
227, 61
227, 62
227, 63
227, 64
227, 65
228, 12
228, 13
228, 14
228, 15
228, 16
228, 17
228, 18
228, 19
228, 20
228, 21
228, 22
228, 23
228, 24
228, 25
228, 26
228, 27
228, 28
228, 29
228, 30
228, 31
228, 32
228, 33
228, 34
228, 35
228, 36
228, 37
228, 38
228, 39
228, 40
228, 41
228, 42
228, 43
228, 44
228, 45
228, 46
228, 47
228, 48
228, 49
228, 50
228, 51
228, 52
228, 53
228, 54
228, 55
228, 56
228, 57
228, 58
228, 59
228, 60
228, 61
228, 62
228, 63
228, 64
228, 65
229, 12
229, 13
229, 14
229, 15
229, 16
229, 17
229, 18
229, 19
229, 20
229, 21
229, 22
229, 23
229, 24
229, 25
229, 26
229, 27
229, 28
229, 29
229, 30
229, 31
229, 32
229, 33
229, 34
229, 35
229, 36
229, 37
229, 38
229, 39
229, 40
229, 41
229, 42
229, 43
229, 44
229, 45
229, 46
229, 47
229, 48
229, 49
229, 50
229, 51
229, 52
229, 53
229, 54
229, 55
229, 56
229, 57
229, 58
229, 59
229, 60
229, 61
229, 62
229, 63
229, 64
230, 12
230, 13
230, 14
230, 15
230, 16
230, 17
230, 18
230, 19
230, 20
230, 21
230, 22
230, 23
230, 24
230, 25
230, 26
230, 27
230, 28
230, 29
230, 30
230, 31
230, 32
230, 33
230, 34
230, 35
230, 36
230, 37
230, 38
230, 39
230, 40
230, 41
230, 42
230, 43
230, 44
230, 45
230, 46
230, 47
230, 48
230, 49
230, 50
230, 51
230, 52
230, 53
230, 54
230, 55
230, 56
230, 57
230, 58
230, 59
230, 60
230, 61
230, 62
230, 63
230, 64
231, 12
231, 13
231, 14
231, 15
231, 16
231, 17
231, 18
231, 19
231, 20
231, 21
231, 22
231, 23
231, 24
231, 25
231, 26
231, 27
231, 28
231, 29
231, 30
231, 31
231, 32
231, 33
231, 34
231, 35
231, 36
231, 37
231, 38
231, 39
231, 40
231, 41
231, 42
231, 43
231, 44
231, 45
231, 46
231, 47
231, 48
231, 49
231, 50
231, 51
231, 52
231, 53
231, 54
231, 55
231, 56
231, 57
231, 58
231, 59
231, 60
231, 61
231, 62
231, 63
231, 64
232, 12
232, 13
232, 14
232, 15
232, 16
232, 17
232, 18
232, 19
232, 20
232, 21
232, 22
232, 23
232, 24
232, 25
232, 26
232, 27
232, 28
232, 29
232, 30
232, 31
232, 32
232, 33
232, 34
232, 35
232, 36
232, 37
232, 38
232, 39
232, 40
232, 41
232, 42
232, 43
232, 44
232, 45
232, 46
232, 47
232, 48
232, 49
232, 50
232, 51
232, 52
232, 53
232, 54
232, 55
232, 56
232, 57
232, 58
232, 59
232, 60
232, 61
232, 62
232, 63
232, 64
233, 12
233, 13
233, 14
233, 15
233, 16
233, 17
233, 18
233, 19
233, 20
233, 21
233, 22
233, 23
233, 24
233, 25
233, 26
233, 27
233, 28
233, 29
233, 30
233, 31
233, 32
233, 33
233, 34
233, 35
233, 36
233, 37
233, 38
233, 39
233, 40
233, 41
233, 42
233, 43
233, 44
233, 45
233, 46
233, 47
233, 48
233, 49
233, 50
233, 51
233, 52
233, 53
233, 54
233, 55
233, 56
233, 57
233, 58
233, 59
233, 60
233, 61
233, 62
233, 63
233, 64
234, 12
234, 13
234, 14
234, 15
234, 16
234, 17
234, 18
234, 19
234, 20
234, 21
234, 22
234, 23
234, 24
234, 25
234, 26
234, 27
234, 28
234, 29
234, 30
234, 31
234, 32
234, 33
234, 34
234, 35
234, 36
234, 37
234, 38
234, 39
234, 40
234, 41
234, 42
234, 43
234, 44
234, 45
234, 46
234, 47
234, 48
234, 49
234, 50
234, 51
234, 52
234, 53
234, 54
234, 55
234, 56
234, 57
234, 58
234, 59
234, 60
234, 61
234, 62
234, 63
234, 64
235, 12
235, 13
235, 14
235, 15
235, 16
235, 17
235, 18
235, 19
235, 20
235, 21
235, 22
235, 23
235, 24
235, 25
235, 26
235, 27
235, 28
235, 29
235, 30
235, 31
235, 32
235, 33
235, 34
235, 35
235, 36
235, 37
235, 38
235, 39
235, 40
235, 41
235, 42
235, 43
235, 44
235, 45
235, 46
235, 47
235, 48
235, 49
235, 50
235, 51
235, 52
235, 53
235, 54
235, 55
235, 56
235, 57
235, 58
235, 59
235, 60
235, 61
235, 62
235, 63
235, 64
236, 12
236, 13
236, 14
236, 15
236, 16
236, 17
236, 18
236, 19
236, 20
236, 21
236, 22
236, 23
236, 24
236, 25
236, 26
236, 27
236, 28
236, 29
236, 30
236, 31
236, 32
236, 33
236, 34
236, 35
236, 36
236, 37
236, 38
236, 39
236, 40
236, 41
236, 42
236, 43
236, 44
236, 45
236, 46
236, 47
236, 48
236, 49
236, 50
236, 51
236, 52
236, 53
236, 54
236, 55
236, 56
236, 57
236, 58
236, 59
236, 60
236, 61
236, 62
236, 63
236, 64
237, 12
237, 13
237, 14
237, 15
237, 16
237, 17
237, 18
237, 19
237, 20
237, 21
237, 22
237, 23
237, 24
237, 25
237, 26
237, 27
237, 28
237, 29
237, 30
237, 31
237, 32
237, 33
237, 34
237, 35
237, 36
237, 37
237, 38
237, 39
237, 40
237, 41
237, 42
237, 43
237, 44
237, 45
237, 46
237, 47
237, 48
237, 49
237, 50
237, 51
237, 52
237, 53
237, 54
237, 55
237, 56
237, 57
237, 58
237, 59
237, 60
237, 61
237, 62
237, 63
238, 12
238, 13
238, 14
238, 15
238, 16
238, 17
238, 18
238, 19
238, 20
238, 21
238, 22
238, 23
238, 24
238, 25
238, 26
238, 27
238, 28
238, 29
238, 30
238, 31
238, 32
238, 33
238, 34
238, 35
238, 36
238, 37
238, 38
238, 39
238, 40
238, 41
238, 42
238, 43
238, 44
238, 45
238, 46
238, 47
238, 48
238, 49
238, 50
238, 51
238, 52
238, 53
238, 54
238, 55
238, 56
238, 57
238, 58
238, 59
238, 60
238, 61
238, 62
238, 63
239, 12
239, 13
239, 14
239, 15
239, 16
239, 17
239, 18
239, 19
239, 20
239, 21
239, 22
239, 23
239, 24
239, 25
239, 26
239, 27
239, 28
239, 29
239, 30
239, 31
239, 32
239, 33
239, 34
239, 35
239, 36
239, 37
239, 38
239, 39
239, 40
239, 41
239, 42
239, 43
239, 44
239, 45
239, 46
239, 47
239, 48
239, 49
239, 50
239, 51
239, 52
239, 53
239, 54
239, 55
239, 56
239, 57
239, 58
239, 59
239, 60
239, 61
239, 62
239, 63
240, 12
240, 13
240, 14
240, 15
240, 16
240, 17
240, 18
240, 19
240, 20
240, 21
240, 22
240, 23
240, 24
240, 25
240, 26
240, 27
240, 28
240, 29
240, 30
240, 31
240, 32
240, 33
240, 34
240, 35
240, 36
240, 37
240, 38
240, 39
240, 40
240, 41
240, 42
240, 43
240, 44
240, 45
240, 46
240, 47
240, 48
240, 49
240, 50
240, 51
240, 52
240, 53
240, 54
240, 55
240, 56
240, 57
240, 58
240, 59
240, 60
240, 61
240, 62
240, 63
241, 12
241, 13
241, 14
241, 15
241, 16
241, 17
241, 18
241, 19
241, 20
241, 21
241, 22
241, 23
241, 24
241, 25
241, 26
241, 27
241, 28
241, 29
241, 30
241, 31
241, 32
241, 33
241, 34
241, 35
241, 36
241, 37
241, 38
241, 39
241, 40
241, 41
241, 42
241, 43
241, 44
241, 45
241, 46
241, 47
241, 48
241, 49
241, 50
241, 51
241, 52
241, 53
241, 54
241, 55
241, 56
241, 57
241, 58
241, 59
241, 60
241, 61
241, 62
241, 63
242, 12
242, 13
242, 14
242, 15
242, 16
242, 17
242, 18
242, 19
242, 20
242, 21
242, 22
242, 23
242, 24
242, 25
242, 26
242, 27
242, 28
242, 29
242, 30
242, 31
242, 32
242, 33
242, 34
242, 35
242, 36
242, 37
242, 38
242, 39
242, 40
242, 41
242, 42
242, 43
242, 44
242, 45
242, 46
242, 47
242, 48
242, 49
242, 50
242, 51
242, 52
242, 53
242, 54
242, 55
242, 56
242, 57
242, 58
242, 59
242, 60
242, 61
242, 62
242, 63
243, 12
243, 13
243, 14
243, 15
243, 16
243, 17
243, 18
243, 19
243, 20
243, 21
243, 22
243, 23
243, 24
243, 25
243, 26
243, 27
243, 28
243, 29
243, 30
243, 31
243, 32
243, 33
243, 34
243, 35
243, 36
243, 37
243, 38
243, 39
243, 40
243, 41
243, 42
243, 43
243, 44
243, 45
243, 46
243, 47
243, 48
243, 49
243, 50
243, 51
243, 52
243, 53
243, 54
243, 55
243, 56
243, 57
243, 58
243, 59
243, 60
243, 61
243, 62
243, 63
244, 12
244, 13
244, 14
244, 15
244, 16
244, 17
244, 18
244, 19
244, 20
244, 21
244, 22
244, 23
244, 24
244, 25
244, 26
244, 27
244, 28
244, 29
244, 30
244, 31
244, 32
244, 33
244, 34
244, 35
244, 36
244, 37
244, 38
244, 39
244, 40
244, 41
244, 42
244, 43
244, 44
244, 45
244, 46
244, 47
244, 48
244, 49
244, 50
244, 51
244, 52
244, 53
244, 54
244, 55
244, 56
244, 57
244, 58
244, 59
244, 60
244, 61
244, 62
244, 63
245, 12
245, 13
245, 14
245, 15
245, 16
245, 17
245, 18
245, 19
245, 20
245, 21
245, 22
245, 23
245, 24
245, 25
245, 26
245, 27
245, 28
245, 29
245, 30
245, 31
245, 32
245, 33
245, 34
245, 35
245, 36
245, 37
245, 38
245, 39
245, 40
245, 41
245, 42
245, 43
245, 44
245, 45
245, 46
245, 47
245, 48
245, 49
245, 50
245, 51
245, 52
245, 53
245, 54
245, 55
245, 56
245, 57
245, 58
245, 59
245, 60
245, 61
245, 62
246, 12
246, 13
246, 14
246, 15
246, 16
246, 17
246, 18
246, 19
246, 20
246, 21
246, 22
246, 23
246, 24
246, 25
246, 26
246, 27
246, 28
246, 29
246, 30
246, 31
246, 32
246, 33
246, 34
246, 35
246, 36
246, 37
246, 38
246, 39
246, 40
246, 41
246, 42
246, 43
246, 44
246, 45
246, 46
246, 47
246, 48
246, 49
246, 50
246, 51
246, 52
246, 53
246, 54
246, 55
246, 56
246, 57
246, 58
246, 59
246, 60
246, 61
246, 62
247, 12
247, 13
247, 14
247, 15
247, 16
247, 17
247, 18
247, 19
247, 20
247, 21
247, 22
247, 23
247, 24
247, 25
247, 26
247, 27
247, 28
247, 29
247, 30
247, 31
247, 32
247, 33
247, 34
247, 35
247, 36
247, 37
247, 38
247, 39
247, 40
247, 41
247, 42
247, 43
247, 44
247, 45
247, 46
247, 47
247, 48
247, 49
247, 50
247, 51
247, 52
247, 53
247, 54
247, 55
247, 56
247, 57
247, 58
247, 59
247, 60
247, 61
247, 62
248, 12
248, 13
248, 14
248, 15
248, 16
248, 17
248, 18
248, 19
248, 20
248, 21
248, 22
248, 23
248, 24
248, 25
248, 26
248, 27
248, 28
248, 29
248, 30
248, 31
248, 32
248, 33
248, 34
248, 35
248, 36
248, 37
248, 38
248, 39
248, 40
248, 41
248, 42
248, 43
248, 44
248, 45
248, 46
248, 47
248, 48
248, 49
248, 50
248, 51
248, 52
248, 53
248, 54
248, 55
248, 56
248, 57
248, 58
248, 59
248, 60
248, 61
248, 62
249, 12
249, 13
249, 14
249, 15
249, 16
249, 17
249, 18
249, 19
249, 20
249, 21
249, 22
249, 23
249, 24
249, 25
249, 26
249, 27
249, 28
249, 29
249, 30
249, 31
249, 32
249, 33
249, 34
249, 35
249, 36
249, 37
249, 38
249, 39
249, 40
249, 41
249, 42
249, 43
249, 44
249, 45
249, 46
249, 47
249, 48
249, 49
249, 50
249, 51
249, 52
249, 53
249, 54
249, 55
249, 56
249, 57
249, 58
249, 59
249, 60
249, 61
249, 62
250, 12
250, 13
250, 14
250, 15
250, 16
250, 17
250, 18
250, 19
250, 20
250, 21
250, 22
250, 23
250, 24
250, 25
250, 26
250, 27
250, 28
250, 29
250, 30
250, 31
250, 32
250, 33
250, 34
250, 35
250, 36
250, 37
250, 38
250, 39
250, 40
250, 41
250, 42
250, 43
250, 45
250, 46
250, 47
250, 48
250, 49
250, 50
250, 51
250, 52
250, 53
250, 54
250, 55
250, 56
250, 57
250, 58
250, 59
250, 60
250, 61
250, 62
251, 12
251, 13
251, 14
251, 15
251, 16
251, 17
251, 18
251, 19
251, 20
251, 21
251, 22
251, 23
251, 24
251, 25
251, 26
251, 27
251, 28
251, 29
251, 30
251, 31
251, 32
251, 33
251, 34
251, 35
251, 36
251, 37
251, 38
251, 39
251, 40
251, 41
251, 42
251, 43
251, 45
251, 46
251, 47
251, 48
251, 49
251, 50
251, 51
251, 52
251, 53
251, 54
251, 55
251, 56
251, 57
251, 58
251, 59
251, 60
251, 61
251, 62
252, 12
252, 13
252, 14
252, 15
252, 16
252, 17
252, 18
252, 19
252, 20
252, 21
252, 22
252, 23
252, 24
252, 25
252, 26
252, 27
252, 28
252, 29
252, 30
252, 31
252, 32
252, 33
252, 34
252, 35
252, 36
252, 37
252, 38
252, 39
252, 40
252, 41
252, 42
252, 43
252, 45
252, 46
252, 47
252, 48
252, 49
252, 50
252, 51
252, 52
252, 53
252, 54
252, 55
252, 56
252, 57
252, 58
252, 59
252, 60
252, 61
252, 62
253, 12
253, 13
253, 14
253, 15
253, 16
253, 17
253, 18
253, 19
253, 20
253, 21
253, 22
253, 23
253, 24
253, 25
253, 26
253, 27
253, 28
253, 29
253, 30
253, 31
253, 32
253, 33
253, 34
253, 35
253, 36
253, 37
253, 38
253, 39
253, 40
253, 41
253, 42
253, 43
253, 44
253, 45
253, 46
253, 47
253, 48
253, 49
253, 50
253, 51
253, 52
253, 53
253, 54
253, 55
253, 56
253, 57
253, 58
253, 59
253, 60
253, 61
253, 62
254, 12
254, 13
254, 14
254, 15
254, 16
254, 17
254, 18
254, 19
254, 20
254, 21
254, 22
254, 23
254, 24
254, 25
254, 26
254, 27
254, 28
254, 29
254, 30
254, 31
254, 32
254, 33
254, 34
254, 35
254, 36
254, 37
254, 38
254, 39
254, 40
254, 41
254, 42
254, 43
254, 44
254, 45
254, 46
254, 47
254, 48
254, 49
254, 50
254, 51
254, 52
254, 53
254, 54
254, 55
254, 56
254, 57
254, 58
254, 59
254, 60
254, 61
254, 62
255, 12
255, 13
255, 14
255, 15
255, 16
255, 17
255, 18
255, 19
255, 20
255, 21
255, 22
255, 23
255, 24
255, 25
255, 26
255, 27
255, 28
255, 29
255, 30
255, 31
255, 32
255, 33
255, 34
255, 35
255, 36
255, 37
255, 38
255, 39
255, 40
255, 41
255, 42
255, 43
255, 44
255, 45
255, 46
255, 47
255, 48
255, 49
255, 50
255, 51
255, 52
255, 53
255, 54
255, 55
255, 56
255, 57
255, 58
255, 59
255, 60
255, 61
255, 62
256, 12
256, 13
256, 14
256, 15
256, 16
256, 17
256, 18
256, 19
256, 20
256, 21
256, 22
256, 23
256, 24
256, 25
256, 26
256, 27
256, 28
256, 29
256, 30
256, 31
256, 32
256, 33
256, 34
256, 35
256, 36
256, 37
256, 38
256, 39
256, 40
256, 41
256, 42
256, 43
256, 44
256, 45
256, 46
256, 47
256, 48
256, 49
256, 50
256, 51
256, 52
256, 53
256, 54
256, 55
256, 56
256, 57
256, 58
256, 59
256, 60
256, 61
257, 12
257, 13
257, 14
257, 15
257, 16
257, 17
257, 18
257, 19
257, 20
257, 21
257, 22
257, 23
257, 24
257, 25
257, 26
257, 27
257, 28
257, 29
257, 30
257, 31
257, 32
257, 33
257, 34
257, 35
257, 36
257, 37
257, 38
257, 39
257, 40
257, 41
257, 42
257, 43
257, 44
257, 45
257, 46
257, 47
257, 48
257, 49
257, 50
257, 51
257, 52
257, 53
257, 54
257, 55
257, 56
257, 57
257, 58
257, 59
257, 60
257, 61
258, 12
258, 13
258, 14
258, 15
258, 16
258, 17
258, 18
258, 19
258, 20
258, 21
258, 22
258, 23
258, 24
258, 25
258, 26
258, 27
258, 28
258, 29
258, 30
258, 31
258, 32
258, 33
258, 34
258, 35
258, 36
258, 37
258, 38
258, 39
258, 40
258, 41
258, 42
258, 43
258, 44
258, 45
258, 46
258, 47
258, 48
258, 49
258, 50
258, 51
258, 52
258, 53
258, 54
258, 55
258, 56
258, 57
258, 58
258, 59
258, 60
258, 61
259, 12
259, 13
259, 14
259, 15
259, 16
259, 17
259, 18
259, 19
259, 20
259, 21
259, 22
259, 23
259, 24
259, 25
259, 26
259, 27
259, 28
259, 29
259, 30
259, 31
259, 32
259, 33
259, 34
259, 35
259, 36
259, 37
259, 38
259, 39
259, 40
259, 41
259, 42
259, 43
259, 44
259, 45
259, 46
259, 47
259, 48
259, 49
259, 50
259, 51
259, 52
259, 53
259, 54
259, 55
259, 56
259, 57
259, 58
259, 59
259, 60
259, 61
260, 12
260, 13
260, 14
260, 15
260, 16
260, 17
260, 18
260, 19
260, 20
260, 21
260, 22
260, 23
260, 24
260, 25
260, 26
260, 27
260, 28
260, 29
260, 30
260, 31
260, 32
260, 33
260, 34
260, 35
260, 36
260, 37
260, 38
260, 39
260, 40
260, 41
260, 42
260, 43
260, 44
260, 45
260, 46
260, 47
260, 48
260, 49
260, 50
260, 51
260, 52
260, 53
260, 54
260, 55
260, 56
260, 57
260, 58
260, 59
260, 60
260, 61
261, 12
261, 13
261, 14
261, 15
261, 16
261, 17
261, 18
261, 19
261, 20
261, 21
261, 22
261, 23
261, 24
261, 25
261, 26
261, 27
261, 28
261, 29
261, 30
261, 31
261, 32
261, 33
261, 34
261, 35
261, 36
261, 37
261, 38
261, 39
261, 40
261, 41
261, 42
261, 43
261, 44
261, 45
261, 46
261, 47
261, 48
261, 49
261, 50
261, 51
261, 52
261, 53
261, 54
261, 55
261, 56
261, 57
261, 58
261, 59
261, 60
261, 61
262, 12
262, 13
262, 14
262, 15
262, 16
262, 17
262, 18
262, 19
262, 20
262, 21
262, 22
262, 23
262, 24
262, 25
262, 26
262, 27
262, 28
262, 29
262, 30
262, 31
262, 32
262, 33
262, 34
262, 35
262, 36
262, 37
262, 38
262, 39
262, 40
262, 41
262, 42
262, 43
262, 44
262, 45
262, 46
262, 47
262, 48
262, 49
262, 50
262, 51
262, 52
262, 53
262, 54
262, 55
262, 56
262, 57
262, 58
262, 59
262, 60
262, 61
263, 12
263, 13
263, 14
263, 15
263, 16
263, 17
263, 18
263, 19
263, 20
263, 21
263, 22
263, 23
263, 24
263, 25
263, 26
263, 27
263, 28
263, 29
263, 30
263, 31
263, 32
263, 33
263, 34
263, 35
263, 36
263, 37
263, 38
263, 39
263, 40
263, 41
263, 42
263, 43
263, 44
263, 45
263, 46
263, 47
263, 48
263, 49
263, 50
263, 51
263, 52
263, 53
263, 54
263, 55
263, 56
263, 57
263, 58
263, 59
263, 60
264, 12
264, 13
264, 14
264, 15
264, 16
264, 17
264, 18
264, 19
264, 20
264, 21
264, 22
264, 23
264, 24
264, 25
264, 26
264, 27
264, 28
264, 29
264, 30
264, 31
264, 32
264, 33
264, 34
264, 35
264, 36
264, 37
264, 38
264, 39
264, 40
264, 41
264, 42
264, 43
264, 44
264, 45
264, 46
264, 47
264, 48
264, 49
264, 50
264, 51
264, 52
264, 53
264, 54
264, 55
264, 56
264, 57
264, 58
264, 59
264, 60
265, 12
265, 13
265, 14
265, 15
265, 16
265, 17
265, 18
265, 19
265, 20
265, 21
265, 22
265, 23
265, 24
265, 25
265, 26
265, 27
265, 28
265, 29
265, 30
265, 31
265, 32
265, 33
265, 34
265, 35
265, 36
265, 37
265, 38
265, 39
265, 40
265, 41
265, 42
265, 43
265, 44
265, 45
265, 46
265, 47
265, 48
265, 49
265, 50
265, 51
265, 52
265, 53
265, 54
265, 55
265, 56
265, 57
265, 58
265, 59
265, 60
266, 12
266, 13
266, 14
266, 15
266, 16
266, 17
266, 18
266, 19
266, 20
266, 21
266, 22
266, 23
266, 24
266, 25
266, 26
266, 27
266, 28
266, 29
266, 30
266, 31
266, 32
266, 33
266, 34
266, 35
266, 36
266, 37
266, 38
266, 39
266, 40
266, 41
266, 42
266, 43
266, 45
266, 46
266, 47
266, 48
266, 49
266, 50
266, 51
266, 52
266, 53
266, 54
266, 55
266, 56
266, 57
266, 58
266, 59
266, 60
267, 12
267, 13
267, 14
267, 15
267, 16
267, 17
267, 18
267, 19
267, 20
267, 21
267, 22
267, 23
267, 24
267, 25
267, 26
267, 27
267, 28
267, 29
267, 30
267, 31
267, 32
267, 33
267, 34
267, 35
267, 36
267, 37
267, 38
267, 39
267, 40
267, 41
267, 42
267, 43
267, 45
267, 46
267, 47
267, 48
267, 49
267, 50
267, 51
267, 52
267, 53
267, 54
267, 55
267, 56
267, 57
267, 58
267, 59
267, 60
268, 12
268, 13
268, 14
268, 15
268, 16
268, 17
268, 18
268, 19
268, 20
268, 21
268, 22
268, 23
268, 24
268, 25
268, 26
268, 27
268, 28
268, 29
268, 30
268, 31
268, 32
268, 33
268, 34
268, 35
268, 36
268, 37
268, 38
268, 39
268, 40
268, 41
268, 42
268, 43
268, 45
268, 46
268, 47
268, 48
268, 49
268, 50
268, 51
268, 52
268, 53
268, 54
268, 55
268, 56
268, 57
268, 58
268, 59
268, 60
269, 12
269, 13
269, 14
269, 15
269, 16
269, 17
269, 18
269, 19
269, 20
269, 21
269, 22
269, 23
269, 24
269, 25
269, 26
269, 27
269, 28
269, 29
269, 30
269, 31
269, 32
269, 33
269, 34
269, 35
269, 36
269, 37
269, 38
269, 39
269, 40
269, 41
269, 42
269, 43
269, 45
269, 46
269, 47
269, 48
269, 49
269, 50
269, 51
269, 52
269, 53
269, 54
269, 55
269, 56
269, 57
269, 58
269, 59
270, 12
270, 13
270, 14
270, 15
270, 16
270, 17
270, 18
270, 19
270, 20
270, 21
270, 22
270, 23
270, 24
270, 25
270, 26
270, 27
270, 28
270, 29
270, 30
270, 31
270, 32
270, 33
270, 34
270, 35
270, 36
270, 37
270, 38
270, 39
270, 40
270, 41
270, 42
270, 43
270, 45
270, 46
270, 47
270, 48
270, 49
270, 50
270, 51
270, 52
270, 53
270, 54
270, 55
270, 56
270, 57
270, 58
270, 59
271, 12
271, 13
271, 14
271, 15
271, 16
271, 17
271, 18
271, 19
271, 20
271, 21
271, 22
271, 23
271, 24
271, 25
271, 26
271, 27
271, 28
271, 29
271, 30
271, 31
271, 32
271, 33
271, 34
271, 35
271, 36
271, 37
271, 38
271, 39
271, 40
271, 41
271, 42
271, 43
271, 45
271, 46
271, 47
271, 48
271, 49
271, 50
271, 51
271, 52
271, 53
271, 54
271, 55
271, 56
271, 57
271, 58
271, 59
272, 12
272, 13
272, 14
272, 15
272, 16
272, 17
272, 18
272, 20
272, 21
272, 22
272, 23
272, 24
272, 25
272, 26
272, 27
272, 28
272, 29
272, 30
272, 31
272, 32
272, 33
272, 34
272, 35
272, 36
272, 37
272, 38
272, 39
272, 40
272, 41
272, 42
272, 43
272, 45
272, 46
272, 47
272, 48
272, 49
272, 50
272, 51
272, 52
272, 53
272, 54
272, 55
272, 56
272, 57
272, 58
272, 59
273, 12
273, 13
273, 14
273, 15
273, 16
273, 17
273, 20
273, 21
273, 22
273, 23
273, 24
273, 25
273, 26
273, 27
273, 28
273, 29
273, 30
273, 31
273, 32
273, 33
273, 34
273, 35
273, 36
273, 37
273, 38
273, 39
273, 40
273, 41
273, 42
273, 43
273, 45
273, 46
273, 47
273, 48
273, 49
273, 50
273, 51
273, 52
273, 53
273, 54
273, 55
273, 56
273, 57
273, 58
273, 59
274, 12
274, 13
274, 14
274, 15
274, 16
274, 17
274, 20
274, 21
274, 22
274, 23
274, 24
274, 25
274, 26
274, 27
274, 28
274, 29
274, 30
274, 31
274, 32
274, 33
274, 34
274, 35
274, 36
274, 37
274, 38
274, 39
274, 40
274, 41
274, 42
274, 43
274, 45
274, 46
274, 47
274, 48
274, 49
274, 50
274, 51
274, 52
274, 53
274, 54
274, 55
274, 56
274, 57
274, 58
274, 59
275, 12
275, 13
275, 14
275, 15
275, 16
275, 17
275, 20
275, 21
275, 22
275, 23
275, 24
275, 25
275, 26
275, 27
275, 28
275, 29
275, 30
275, 31
275, 32
275, 33
275, 34
275, 35
275, 36
275, 37
275, 38
275, 39
275, 40
275, 41
275, 42
275, 43
275, 45
275, 46
275, 47
275, 48
275, 49
275, 50
275, 51
275, 52
275, 53
275, 54
275, 55
275, 56
275, 57
275, 58
275, 59
276, 12
276, 13
276, 14
276, 15
276, 16
276, 17
276, 20
276, 21
276, 22
276, 23
276, 24
276, 25
276, 26
276, 27
276, 28
276, 29
276, 30
276, 31
276, 32
276, 33
276, 34
276, 35
276, 36
276, 37
276, 38
276, 39
276, 40
276, 41
276, 42
276, 43
276, 45
276, 46
276, 47
276, 48
276, 49
276, 50
276, 51
276, 52
276, 53
276, 54
276, 55
276, 56
276, 57
276, 58
276, 59
277, 12
277, 13
277, 14
277, 15
277, 16
277, 20
277, 21
277, 22
277, 23
277, 24
277, 25
277, 26
277, 27
277, 28
277, 29
277, 30
277, 31
277, 32
277, 33
277, 34
277, 35
277, 36
277, 37
277, 38
277, 39
277, 40
277, 41
277, 42
277, 43
277, 45
277, 46
277, 47
277, 48
277, 49
277, 50
277, 51
277, 52
277, 53
277, 54
277, 55
277, 56
277, 57
277, 58
277, 59
278, 12
278, 13
278, 14
278, 15
278, 16
278, 19
278, 20
278, 21
278, 22
278, 23
278, 24
278, 25
278, 26
278, 27
278, 28
278, 29
278, 30
278, 31
278, 32
278, 33
278, 34
278, 35
278, 36
278, 37
278, 38
278, 39
278, 40
278, 41
278, 42
278, 43
278, 45
278, 46
278, 47
278, 48
278, 49
278, 50
278, 51
278, 52
278, 53
278, 54
278, 55
278, 56
278, 57
278, 58
278, 59
279, 12
279, 13
279, 14
279, 15
279, 16
279, 19
279, 20
279, 21
279, 22
279, 23
279, 24
279, 25
279, 26
279, 27
279, 28
279, 29
279, 30
279, 31
279, 32
279, 33
279, 34
279, 35
279, 36
279, 37
279, 38
279, 39
279, 40
279, 41
279, 42
279, 43
279, 46
279, 47
279, 48
279, 49
279, 50
279, 51
279, 52
279, 53
279, 54
279, 55
279, 56
279, 57
279, 58
279, 59
280, 12
280, 13
280, 14
280, 15
280, 16
280, 18
280, 19
280, 20
280, 21
280, 22
280, 23
280, 24
280, 25
280, 26
280, 27
280, 28
280, 29
280, 30
280, 31
280, 32
280, 33
280, 34
280, 35
280, 36
280, 37
280, 38
280, 39
280, 40
280, 41
280, 42
280, 43
280, 46
280, 47
280, 48
280, 49
280, 50
280, 51
280, 52
280, 53
280, 54
280, 55
280, 56
280, 57
280, 58
280, 59
281, 12
281, 13
281, 14
281, 15
281, 18
281, 19
281, 20
281, 21
281, 22
281, 23
281, 24
281, 25
281, 26
281, 27
281, 28
281, 29
281, 30
281, 31
281, 32
281, 33
281, 34
281, 35
281, 36
281, 37
281, 38
281, 39
281, 40
281, 41
281, 42
281, 43
281, 46
281, 47
281, 48
281, 49
281, 50
281, 51
281, 52
281, 53
281, 54
281, 55
281, 56
281, 57
281, 58
281, 59
282, 12
282, 13
282, 14
282, 15
282, 18
282, 19
282, 20
282, 21
282, 22
282, 23
282, 24
282, 25
282, 26
282, 27
282, 28
282, 29
282, 30
282, 31
282, 32
282, 33
282, 34
282, 35
282, 36
282, 37
282, 38
282, 39
282, 40
282, 41
282, 42
282, 43
282, 46
282, 47
282, 48
282, 49
282, 50
282, 51
282, 52
282, 53
282, 54
282, 55
282, 56
282, 57
282, 58
282, 59
283, 12
283, 13
283, 14
283, 15
283, 18
283, 19
283, 20
283, 21
283, 22
283, 23
283, 24
283, 25
283, 26
283, 27
283, 28
283, 29
283, 30
283, 31
283, 32
283, 33
283, 34
283, 35
283, 36
283, 37
283, 38
283, 39
283, 40
283, 41
283, 42
283, 43
283, 46
283, 47
283, 48
283, 49
283, 50
283, 51
283, 52
283, 53
283, 54
283, 55
283, 56
283, 57
283, 58
283, 59
284, 13
284, 14
284, 15
284, 18
284, 19
284, 20
284, 21
284, 22
284, 23
284, 24
284, 25
284, 26
284, 27
284, 28
284, 29
284, 30
284, 31
284, 32
284, 33
284, 34
284, 35
284, 36
284, 37
284, 38
284, 39
284, 40
284, 41
284, 42
284, 43
284, 46
284, 47
284, 48
284, 49
284, 50
284, 51
284, 52
284, 53
284, 54
284, 55
284, 56
284, 57
284, 58
284, 59
285, 13
285, 14
285, 15
285, 18
285, 19
285, 20
285, 21
285, 22
285, 23
285, 24
285, 25
285, 26
285, 27
285, 28
285, 29
285, 30
285, 31
285, 32
285, 33
285, 34
285, 35
285, 36
285, 37
285, 38
285, 39
285, 40
285, 41
285, 42
285, 43
285, 47
285, 48
285, 49
285, 50
285, 51
285, 52
285, 53
285, 54
285, 55
285, 56
285, 57
285, 58
285, 59
286, 13
286, 14
286, 15
286, 18
286, 19
286, 20
286, 21
286, 22
286, 23
286, 24
286, 25
286, 26
286, 27
286, 28
286, 29
286, 30
286, 31
286, 32
286, 33
286, 34
286, 35
286, 36
286, 37
286, 38
286, 39
286, 40
286, 41
286, 42
286, 43
286, 47
286, 48
286, 49
286, 50
286, 51
286, 52
286, 53
286, 54
286, 55
286, 56
286, 57
286, 58
286, 59
287, 13
287, 14
287, 15
287, 18
287, 19
287, 20
287, 21
287, 22
287, 23
287, 24
287, 25
287, 26
287, 27
287, 28
287, 29
287, 30
287, 31
287, 32
287, 33
287, 34
287, 35
287, 36
287, 37
287, 38
287, 39
287, 40
287, 41
287, 42
287, 43
287, 47
287, 48
287, 49
287, 50
287, 51
287, 52
287, 53
287, 54
287, 55
287, 56
287, 57
287, 58
287, 59
288, 13
288, 14
288, 17
288, 18
288, 19
288, 20
288, 21
288, 22
288, 23
288, 24
288, 25
288, 26
288, 27
288, 28
288, 29
288, 30
288, 31
288, 32
288, 33
288, 34
288, 35
288, 36
288, 37
288, 38
288, 39
288, 40
288, 41
288, 42
288, 43
288, 47
288, 48
288, 49
288, 50
288, 51
288, 52
288, 53
288, 54
288, 55
288, 56
288, 57
288, 58
288, 59
289, 13
289, 17
289, 18
289, 19
289, 20
289, 21
289, 22
289, 23
289, 24
289, 25
289, 26
289, 27
289, 28
289, 29
289, 30
289, 31
289, 32
289, 33
289, 34
289, 35
289, 36
289, 37
289, 38
289, 39
289, 40
289, 41
289, 42
289, 47
289, 48
289, 49
289, 50
289, 51
289, 52
289, 53
289, 54
289, 55
289, 56
289, 57
289, 58
289, 59
289, 60
290, 17
290, 18
290, 19
290, 20
290, 21
290, 22
290, 23
290, 24
290, 25
290, 26
290, 27
290, 28
290, 29
290, 30
290, 31
290, 32
290, 33
290, 34
290, 35
290, 36
290, 37
290, 38
290, 39
290, 40
290, 41
290, 42
290, 47
290, 48
290, 49
290, 50
290, 51
290, 52
290, 53
290, 54
290, 55
290, 56
290, 57
290, 58
290, 59
290, 60
291, 17
291, 18
291, 19
291, 20
291, 21
291, 22
291, 23
291, 24
291, 25
291, 26
291, 27
291, 28
291, 29
291, 30
291, 31
291, 32
291, 33
291, 34
291, 35
291, 36
291, 37
291, 38
291, 39
291, 40
291, 41
291, 42
291, 47
291, 48
291, 49
291, 50
291, 51
291, 52
291, 53
291, 54
291, 55
291, 56
291, 57
291, 58
291, 59
291, 60
292, 17
292, 18
292, 19
292, 20
292, 21
292, 22
292, 23
292, 24
292, 25
292, 26
292, 27
292, 28
292, 29
292, 30
292, 31
292, 32
292, 33
292, 34
292, 35
292, 36
292, 37
292, 38
292, 39
292, 40
292, 41
292, 42
292, 47
292, 48
292, 49
292, 50
292, 51
292, 52
292, 53
292, 54
292, 55
292, 56
292, 57
292, 58
292, 59
292, 60
293, 16
293, 17
293, 18
293, 19
293, 20
293, 21
293, 22
293, 23
293, 24
293, 25
293, 26
293, 27
293, 28
293, 29
293, 30
293, 31
293, 32
293, 33
293, 34
293, 35
293, 36
293, 37
293, 38
293, 39
293, 40
293, 41
293, 42
293, 48
293, 49
293, 50
293, 51
293, 52
293, 53
293, 54
293, 55
293, 56
293, 57
293, 58
293, 59
293, 60
294, 16
294, 17
294, 18
294, 19
294, 20
294, 21
294, 22
294, 23
294, 24
294, 25
294, 26
294, 27
294, 28
294, 29
294, 30
294, 31
294, 32
294, 33
294, 34
294, 35
294, 36
294, 37
294, 38
294, 39
294, 40
294, 41
294, 42
294, 48
294, 49
294, 50
294, 51
294, 52
294, 53
294, 54
294, 55
294, 56
294, 57
294, 58
294, 59
294, 60
295, 16
295, 17
295, 18
295, 19
295, 20
295, 21
295, 22
295, 23
295, 24
295, 25
295, 26
295, 27
295, 28
295, 29
295, 30
295, 31
295, 32
295, 33
295, 34
295, 35
295, 36
295, 37
295, 38
295, 39
295, 40
295, 41
295, 42
295, 48
295, 49
295, 50
295, 51
295, 52
295, 53
295, 54
295, 55
295, 56
295, 57
295, 58
295, 59
295, 60
296, 16
296, 17
296, 18
296, 19
296, 20
296, 21
296, 22
296, 23
296, 24
296, 25
296, 26
296, 27
296, 28
296, 29
296, 30
296, 31
296, 32
296, 33
296, 34
296, 35
296, 36
296, 37
296, 38
296, 39
296, 40
296, 41
296, 42
296, 48
296, 49
296, 50
296, 51
296, 52
296, 53
296, 54
296, 55
296, 56
296, 57
296, 58
296, 59
296, 60
297, 16
297, 17
297, 18
297, 19
297, 20
297, 21
297, 22
297, 23
297, 24
297, 25
297, 26
297, 27
297, 28
297, 29
297, 30
297, 31
297, 32
297, 33
297, 34
297, 35
297, 36
297, 37
297, 38
297, 39
297, 40
297, 41
297, 42
297, 48
297, 49
297, 50
297, 51
297, 52
297, 53
297, 54
297, 55
297, 56
297, 57
297, 58
297, 59
297, 60
298, 16
298, 17
298, 18
298, 19
298, 20
298, 21
298, 22
298, 23
298, 24
298, 25
298, 26
298, 27
298, 28
298, 29
298, 30
298, 31
298, 32
298, 33
298, 34
298, 35
298, 36
298, 37
298, 38
298, 39
298, 40
298, 41
298, 42
298, 48
298, 49
298, 50
298, 51
298, 52
298, 53
298, 54
298, 55
298, 56
298, 57
298, 58
298, 59
298, 60
299, 16
299, 17
299, 18
299, 19
299, 20
299, 21
299, 22
299, 23
299, 24
299, 25
299, 26
299, 27
299, 28
299, 29
299, 30
299, 31
299, 32
299, 33
299, 34
299, 35
299, 36
299, 37
299, 38
299, 39
299, 40
299, 41
299, 42
299, 49
299, 50
299, 51
299, 52
299, 53
299, 54
299, 55
299, 56
299, 57
299, 58
299, 59
299, 60
300, 16
300, 17
300, 18
300, 19
300, 20
300, 21
300, 22
300, 23
300, 24
300, 25
300, 26
300, 27
300, 28
300, 29
300, 30
300, 31
300, 32
300, 33
300, 34
300, 35
300, 36
300, 37
300, 38
300, 39
300, 40
300, 41
300, 42
300, 49
300, 50
300, 51
300, 52
300, 53
300, 54
300, 55
300, 56
300, 57
300, 58
300, 59
301, 16
301, 17
301, 18
301, 19
301, 20
301, 21
301, 22
301, 23
301, 24
301, 25
301, 26
301, 27
301, 28
301, 29
301, 30
301, 31
301, 32
301, 33
301, 34
301, 35
301, 36
301, 37
301, 38
301, 39
301, 40
301, 41
302, 16
302, 17
302, 18
302, 19
302, 20
302, 21
302, 22
302, 23
302, 24
302, 25
302, 26
302, 27
302, 28
302, 29
302, 30
302, 31
302, 32
302, 33
302, 34
302, 35
302, 36
302, 37
302, 38
302, 39
302, 40
302, 41
303, 17
303, 18
303, 19
303, 20
303, 21
303, 22
303, 23
303, 24
303, 25
303, 26
303, 27
303, 28
303, 29
303, 30
303, 31
303, 32
303, 33
303, 34
303, 35
303, 36
303, 37
303, 38
303, 39
303, 40
303, 41
304, 18
304, 19
304, 20
304, 21
304, 22
304, 23
304, 24
304, 25
304, 26
304, 27
304, 28
304, 29
304, 30
304, 31
304, 32
304, 33
304, 34
304, 35
304, 36
304, 37
304, 38
