215, 213
215, 214
215, 215
216, 211
216, 212
216, 213
216, 214
216, 215
216, 216
216, 217
216, 218
216, 246
216, 247
216, 248
216, 249
216, 250
216, 251
216, 252
216, 253
217, 211
217, 212
217, 213
217, 214
217, 215
217, 216
217, 217
217, 218
217, 222
217, 223
217, 224
217, 225
217, 245
217, 246
217, 247
217, 248
217, 249
217, 250
217, 251
217, 252
217, 253
217, 254
218, 211
218, 212
218, 213
218, 214
218, 215
218, 216
218, 217
218, 218
218, 219
218, 220
218, 221
218, 222
218, 223
218, 224
218, 225
218, 226
218, 227
218, 240
218, 244
218, 245
218, 246
218, 247
218, 248
218, 249
218, 250
218, 251
218, 252
218, 253
218, 254
219, 211
219, 212
219, 213
219, 214
219, 215
219, 216
219, 217
219, 218
219, 219
219, 220
219, 221
219, 222
219, 223
219, 224
219, 225
219, 226
219, 227
219, 228
219, 229
219, 230
219, 237
219, 238
219, 239
219, 240
219, 241
219, 242
219, 243
219, 244
219, 245
219, 246
219, 247
219, 248
219, 249
219, 250
219, 251
219, 252
219, 253
219, 254
219, 255
220, 210
220, 211
220, 212
220, 213
220, 214
220, 215
220, 216
220, 217
220, 218
220, 219
220, 220
220, 221
220, 222
220, 223
220, 224
220, 225
220, 226
220, 227
220, 228
220, 229
220, 230
220, 231
220, 235
220, 236
220, 237
220, 238
220, 239
220, 240
220, 241
220, 242
220, 243
220, 244
220, 245
220, 246
220, 247
220, 248
220, 249
220, 250
220, 251
220, 252
220, 253
220, 254
220, 255
220, 256
221, 210
221, 211
221, 212
221, 213
221, 214
221, 215
221, 216
221, 217
221, 218
221, 219
221, 220
221, 221
221, 222
221, 223
221, 224
221, 225
221, 226
221, 227
221, 228
221, 229
221, 230
221, 231
221, 232
221, 233
221, 234
221, 235
221, 236
221, 237
221, 238
221, 239
221, 240
221, 241
221, 242
221, 243
221, 244
221, 245
221, 246
221, 247
221, 248
221, 249
221, 250
221, 251
221, 252
221, 253
221, 254
221, 255
221, 256
221, 257
222, 210
222, 211
222, 212
222, 213
222, 214
222, 215
222, 216
222, 217
222, 218
222, 219
222, 220
222, 221
222, 222
222, 223
222, 224
222, 225
222, 226
222, 227
222, 228
222, 229
222, 230
222, 231
222, 232
222, 233
222, 234
222, 235
222, 236
222, 237
222, 238
222, 239
222, 240
222, 241
222, 242
222, 243
222, 244
222, 245
222, 246
222, 247
222, 248
222, 249
222, 250
222, 251
222, 252
222, 253
222, 254
222, 255
222, 256
222, 257
223, 210
223, 211
223, 212
223, 213
223, 214
223, 215
223, 216
223, 217
223, 218
223, 219
223, 220
223, 221
223, 222
223, 223
223, 224
223, 225
223, 226
223, 227
223, 228
223, 229
223, 230
223, 231
223, 232
223, 233
223, 234
223, 235
223, 236
223, 237
223, 238
223, 239
223, 240
223, 241
223, 242
223, 243
223, 244
223, 245
223, 246
223, 247
223, 248
223, 249
223, 250
223, 251
223, 252
223, 253
223, 254
223, 255
223, 256
223, 257
224, 192
224, 193
224, 194
224, 195
224, 210
224, 211
224, 212
224, 213
224, 214
224, 215
224, 216
224, 217
224, 218
224, 219
224, 220
224, 221
224, 222
224, 223
224, 224
224, 225
224, 226
224, 227
224, 228
224, 229
224, 230
224, 231
224, 232
224, 233
224, 234
224, 235
224, 236
224, 237
224, 238
224, 239
224, 240
224, 241
224, 242
224, 243
224, 244
224, 245
224, 246
224, 247
224, 248
224, 249
224, 250
224, 251
224, 252
224, 253
224, 254
224, 255
224, 256
224, 257
224, 258
225, 191
225, 192
225, 193
225, 194
225, 195
225, 196
225, 210
225, 211
225, 212
225, 213
225, 214
225, 215
225, 216
225, 217
225, 218
225, 219
225, 220
225, 221
225, 222
225, 223
225, 224
225, 225
225, 226
225, 227
225, 228
225, 229
225, 230
225, 231
225, 232
225, 233
225, 234
225, 235
225, 236
225, 237
225, 238
225, 239
225, 240
225, 241
225, 242
225, 243
225, 244
225, 245
225, 246
225, 247
225, 248
225, 249
225, 250
225, 251
225, 252
225, 253
225, 254
225, 255
225, 256
225, 257
225, 258
226, 190
226, 191
226, 192
226, 193
226, 194
226, 195
226, 196
226, 210
226, 211
226, 212
226, 213
226, 214
226, 215
226, 216
226, 217
226, 218
226, 219
226, 220
226, 221
226, 222
226, 223
226, 224
226, 225
226, 226
226, 227
226, 228
226, 229
226, 230
226, 231
226, 232
226, 233
226, 234
226, 235
226, 236
226, 237
226, 238
226, 239
226, 240
226, 241
226, 242
226, 243
226, 244
226, 245
226, 246
226, 247
226, 248
226, 249
226, 250
226, 251
226, 252
226, 253
226, 254
226, 255
226, 256
226, 257
226, 258
227, 180
227, 181
227, 182
227, 190
227, 191
227, 192
227, 193
227, 194
227, 195
227, 196
227, 210
227, 211
227, 212
227, 213
227, 214
227, 215
227, 216
227, 217
227, 218
227, 219
227, 220
227, 221
227, 222
227, 223
227, 224
227, 225
227, 226
227, 227
227, 228
227, 229
227, 230
227, 231
227, 232
227, 233
227, 234
227, 235
227, 236
227, 237
227, 238
227, 239
227, 240
227, 241
227, 242
227, 243
227, 244
227, 245
227, 246
227, 247
227, 248
227, 249
227, 250
227, 251
227, 252
227, 253
227, 254
227, 255
227, 256
227, 257
227, 258
228, 179
228, 180
228, 181
228, 182
228, 183
228, 189
228, 190
228, 191
228, 192
228, 193
228, 194
228, 195
228, 196
228, 206
228, 210
228, 211
228, 212
228, 213
228, 214
228, 215
228, 216
228, 217
228, 218
228, 219
228, 220
228, 221
228, 222
228, 223
228, 224
228, 225
228, 226
228, 227
228, 228
228, 229
228, 230
228, 231
228, 232
228, 233
228, 234
228, 235
228, 236
228, 237
228, 238
228, 239
228, 240
228, 241
228, 242
228, 243
228, 244
228, 245
228, 246
228, 247
228, 248
228, 249
228, 250
228, 251
228, 252
228, 253
228, 254
228, 255
228, 256
228, 257
228, 258
228, 259
229, 178
229, 179
229, 180
229, 181
229, 182
229, 183
229, 189
229, 190
229, 191
229, 192
229, 193
229, 194
229, 195
229, 196
229, 197
229, 205
229, 206
229, 210
229, 211
229, 212
229, 213
229, 214
229, 215
229, 216
229, 217
229, 218
229, 219
229, 220
229, 221
229, 222
229, 223
229, 224
229, 225
229, 226
229, 227
229, 228
229, 229
229, 230
229, 231
229, 232
229, 233
229, 234
229, 235
229, 236
229, 237
229, 238
229, 239
229, 240
229, 241
229, 242
229, 243
229, 244
229, 245
229, 246
229, 247
229, 248
229, 249
229, 250
229, 251
229, 252
229, 253
229, 254
229, 255
229, 256
229, 257
229, 258
229, 259
230, 178
230, 179
230, 180
230, 181
230, 182
230, 183
230, 184
230, 187
230, 188
230, 189
230, 190
230, 191
230, 192
230, 193
230, 194
230, 195
230, 196
230, 197
230, 204
230, 205
230, 206
230, 207
230, 208
230, 210
230, 211
230, 212
230, 213
230, 214
230, 215
230, 216
230, 217
230, 218
230, 219
230, 220
230, 221
230, 222
230, 223
230, 224
230, 225
230, 226
230, 227
230, 228
230, 229
230, 230
230, 231
230, 232
230, 233
230, 234
230, 235
230, 236
230, 237
230, 238
230, 239
230, 240
230, 241
230, 242
230, 243
230, 244
230, 245
230, 246
230, 247
230, 248
230, 249
230, 250
230, 251
230, 252
230, 253
230, 254
230, 255
230, 256
230, 257
230, 258
230, 259
231, 178
231, 179
231, 180
231, 181
231, 182
231, 183
231, 184
231, 185
231, 186
231, 187
231, 188
231, 189
231, 190
231, 191
231, 192
231, 193
231, 194
231, 195
231, 196
231, 197
231, 198
231, 199
231, 200
231, 201
231, 202
231, 203
231, 204
231, 205
231, 206
231, 207
231, 208
231, 209
231, 210
231, 211
231, 212
231, 213
231, 214
231, 215
231, 216
231, 217
231, 218
231, 219
231, 220
231, 221
231, 222
231, 223
231, 224
231, 225
231, 226
231, 227
231, 228
231, 229
231, 230
231, 231
231, 232
231, 233
231, 234
231, 235
231, 236
231, 237
231, 238
231, 239
231, 240
231, 241
231, 242
231, 243
231, 244
231, 245
231, 246
231, 247
231, 248
231, 249
231, 250
231, 251
231, 252
231, 253
231, 254
231, 255
231, 256
231, 257
231, 258
231, 259
232, 178
232, 179
232, 180
232, 181
232, 182
232, 183
232, 184
232, 185
232, 186
232, 187
232, 188
232, 189
232, 190
232, 191
232, 192
232, 193
232, 194
232, 195
232, 196
232, 197
232, 198
232, 199
232, 200
232, 201
232, 202
232, 203
232, 204
232, 205
232, 206
232, 207
232, 208
232, 209
232, 210
232, 211
232, 212
232, 213
232, 214
232, 215
232, 216
232, 217
232, 218
232, 219
232, 220
232, 221
232, 222
232, 223
232, 224
232, 225
232, 226
232, 227
232, 228
232, 229
232, 230
232, 231
232, 232
232, 233
232, 234
232, 235
232, 236
232, 237
232, 238
232, 239
232, 240
232, 241
232, 242
232, 243
232, 244
232, 245
232, 246
232, 247
232, 248
232, 249
232, 250
232, 251
232, 252
232, 253
232, 254
232, 255
232, 256
232, 257
232, 258
232, 259
233, 178
233, 179
233, 180
233, 181
233, 182
233, 183
233, 184
233, 185
233, 186
233, 187
233, 188
233, 189
233, 190
233, 191
233, 192
233, 193
233, 194
233, 195
233, 196
233, 197
233, 198
233, 199
233, 200
233, 201
233, 202
233, 203
233, 204
233, 205
233, 206
233, 207
233, 208
233, 209
233, 210
233, 211
233, 212
233, 213
233, 214
233, 215
233, 216
233, 217
233, 218
233, 219
233, 220
233, 221
233, 222
233, 223
233, 224
233, 225
233, 226
233, 227
233, 228
233, 229
233, 230
233, 231
233, 232
233, 233
233, 234
233, 235
233, 236
233, 237
233, 238
233, 239
233, 240
233, 241
233, 242
233, 243
233, 244
233, 245
233, 246
233, 247
233, 248
233, 249
233, 250
233, 251
233, 252
233, 253
233, 254
233, 255
233, 256
233, 257
233, 258
233, 259
234, 178
234, 179
234, 180
234, 181
234, 182
234, 183
234, 184
234, 185
234, 186
234, 187
234, 188
234, 189
234, 190
234, 191
234, 192
234, 193
234, 194
234, 195
234, 196
234, 197
234, 198
234, 199
234, 200
234, 201
234, 202
234, 203
234, 204
234, 205
234, 206
234, 207
234, 208
234, 209
234, 210
234, 211
234, 212
234, 213
234, 214
234, 215
234, 216
234, 217
234, 218
234, 219
234, 220
234, 221
234, 222
234, 223
234, 224
234, 225
234, 226
234, 227
234, 228
234, 229
234, 230
234, 231
234, 232
234, 233
234, 234
234, 235
234, 236
234, 237
234, 238
234, 239
234, 240
234, 241
234, 242
234, 243
234, 244
234, 245
234, 246
234, 247
234, 248
234, 249
234, 250
234, 251
234, 252
234, 253
234, 254
234, 255
234, 256
234, 257
234, 258
234, 259
234, 260
235, 177
235, 178
235, 179
235, 180
235, 181
235, 182
235, 183
235, 184
235, 185
235, 186
235, 187
235, 188
235, 189
235, 190
235, 191
235, 192
235, 193
235, 194
235, 195
235, 196
235, 197
235, 198
235, 199
235, 200
235, 201
235, 202
235, 203
235, 204
235, 205
235, 206
235, 207
235, 208
235, 209
235, 210
235, 211
235, 212
235, 213
235, 214
235, 215
235, 216
235, 217
235, 218
235, 219
235, 220
235, 221
235, 222
235, 223
235, 224
235, 225
235, 226
235, 227
235, 228
235, 229
235, 230
235, 231
235, 232
235, 233
235, 234
235, 235
235, 236
235, 237
235, 238
235, 239
235, 240
235, 241
235, 242
235, 243
235, 244
235, 245
235, 246
235, 247
235, 248
235, 249
235, 250
235, 251
235, 252
235, 253
235, 254
235, 255
235, 256
235, 257
235, 258
235, 259
235, 260
236, 177
236, 178
236, 179
236, 180
236, 181
236, 182
236, 183
236, 184
236, 185
236, 186
236, 187
236, 188
236, 189
236, 190
236, 191
236, 192
236, 193
236, 194
236, 195
236, 196
236, 197
236, 198
236, 199
236, 200
236, 201
236, 202
236, 203
236, 204
236, 205
236, 206
236, 207
236, 208
236, 209
236, 210
236, 211
236, 212
236, 213
236, 214
236, 215
236, 216
236, 217
236, 218
236, 219
236, 220
236, 221
236, 222
236, 223
236, 224
236, 225
236, 226
236, 227
236, 228
236, 229
236, 230
236, 231
236, 232
236, 233
236, 234
236, 235
236, 236
236, 237
236, 238
236, 239
236, 240
236, 241
236, 242
236, 243
236, 244
236, 245
236, 246
236, 247
236, 248
236, 249
236, 250
236, 251
236, 252
236, 253
236, 254
236, 255
236, 256
236, 257
236, 258
236, 259
236, 260
236, 261
237, 177
237, 178
237, 179
237, 180
237, 181
237, 182
237, 183
237, 184
237, 185
237, 186
237, 187
237, 188
237, 189
237, 190
237, 191
237, 192
237, 193
237, 194
237, 195
237, 196
237, 197
237, 198
237, 199
237, 200
237, 201
237, 202
237, 203
237, 204
237, 205
237, 206
237, 207
237, 208
237, 209
237, 210
237, 211
237, 212
237, 213
237, 214
237, 215
237, 216
237, 217
237, 218
237, 219
237, 220
237, 221
237, 222
237, 223
237, 224
237, 225
237, 226
237, 227
237, 228
237, 229
237, 230
237, 231
237, 232
237, 233
237, 234
237, 235
237, 236
237, 237
237, 238
237, 239
237, 240
237, 241
237, 242
237, 243
237, 244
237, 245
237, 246
237, 247
237, 248
237, 249
237, 250
237, 251
237, 252
237, 253
237, 254
237, 255
237, 256
237, 257
237, 258
237, 259
237, 260
237, 261
238, 176
238, 177
238, 178
238, 179
238, 180
238, 181
238, 182
238, 183
238, 184
238, 185
238, 186
238, 187
238, 188
238, 189
238, 190
238, 191
238, 192
238, 193
238, 194
238, 195
238, 196
238, 197
238, 198
238, 199
238, 200
238, 201
238, 202
238, 203
238, 204
238, 205
238, 206
238, 207
238, 208
238, 209
238, 210
238, 211
238, 212
238, 213
238, 214
238, 215
238, 216
238, 217
238, 218
238, 219
238, 220
238, 221
238, 222
238, 223
238, 224
238, 225
238, 226
238, 227
238, 228
238, 229
238, 230
238, 231
238, 232
238, 233
238, 234
238, 235
238, 236
238, 237
238, 238
238, 239
238, 240
238, 241
238, 242
238, 243
238, 244
238, 245
238, 246
238, 247
238, 248
238, 249
238, 250
238, 251
238, 252
238, 253
238, 254
238, 255
238, 256
238, 257
238, 258
238, 259
238, 260
238, 261
238, 262
239, 176
239, 177
239, 178
239, 179
239, 180
239, 181
239, 182
239, 183
239, 184
239, 185
239, 186
239, 187
239, 188
239, 189
239, 190
239, 191
239, 192
239, 193
239, 194
239, 195
239, 196
239, 197
239, 198
239, 199
239, 200
239, 201
239, 202
239, 203
239, 204
239, 205
239, 206
239, 207
239, 208
239, 209
239, 210
239, 211
239, 212
239, 213
239, 214
239, 215
239, 216
239, 217
239, 218
239, 219
239, 220
239, 221
239, 222
239, 223
239, 224
239, 225
239, 226
239, 227
239, 228
239, 229
239, 230
239, 231
239, 232
239, 233
239, 234
239, 235
239, 236
239, 237
239, 238
239, 239
239, 240
239, 241
239, 242
239, 243
239, 244
239, 245
239, 246
239, 247
239, 248
239, 249
239, 250
239, 251
239, 252
239, 253
239, 254
239, 255
239, 256
239, 257
239, 258
239, 259
239, 260
239, 261
239, 262
239, 263
240, 175
240, 176
240, 177
240, 178
240, 179
240, 180
240, 181
240, 182
240, 183
240, 184
240, 185
240, 186
240, 187
240, 188
240, 189
240, 190
240, 191
240, 192
240, 193
240, 194
240, 195
240, 196
240, 197
240, 198
240, 199
240, 200
240, 201
240, 202
240, 203
240, 204
240, 205
240, 206
240, 207
240, 208
240, 209
240, 210
240, 211
240, 212
240, 213
240, 214
240, 215
240, 216
240, 217
240, 218
240, 219
240, 220
240, 221
240, 222
240, 223
240, 224
240, 225
240, 226
240, 227
240, 228
240, 229
240, 230
240, 231
240, 232
240, 233
240, 234
240, 235
240, 236
240, 237
240, 238
240, 239
240, 240
240, 241
240, 242
240, 243
240, 244
240, 245
240, 246
240, 247
240, 248
240, 249
240, 250
240, 251
240, 252
240, 253
240, 254
240, 255
240, 256
240, 257
240, 258
240, 259
240, 260
240, 261
240, 262
240, 263
241, 174
241, 175
241, 176
241, 177
241, 178
241, 179
241, 180
241, 181
241, 182
241, 183
241, 184
241, 185
241, 186
241, 187
241, 188
241, 189
241, 190
241, 191
241, 192
241, 193
241, 194
241, 195
241, 196
241, 197
241, 198
241, 199
241, 200
241, 201
241, 202
241, 203
241, 204
241, 205
241, 206
241, 207
241, 208
241, 209
241, 210
241, 211
241, 212
241, 213
241, 214
241, 215
241, 216
241, 217
241, 218
241, 219
241, 220
241, 221
241, 222
241, 223
241, 224
241, 225
241, 226
241, 227
241, 228
241, 229
241, 230
241, 231
241, 232
241, 233
241, 234
241, 235
241, 236
241, 237
241, 238
241, 239
241, 240
241, 241
241, 242
241, 243
241, 244
241, 245
241, 246
241, 247
241, 248
241, 249
241, 250
241, 251
241, 252
241, 253
241, 254
241, 255
241, 256
241, 257
241, 258
241, 259
241, 260
241, 261
241, 262
241, 263
241, 264
242, 173
242, 174
242, 175
242, 176
242, 177
242, 178
242, 179
242, 180
242, 181
242, 182
242, 183
242, 184
242, 185
242, 186
242, 187
242, 188
242, 189
242, 190
242, 191
242, 192
242, 193
242, 194
242, 195
242, 196
242, 197
242, 198
242, 199
242, 200
242, 201
242, 202
242, 203
242, 204
242, 205
242, 206
242, 207
242, 208
242, 209
242, 210
242, 211
242, 212
242, 213
242, 214
242, 215
242, 216
242, 217
242, 218
242, 219
242, 220
242, 221
242, 222
242, 223
242, 224
242, 225
242, 226
242, 227
242, 228
242, 229
242, 230
242, 231
242, 232
242, 233
242, 234
242, 235
242, 236
242, 237
242, 238
242, 239
242, 240
242, 241
242, 242
242, 243
242, 244
242, 245
242, 246
242, 247
242, 248
242, 249
242, 250
242, 251
242, 252
242, 253
242, 254
242, 255
242, 256
242, 257
242, 258
242, 259
242, 260
242, 261
242, 262
242, 263
242, 264
243, 172
243, 173
243, 174
243, 175
243, 176
243, 177
243, 178
243, 179
243, 180
243, 181
243, 182
243, 183
243, 184
243, 185
243, 186
243, 187
243, 188
243, 189
243, 190
243, 191
243, 192
243, 193
243, 194
243, 195
243, 196
243, 197
243, 198
243, 199
243, 200
243, 201
243, 202
243, 203
243, 204
243, 205
243, 206
243, 207
243, 208
243, 209
243, 210
243, 211
243, 212
243, 213
243, 214
243, 215
243, 216
243, 217
243, 218
243, 219
243, 220
243, 221
243, 222
243, 223
243, 224
243, 225
243, 226
243, 227
243, 228
243, 229
243, 230
243, 231
243, 232
243, 233
243, 234
243, 235
243, 236
243, 237
243, 238
243, 239
243, 240
243, 241
243, 242
243, 243
243, 244
243, 245
243, 246
243, 247
243, 248
243, 249
243, 250
243, 251
243, 252
243, 253
243, 254
243, 255
243, 256
243, 257
243, 258
243, 259
243, 260
243, 261
243, 262
243, 263
243, 264
244, 172
244, 173
244, 174
244, 175
244, 176
244, 177
244, 178
244, 179
244, 180
244, 181
244, 182
244, 183
244, 184
244, 185
244, 186
244, 187
244, 188
244, 189
244, 190
244, 191
244, 192
244, 193
244, 194
244, 195
244, 196
244, 197
244, 198
244, 199
244, 200
244, 201
244, 202
244, 203
244, 204
244, 205
244, 206
244, 207
244, 208
244, 209
244, 210
244, 211
244, 212
244, 213
244, 214
244, 215
244, 216
244, 217
244, 218
244, 219
244, 220
244, 221
244, 222
244, 223
244, 224
244, 225
244, 226
244, 227
244, 228
244, 229
244, 230
244, 231
244, 232
244, 233
244, 234
244, 235
244, 236
244, 237
244, 238
244, 239
244, 240
244, 241
244, 242
244, 243
244, 244
244, 245
244, 246
244, 247
244, 248
244, 249
244, 250
244, 251
244, 252
244, 253
244, 254
244, 255
244, 256
244, 257
244, 258
244, 259
244, 260
244, 261
244, 262
244, 263
244, 264
245, 172
245, 173
245, 174
245, 175
245, 176
245, 177
245, 178
245, 179
245, 180
245, 181
245, 182
245, 183
245, 184
245, 185
245, 186
245, 187
245, 188
245, 189
245, 190
245, 191
245, 192
245, 193
245, 194
245, 195
245, 196
245, 197
245, 198
245, 199
245, 200
245, 201
245, 202
245, 203
245, 204
245, 205
245, 206
245, 207
245, 208
245, 209
245, 210
245, 211
245, 212
245, 213
245, 214
245, 215
245, 216
245, 217
245, 218
245, 219
245, 220
245, 221
245, 222
245, 223
245, 224
245, 225
245, 226
245, 227
245, 228
245, 229
245, 230
245, 231
245, 232
245, 233
245, 234
245, 235
245, 236
245, 237
245, 238
245, 239
245, 240
245, 241
245, 242
245, 243
245, 244
245, 245
245, 246
245, 247
245, 248
245, 249
245, 250
245, 251
245, 252
245, 253
245, 254
245, 255
245, 256
245, 257
245, 258
245, 259
245, 260
245, 261
245, 262
245, 263
245, 264
246, 172
246, 173
246, 174
246, 175
246, 176
246, 177
246, 178
246, 179
246, 180
246, 181
246, 182
246, 183
246, 184
246, 185
246, 186
246, 187
246, 188
246, 189
246, 190
246, 191
246, 192
246, 193
246, 194
246, 195
246, 196
246, 197
246, 198
246, 199
246, 200
246, 201
246, 202
246, 203
246, 204
246, 205
246, 206
246, 207
246, 208
246, 209
246, 210
246, 211
246, 212
246, 213
246, 214
246, 215
246, 216
246, 217
246, 218
246, 219
246, 220
246, 221
246, 222
246, 223
246, 224
246, 225
246, 226
246, 227
246, 228
246, 229
246, 230
246, 231
246, 232
246, 233
246, 234
246, 235
246, 236
246, 237
246, 238
246, 239
246, 240
246, 241
246, 242
246, 243
246, 244
246, 245
246, 246
246, 247
246, 248
246, 249
246, 250
246, 251
246, 252
246, 253
246, 254
246, 255
246, 256
246, 257
246, 258
246, 259
246, 260
246, 261
246, 262
246, 263
246, 264
247, 172
247, 173
247, 174
247, 175
247, 176
247, 177
247, 178
247, 179
247, 180
247, 181
247, 182
247, 183
247, 184
247, 185
247, 186
247, 187
247, 188
247, 189
247, 190
247, 191
247, 192
247, 193
247, 194
247, 195
247, 196
247, 197
247, 198
247, 199
247, 200
247, 201
247, 202
247, 203
247, 204
247, 205
247, 206
247, 207
247, 208
247, 209
247, 210
247, 211
247, 212
247, 213
247, 214
247, 215
247, 216
247, 217
247, 218
247, 219
247, 220
247, 221
247, 222
247, 223
247, 224
247, 225
247, 226
247, 227
247, 228
247, 229
247, 230
247, 231
247, 232
247, 233
247, 234
247, 235
247, 236
247, 237
247, 238
247, 239
247, 240
247, 241
247, 242
247, 243
247, 244
247, 245
247, 246
247, 247
247, 248
247, 249
247, 250
247, 251
247, 252
247, 253
247, 254
247, 255
247, 256
247, 257
247, 258
247, 259
247, 260
247, 261
247, 262
247, 263
247, 264
248, 172
248, 173
248, 174
248, 175
248, 176
248, 177
248, 178
248, 179
248, 180
248, 181
248, 182
248, 183
248, 184
248, 185
248, 186
248, 187
248, 188
248, 189
248, 190
248, 191
248, 192
248, 193
248, 194
248, 195
248, 196
248, 197
248, 198
248, 199
248, 200
248, 201
248, 202
248, 203
248, 204
248, 205
248, 206
248, 207
248, 208
248, 209
248, 210
248, 211
248, 212
248, 213
248, 214
248, 215
248, 216
248, 217
248, 218
248, 219
248, 220
248, 221
248, 222
248, 223
248, 224
248, 225
248, 226
248, 227
248, 228
248, 229
248, 230
248, 231
248, 232
248, 233
248, 234
248, 235
248, 236
248, 237
248, 238
248, 239
248, 240
248, 241
248, 242
248, 243
248, 244
248, 245
248, 246
248, 247
248, 248
248, 249
248, 250
248, 251
248, 252
248, 253
248, 254
248, 255
248, 256
248, 257
248, 258
248, 259
248, 260
248, 261
248, 262
248, 263
248, 264
249, 172
249, 173
249, 174
249, 175
249, 176
249, 177
249, 178
249, 179
249, 180
249, 181
249, 182
249, 183
249, 184
249, 185
249, 186
249, 187
249, 188
249, 189
249, 190
249, 191
249, 192
249, 193
249, 194
249, 195
249, 196
249, 197
249, 198
249, 199
249, 200
249, 201
249, 202
249, 203
249, 204
249, 205
249, 206
249, 207
249, 208
249, 209
249, 210
249, 211
249, 212
249, 213
249, 214
249, 215
249, 216
249, 217
249, 218
249, 219
249, 220
249, 221
249, 222
249, 223
249, 224
249, 225
249, 226
249, 227
249, 228
249, 229
249, 230
249, 231
249, 232
249, 233
249, 234
249, 235
249, 236
249, 237
249, 238
249, 239
249, 240
249, 241
249, 242
249, 243
249, 244
249, 245
249, 246
249, 247
249, 248
249, 249
249, 250
249, 251
249, 252
249, 253
249, 254
249, 255
249, 256
249, 257
249, 258
249, 259
249, 260
249, 261
249, 262
249, 263
249, 264
250, 172
250, 173
250, 174
250, 175
250, 176
250, 177
250, 178
250, 179
250, 180
250, 181
250, 182
250, 183
250, 184
250, 185
250, 186
250, 187
250, 188
250, 189
250, 190
250, 191
250, 192
250, 193
250, 194
250, 195
250, 196
250, 197
250, 198
250, 199
250, 200
250, 201
250, 202
250, 203
250, 204
250, 205
250, 206
250, 207
250, 208
250, 209
250, 210
250, 211
250, 212
250, 213
250, 214
250, 215
250, 216
250, 217
250, 218
250, 219
250, 220
250, 221
250, 222
250, 223
250, 224
250, 225
250, 226
250, 227
250, 228
250, 229
250, 230
250, 231
250, 232
250, 233
250, 234
250, 235
250, 236
250, 237
250, 238
250, 239
250, 240
250, 241
250, 242
250, 243
250, 244
250, 245
250, 246
250, 247
250, 248
250, 249
250, 250
250, 251
250, 252
250, 253
250, 254
250, 255
250, 256
250, 257
250, 258
250, 259
250, 260
250, 261
250, 262
250, 263
250, 264
251, 171
251, 172
251, 173
251, 174
251, 175
251, 176
251, 177
251, 178
251, 179
251, 180
251, 181
251, 182
251, 183
251, 184
251, 185
251, 186
251, 187
251, 188
251, 189
251, 190
251, 191
251, 192
251, 193
251, 194
251, 195
251, 196
251, 197
251, 198
251, 199
251, 200
251, 201
251, 202
251, 203
251, 204
251, 205
251, 206
251, 207
251, 208
251, 209
251, 210
251, 211
251, 212
251, 213
251, 214
251, 215
251, 216
251, 217
251, 218
251, 219
251, 220
251, 221
251, 222
251, 223
251, 224
251, 225
251, 226
251, 227
251, 228
251, 229
251, 230
251, 231
251, 232
251, 233
251, 234
251, 235
251, 236
251, 237
251, 238
251, 239
251, 240
251, 241
251, 242
251, 243
251, 244
251, 245
251, 246
251, 247
251, 248
251, 249
251, 250
251, 251
251, 252
251, 253
251, 254
251, 255
251, 256
251, 257
251, 258
251, 259
251, 260
251, 261
251, 262
251, 263
251, 264
252, 171
252, 172
252, 173
252, 174
252, 175
252, 176
252, 177
252, 178
252, 179
252, 180
252, 181
252, 182
252, 183
252, 184
252, 185
252, 186
252, 187
252, 188
252, 189
252, 190
252, 191
252, 192
252, 193
252, 194
252, 195
252, 196
252, 197
252, 198
252, 199
252, 200
252, 201
252, 202
252, 203
252, 204
252, 205
252, 206
252, 207
252, 208
252, 209
252, 210
252, 211
252, 212
252, 213
252, 214
252, 215
252, 216
252, 217
252, 218
252, 219
252, 220
252, 221
252, 222
252, 223
252, 224
252, 225
252, 226
252, 227
252, 228
252, 229
252, 230
252, 231
252, 232
252, 233
252, 234
252, 235
252, 236
252, 237
252, 238
252, 239
252, 240
252, 241
252, 242
252, 243
252, 244
252, 245
252, 246
252, 247
252, 248
252, 249
252, 250
252, 251
252, 252
252, 253
252, 254
252, 255
252, 256
252, 257
252, 258
252, 259
252, 260
252, 261
252, 262
252, 263
252, 264
253, 171
253, 172
253, 173
253, 174
253, 175
253, 176
253, 177
253, 178
253, 179
253, 180
253, 181
253, 182
253, 183
253, 184
253, 185
253, 186
253, 187
253, 188
253, 189
253, 190
253, 191
253, 192
253, 193
253, 194
253, 195
253, 196
253, 197
253, 198
253, 199
253, 200
253, 201
253, 202
253, 203
253, 204
253, 205
253, 206
253, 207
253, 208
253, 209
253, 210
253, 211
253, 212
253, 213
253, 214
253, 215
253, 216
253, 217
253, 218
253, 219
253, 220
253, 221
253, 222
253, 223
253, 224
253, 225
253, 226
253, 227
253, 228
253, 229
253, 230
253, 231
253, 232
253, 233
253, 234
253, 235
253, 236
253, 237
253, 238
253, 239
253, 240
253, 241
253, 242
253, 243
253, 244
253, 245
253, 246
253, 247
253, 248
253, 249
253, 250
253, 251
253, 252
253, 253
253, 254
253, 255
253, 256
253, 257
253, 258
253, 259
253, 260
253, 261
253, 262
253, 263
253, 264
254, 171
254, 172
254, 173
254, 174
254, 175
254, 176
254, 177
254, 178
254, 179
254, 180
254, 181
254, 182
254, 183
254, 184
254, 185
254, 186
254, 187
254, 188
254, 189
254, 190
254, 191
254, 192
254, 193
254, 194
254, 195
254, 196
254, 197
254, 198
254, 199
254, 200
254, 201
254, 202
254, 203
254, 204
254, 205
254, 206
254, 207
254, 208
254, 209
254, 210
254, 211
254, 212
254, 213
254, 214
254, 215
254, 216
254, 217
254, 218
254, 219
254, 220
254, 221
254, 222
254, 223
254, 224
254, 225
254, 226
254, 227
254, 228
254, 229
254, 230
254, 231
254, 232
254, 233
254, 234
254, 235
254, 236
254, 237
254, 238
254, 239
254, 240
254, 241
254, 242
254, 243
254, 244
254, 245
254, 246
254, 247
254, 248
254, 249
254, 250
254, 251
254, 252
254, 253
254, 254
254, 255
254, 256
254, 257
254, 258
254, 259
254, 260
254, 261
254, 262
254, 263
254, 264
255, 171
255, 172
255, 173
255, 174
255, 175
255, 176
255, 177
255, 178
255, 179
255, 180
255, 181
255, 182
255, 183
255, 184
255, 185
255, 186
255, 187
255, 188
255, 189
255, 190
255, 191
255, 192
255, 193
255, 194
255, 195
255, 196
255, 197
255, 198
255, 199
255, 200
255, 201
255, 202
255, 203
255, 204
255, 205
255, 206
255, 207
255, 208
255, 209
255, 210
255, 211
255, 212
255, 213
255, 214
255, 215
255, 216
255, 217
255, 218
255, 219
255, 220
255, 221
255, 222
255, 223
255, 224
255, 225
255, 226
255, 227
255, 228
255, 229
255, 230
255, 231
255, 232
255, 233
255, 234
255, 235
255, 236
255, 237
255, 238
255, 239
255, 240
255, 241
255, 242
255, 243
255, 244
255, 245
255, 246
255, 247
255, 248
255, 249
255, 250
255, 251
255, 252
255, 253
255, 254
255, 255
255, 256
255, 257
255, 258
255, 259
255, 260
255, 261
255, 262
255, 263
255, 264
256, 171
256, 172
256, 173
256, 174
256, 175
256, 176
256, 177
256, 178
256, 179
256, 180
256, 181
256, 182
256, 183
256, 184
256, 185
256, 186
256, 187
256, 188
256, 189
256, 190
256, 191
256, 192
256, 193
256, 194
256, 195
256, 196
256, 197
256, 198
256, 199
256, 200
256, 201
256, 202
256, 203
256, 204
256, 205
256, 206
256, 207
256, 208
256, 209
256, 210
256, 211
256, 212
256, 213
256, 214
256, 215
256, 216
256, 217
256, 218
256, 219
256, 220
256, 221
256, 222
256, 223
256, 224
256, 225
256, 226
256, 227
256, 228
256, 229
256, 230
256, 231
256, 232
256, 233
256, 234
256, 235
256, 236
256, 237
256, 238
256, 239
256, 240
256, 241
256, 242
256, 243
256, 244
256, 245
256, 246
256, 247
256, 248
256, 249
256, 250
256, 251
256, 252
256, 253
256, 254
256, 255
256, 256
256, 257
256, 258
256, 259
256, 260
256, 261
256, 262
256, 263
256, 264
257, 171
257, 172
257, 173
257, 174
257, 175
257, 176
257, 177
257, 178
257, 179
257, 180
257, 181
257, 182
257, 183
257, 184
257, 185
257, 186
257, 187
257, 188
257, 189
257, 190
257, 191
257, 192
257, 193
257, 194
257, 195
257, 196
257, 197
257, 198
257, 199
257, 200
257, 201
257, 202
257, 203
257, 204
257, 205
257, 206
257, 207
257, 208
257, 209
257, 210
257, 211
257, 212
257, 213
257, 214
257, 215
257, 216
257, 217
257, 218
257, 219
257, 220
257, 221
257, 222
257, 223
257, 224
257, 225
257, 226
257, 227
257, 228
257, 229
257, 230
257, 231
257, 232
257, 233
257, 234
257, 235
257, 236
257, 237
257, 238
257, 239
257, 240
257, 241
257, 242
257, 243
257, 244
257, 245
257, 246
257, 247
257, 248
257, 249
257, 250
257, 251
257, 252
257, 253
257, 254
257, 255
257, 256
257, 257
257, 258
257, 259
257, 260
257, 261
257, 262
257, 263
257, 264
258, 171
258, 172
258, 173
258, 174
258, 175
258, 176
258, 177
258, 178
258, 179
258, 180
258, 181
258, 182
258, 183
258, 184
258, 185
258, 186
258, 187
258, 188
258, 189
258, 190
258, 191
258, 192
258, 193
258, 194
258, 195
258, 196
258, 197
258, 198
258, 199
258, 200
258, 201
258, 202
258, 203
258, 204
258, 205
258, 206
258, 207
258, 208
258, 209
258, 210
258, 211
258, 212
258, 213
258, 214
258, 215
258, 216
258, 217
258, 218
258, 219
258, 220
258, 221
258, 222
258, 223
258, 224
258, 225
258, 226
258, 227
258, 228
258, 229
258, 230
258, 231
258, 232
258, 233
258, 234
258, 235
258, 236
258, 237
258, 238
258, 239
258, 240
258, 241
258, 242
258, 243
258, 244
258, 245
258, 246
258, 247
258, 248
258, 249
258, 250
258, 251
258, 252
258, 253
258, 254
258, 255
258, 256
258, 257
258, 258
258, 259
258, 260
258, 261
258, 262
258, 263
258, 264
259, 171
259, 172
259, 173
259, 174
259, 175
259, 176
259, 177
259, 178
259, 179
259, 180
259, 181
259, 182
259, 183
259, 184
259, 185
259, 186
259, 187
259, 188
259, 189
259, 190
259, 191
259, 192
259, 193
259, 194
259, 195
259, 196
259, 197
259, 198
259, 199
259, 200
259, 201
259, 202
259, 203
259, 204
259, 205
259, 206
259, 207
259, 208
259, 209
259, 210
259, 211
259, 212
259, 213
259, 214
259, 215
259, 216
259, 217
259, 218
259, 219
259, 220
259, 221
259, 222
259, 223
259, 224
259, 225
259, 226
259, 227
259, 228
259, 229
259, 230
259, 231
259, 232
259, 233
259, 234
259, 235
259, 236
259, 237
259, 238
259, 239
259, 240
259, 241
259, 242
259, 243
259, 244
259, 245
259, 246
259, 247
259, 248
259, 249
259, 250
259, 251
259, 252
259, 253
259, 254
259, 255
259, 256
259, 257
259, 258
259, 259
259, 260
259, 261
259, 262
259, 263
259, 264
260, 171
260, 172
260, 173
260, 174
260, 175
260, 176
260, 177
260, 178
260, 179
260, 180
260, 181
260, 182
260, 183
260, 184
260, 185
260, 186
260, 187
260, 188
260, 189
260, 190
260, 191
260, 192
260, 193
260, 194
260, 195
260, 196
260, 197
260, 198
260, 199
260, 200
260, 201
260, 202
260, 203
260, 204
260, 205
260, 206
260, 207
260, 208
260, 209
260, 210
260, 211
260, 212
260, 213
260, 214
260, 215
260, 216
260, 217
260, 218
260, 219
260, 220
260, 221
260, 222
260, 223
260, 224
260, 225
260, 226
260, 227
260, 228
260, 229
260, 230
260, 231
260, 232
260, 233
260, 234
260, 235
260, 236
260, 237
260, 238
260, 239
260, 240
260, 241
260, 242
260, 243
260, 244
260, 245
260, 246
260, 247
260, 248
260, 249
260, 250
260, 251
260, 252
260, 253
260, 254
260, 255
260, 256
260, 257
260, 258
260, 259
260, 260
260, 261
260, 262
260, 263
260, 264
261, 170
261, 171
261, 172
261, 173
261, 174
261, 175
261, 176
261, 177
261, 178
261, 179
261, 180
261, 181
261, 182
261, 183
261, 184
261, 185
261, 186
261, 187
261, 188
261, 189
261, 190
261, 191
261, 192
261, 193
261, 194
261, 195
261, 196
261, 197
261, 198
261, 199
261, 200
261, 201
261, 202
261, 203
261, 204
261, 205
261, 206
261, 207
261, 208
261, 209
261, 210
261, 211
261, 212
261, 213
261, 214
261, 215
261, 216
261, 217
261, 218
261, 219
261, 220
261, 221
261, 222
261, 223
261, 224
261, 225
261, 226
261, 227
261, 228
261, 229
261, 230
261, 231
261, 232
261, 233
261, 234
261, 235
261, 236
261, 237
261, 238
261, 239
261, 240
261, 241
261, 242
261, 243
261, 244
261, 245
261, 246
261, 247
261, 248
261, 249
261, 250
261, 251
261, 252
261, 253
261, 254
261, 255
261, 256
261, 257
261, 258
261, 259
261, 260
261, 261
261, 262
261, 263
261, 264
262, 170
262, 171
262, 172
262, 173
262, 174
262, 175
262, 176
262, 177
262, 178
262, 179
262, 180
262, 181
262, 182
262, 183
262, 184
262, 185
262, 186
262, 187
262, 188
262, 189
262, 190
262, 191
262, 192
262, 193
262, 194
262, 195
262, 196
262, 197
262, 198
262, 199
262, 200
262, 201
262, 202
262, 203
262, 204
262, 205
262, 206
262, 207
262, 208
262, 209
262, 210
262, 211
262, 212
262, 213
262, 214
262, 215
262, 216
262, 217
262, 218
262, 219
262, 220
262, 221
262, 222
262, 223
262, 224
262, 225
262, 226
262, 227
262, 228
262, 229
262, 230
262, 231
262, 232
262, 233
262, 234
262, 235
262, 236
262, 237
262, 238
262, 239
262, 240
262, 241
262, 242
262, 243
262, 244
262, 245
262, 246
262, 247
262, 248
262, 249
262, 250
262, 251
262, 252
262, 253
262, 254
262, 255
262, 256
262, 257
262, 258
262, 259
262, 260
262, 261
262, 262
262, 263
262, 264
262, 265
263, 170
263, 171
263, 172
263, 173
263, 174
263, 175
263, 176
263, 177
263, 178
263, 179
263, 180
263, 181
263, 182
263, 183
263, 184
263, 185
263, 186
263, 187
263, 188
263, 189
263, 190
263, 191
263, 192
263, 193
263, 194
263, 195
263, 196
263, 197
263, 198
263, 199
263, 200
263, 201
263, 202
263, 203
263, 204
263, 205
263, 206
263, 207
263, 208
263, 209
263, 210
263, 211
263, 212
263, 213
263, 214
263, 215
263, 216
263, 217
263, 218
263, 219
263, 220
263, 221
263, 222
263, 223
263, 224
263, 225
263, 226
263, 227
263, 228
263, 229
263, 230
263, 231
263, 232
263, 233
263, 234
263, 235
263, 236
263, 237
263, 238
263, 239
263, 240
263, 241
263, 242
263, 243
263, 244
263, 245
263, 246
263, 247
263, 248
263, 249
263, 250
263, 251
263, 252
263, 253
263, 254
263, 255
263, 256
263, 257
263, 258
263, 259
263, 260
263, 261
263, 262
263, 263
263, 264
263, 265
264, 170
264, 171
264, 172
264, 173
264, 174
264, 175
264, 176
264, 177
264, 178
264, 179
264, 180
264, 181
264, 182
264, 183
264, 184
264, 185
264, 186
264, 187
264, 188
264, 189
264, 190
264, 191
264, 192
264, 193
264, 194
264, 195
264, 196
264, 197
264, 198
264, 199
264, 200
264, 201
264, 202
264, 203
264, 204
264, 205
264, 206
264, 207
264, 208
264, 209
264, 210
264, 211
264, 212
264, 213
264, 214
264, 215
264, 216
264, 217
264, 218
264, 219
264, 220
264, 221
264, 222
264, 223
264, 224
264, 225
264, 226
264, 227
264, 228
264, 229
264, 230
264, 231
264, 232
264, 233
264, 234
264, 235
264, 236
264, 237
264, 238
264, 239
264, 240
264, 241
264, 242
264, 243
264, 244
264, 245
264, 246
264, 247
264, 248
264, 249
264, 250
264, 251
264, 252
264, 253
264, 254
264, 255
264, 256
264, 257
264, 258
264, 259
264, 260
264, 261
264, 262
264, 263
264, 264
265, 170
265, 171
265, 172
265, 173
265, 174
265, 175
265, 176
265, 177
265, 178
265, 179
265, 180
265, 181
265, 182
265, 183
265, 184
265, 185
265, 186
265, 187
265, 188
265, 189
265, 190
265, 191
265, 192
265, 193
265, 194
265, 195
265, 196
265, 197
265, 198
265, 199
265, 200
265, 201
265, 202
265, 203
265, 204
265, 205
265, 206
265, 207
265, 208
265, 209
265, 210
265, 211
265, 212
265, 213
265, 214
265, 215
265, 216
265, 217
265, 218
265, 219
265, 220
265, 221
265, 222
265, 223
265, 224
265, 225
265, 226
265, 227
265, 228
265, 229
265, 230
265, 231
265, 232
265, 233
265, 234
265, 235
265, 236
265, 237
265, 238
265, 239
265, 240
265, 241
265, 242
265, 243
265, 244
265, 245
265, 246
265, 247
265, 248
265, 249
265, 250
265, 251
265, 252
265, 253
265, 254
265, 255
265, 256
265, 257
265, 258
265, 259
265, 260
265, 261
265, 262
265, 263
265, 264
266, 170
266, 171
266, 172
266, 173
266, 174
266, 175
266, 176
266, 177
266, 178
266, 179
266, 180
266, 181
266, 182
266, 183
266, 184
266, 185
266, 186
266, 187
266, 188
266, 189
266, 190
266, 191
266, 192
266, 193
266, 194
266, 195
266, 196
266, 197
266, 198
266, 199
266, 200
266, 201
266, 202
266, 203
266, 204
266, 205
266, 206
266, 207
266, 208
266, 209
266, 210
266, 211
266, 212
266, 213
266, 214
266, 215
266, 216
266, 217
266, 218
266, 219
266, 220
266, 221
266, 222
266, 223
266, 224
266, 225
266, 226
266, 227
266, 228
266, 229
266, 230
266, 231
266, 232
266, 233
266, 234
266, 235
266, 236
266, 237
266, 238
266, 239
266, 240
266, 241
266, 242
266, 243
266, 244
266, 245
266, 246
266, 247
266, 248
266, 249
266, 250
266, 251
266, 252
266, 253
266, 254
266, 255
266, 256
266, 257
266, 258
266, 259
266, 260
266, 261
266, 262
266, 263
266, 264
267, 170
267, 171
267, 172
267, 173
267, 174
267, 175
267, 176
267, 177
267, 178
267, 179
267, 180
267, 181
267, 182
267, 183
267, 184
267, 185
267, 186
267, 187
267, 188
267, 189
267, 190
267, 191
267, 192
267, 193
267, 194
267, 195
267, 196
267, 197
267, 198
267, 199
267, 200
267, 201
267, 202
267, 203
267, 204
267, 205
267, 206
267, 207
267, 208
267, 209
267, 210
267, 211
267, 212
267, 213
267, 214
267, 215
267, 216
267, 217
267, 218
267, 219
267, 220
267, 221
267, 222
267, 223
267, 224
267, 225
267, 226
267, 227
267, 228
267, 229
267, 230
267, 231
267, 232
267, 233
267, 234
267, 235
267, 236
267, 237
267, 238
267, 239
267, 240
267, 241
267, 242
267, 243
267, 244
267, 245
267, 246
267, 247
267, 248
267, 249
267, 250
267, 251
267, 252
267, 253
267, 254
267, 255
267, 256
267, 257
267, 258
267, 259
267, 260
267, 261
267, 262
267, 263
267, 264
268, 170
268, 171
268, 172
268, 173
268, 174
268, 175
268, 176
268, 177
268, 178
268, 179
268, 180
268, 181
268, 182
268, 183
268, 184
268, 185
268, 186
268, 187
268, 188
268, 189
268, 190
268, 191
268, 192
268, 193
268, 194
268, 195
268, 196
268, 197
268, 198
268, 199
268, 200
268, 201
268, 202
268, 203
268, 204
268, 205
268, 206
268, 207
268, 208
268, 209
268, 210
268, 211
268, 212
268, 213
268, 214
268, 215
268, 216
268, 217
268, 218
268, 219
268, 220
268, 221
268, 222
268, 223
268, 224
268, 225
268, 226
268, 227
268, 228
268, 229
268, 230
268, 231
268, 232
268, 233
268, 234
268, 235
268, 236
268, 237
268, 238
268, 239
268, 240
268, 241
268, 242
268, 243
268, 244
268, 245
268, 246
268, 247
268, 248
268, 249
268, 250
268, 251
268, 252
268, 253
268, 254
268, 255
268, 256
268, 257
268, 258
268, 259
268, 260
268, 261
268, 262
268, 263
268, 264
269, 170
269, 171
269, 172
269, 173
269, 174
269, 175
269, 176
269, 177
269, 178
269, 179
269, 180
269, 181
269, 182
269, 183
269, 184
269, 185
269, 186
269, 187
269, 188
269, 189
269, 190
269, 191
269, 192
269, 193
269, 194
269, 195
269, 196
269, 197
269, 198
269, 199
269, 200
269, 201
269, 202
269, 203
269, 204
269, 205
269, 206
269, 207
269, 208
269, 209
269, 210
269, 211
269, 212
269, 213
269, 214
269, 215
269, 216
269, 217
269, 218
269, 219
269, 220
269, 221
269, 222
269, 223
269, 224
269, 225
269, 226
269, 227
269, 228
269, 229
269, 230
269, 231
269, 232
269, 233
269, 234
269, 235
269, 236
269, 237
269, 238
269, 239
269, 240
269, 241
269, 242
269, 243
269, 244
269, 245
269, 246
269, 247
269, 248
269, 249
269, 250
269, 251
269, 252
269, 253
269, 254
269, 255
269, 256
269, 257
269, 258
269, 259
269, 260
269, 261
269, 262
269, 263
269, 264
270, 170
270, 171
270, 172
270, 173
270, 174
270, 175
270, 176
270, 177
270, 178
270, 179
270, 180
270, 181
270, 182
270, 183
270, 184
270, 185
270, 186
270, 187
270, 188
270, 189
270, 190
270, 191
270, 192
270, 193
270, 194
270, 195
270, 196
270, 197
270, 198
270, 199
270, 200
270, 201
270, 202
270, 203
270, 204
270, 205
270, 206
270, 207
270, 208
270, 209
270, 210
270, 211
270, 212
270, 213
270, 214
270, 215
270, 216
270, 217
270, 218
270, 219
270, 220
270, 221
270, 222
270, 223
270, 224
270, 225
270, 226
270, 227
270, 228
270, 229
270, 230
270, 231
270, 232
270, 233
270, 234
270, 235
270, 236
270, 237
270, 238
270, 239
270, 240
270, 241
270, 242
270, 243
270, 244
270, 245
270, 246
270, 247
270, 248
270, 249
270, 250
270, 251
270, 252
270, 253
270, 254
270, 255
270, 256
270, 257
270, 258
270, 259
270, 260
270, 261
270, 262
270, 263
270, 264
270, 265
271, 170
271, 171
271, 172
271, 173
271, 174
271, 175
271, 176
271, 177
271, 178
271, 179
271, 180
271, 181
271, 182
271, 183
271, 184
271, 185
271, 186
271, 187
271, 188
271, 189
271, 190
271, 191
271, 192
271, 193
271, 194
271, 195
271, 196
271, 197
271, 198
271, 199
271, 200
271, 201
271, 202
271, 203
271, 204
271, 205
271, 206
271, 207
271, 208
271, 209
271, 210
271, 211
271, 212
271, 213
271, 214
271, 215
271, 216
271, 217
271, 218
271, 219
271, 220
271, 221
271, 222
271, 223
271, 224
271, 225
271, 226
271, 227
271, 228
271, 229
271, 230
271, 231
271, 232
271, 233
271, 234
271, 235
271, 236
271, 237
271, 238
271, 239
271, 240
271, 241
271, 242
271, 243
271, 244
271, 245
271, 246
271, 247
271, 248
271, 249
271, 250
271, 251
271, 252
271, 253
271, 254
271, 255
271, 256
271, 257
271, 258
271, 259
271, 260
271, 261
271, 262
271, 263
271, 264
271, 265
272, 170
272, 171
272, 172
272, 173
272, 174
272, 175
272, 176
272, 177
272, 178
272, 179
272, 180
272, 181
272, 182
272, 183
272, 184
272, 185
272, 186
272, 187
272, 188
272, 189
272, 190
272, 191
272, 192
272, 193
272, 194
272, 195
272, 196
272, 197
272, 198
272, 199
272, 200
272, 201
272, 202
272, 203
272, 204
272, 205
272, 206
272, 207
272, 208
272, 209
272, 210
272, 211
272, 212
272, 213
272, 214
272, 215
272, 216
272, 217
272, 218
272, 219
272, 220
272, 221
272, 222
272, 223
272, 224
272, 225
272, 226
272, 227
272, 228
272, 229
272, 230
272, 231
272, 232
272, 233
272, 234
272, 235
272, 236
272, 237
272, 238
272, 239
272, 240
272, 241
272, 242
272, 243
272, 244
272, 245
272, 246
272, 247
272, 248
272, 249
272, 250
272, 251
272, 252
272, 253
272, 254
272, 255
272, 256
272, 257
272, 258
272, 259
272, 260
272, 261
272, 262
272, 263
272, 264
272, 265
273, 170
273, 171
273, 172
273, 173
273, 174
273, 175
273, 176
273, 177
273, 178
273, 179
273, 180
273, 181
273, 182
273, 183
273, 184
273, 185
273, 186
273, 187
273, 188
273, 189
273, 190
273, 191
273, 192
273, 193
273, 194
273, 195
273, 196
273, 197
273, 198
273, 199
273, 200
273, 201
273, 202
273, 203
273, 204
273, 205
273, 206
273, 207
273, 208
273, 209
273, 210
273, 211
273, 212
273, 213
273, 214
273, 215
273, 216
273, 217
273, 218
273, 219
273, 220
273, 221
273, 222
273, 223
273, 224
273, 225
273, 226
273, 227
273, 228
273, 229
273, 230
273, 231
273, 232
273, 233
273, 234
273, 235
273, 236
273, 237
273, 238
273, 239
273, 240
273, 241
273, 242
273, 243
273, 244
273, 245
273, 246
273, 247
273, 248
273, 249
273, 250
273, 251
273, 252
273, 253
273, 254
273, 255
273, 256
273, 257
273, 258
273, 259
273, 260
273, 261
273, 262
273, 263
273, 264
273, 265
274, 170
274, 171
274, 172
274, 173
274, 174
274, 175
274, 176
274, 177
274, 178
274, 179
274, 180
274, 181
274, 182
274, 183
274, 184
274, 185
274, 186
274, 187
274, 188
274, 189
274, 190
274, 191
274, 192
274, 193
274, 194
274, 195
274, 196
274, 197
274, 198
274, 199
274, 200
274, 201
274, 202
274, 203
274, 204
274, 205
274, 206
274, 207
274, 208
274, 209
274, 210
274, 211
274, 212
274, 213
274, 214
274, 215
274, 216
274, 217
274, 218
274, 219
274, 220
274, 221
274, 222
274, 223
274, 224
274, 225
274, 226
274, 227
274, 228
274, 229
274, 230
274, 231
274, 232
274, 233
274, 234
274, 235
274, 236
274, 237
274, 238
274, 239
274, 240
274, 241
274, 242
274, 243
274, 244
274, 245
274, 246
274, 247
274, 248
274, 249
274, 250
274, 251
274, 252
274, 253
274, 254
274, 255
274, 256
274, 257
274, 258
274, 259
274, 260
274, 261
274, 262
274, 263
274, 264
274, 265
275, 170
275, 171
275, 172
275, 173
275, 174
275, 175
275, 176
275, 177
275, 178
275, 179
275, 180
275, 181
275, 182
275, 183
275, 184
275, 185
275, 186
275, 187
275, 188
275, 189
275, 190
275, 191
275, 192
275, 193
275, 194
275, 195
275, 196
275, 197
275, 198
275, 199
275, 200
275, 201
275, 202
275, 203
275, 204
275, 205
275, 206
275, 207
275, 208
275, 209
275, 210
275, 211
275, 212
275, 213
275, 214
275, 215
275, 216
275, 217
275, 218
275, 219
275, 220
275, 221
275, 222
275, 223
275, 224
275, 225
275, 226
275, 227
275, 228
275, 229
275, 230
275, 231
275, 232
275, 233
275, 234
275, 235
275, 236
275, 237
275, 238
275, 239
275, 240
275, 241
275, 242
275, 243
275, 244
275, 245
275, 246
275, 247
275, 248
275, 249
275, 250
275, 251
275, 252
275, 253
275, 254
275, 255
275, 256
275, 257
275, 258
275, 259
275, 260
275, 261
275, 262
275, 263
275, 264
275, 265
276, 170
276, 171
276, 172
276, 173
276, 174
276, 175
276, 176
276, 177
276, 178
276, 179
276, 180
276, 181
276, 182
276, 183
276, 184
276, 185
276, 186
276, 187
276, 188
276, 189
276, 190
276, 191
276, 192
276, 193
276, 194
276, 195
276, 196
276, 197
276, 198
276, 199
276, 200
276, 201
276, 202
276, 203
276, 204
276, 205
276, 206
276, 207
276, 208
276, 209
276, 210
276, 211
276, 212
276, 213
276, 214
276, 215
276, 216
276, 217
276, 218
276, 219
276, 220
276, 221
276, 222
276, 223
276, 224
276, 225
276, 226
276, 227
276, 228
276, 229
276, 230
276, 231
276, 232
276, 233
276, 234
276, 235
276, 236
276, 237
276, 238
276, 239
276, 240
276, 241
276, 242
276, 243
276, 244
276, 245
276, 246
276, 247
276, 248
276, 249
276, 250
276, 251
276, 252
276, 253
276, 254
276, 255
276, 256
276, 257
276, 258
276, 259
276, 260
276, 261
276, 262
276, 263
276, 264
276, 265
277, 170
277, 171
277, 172
277, 173
277, 174
277, 175
277, 176
277, 177
277, 178
277, 179
277, 180
277, 181
277, 182
277, 183
277, 184
277, 185
277, 186
277, 187
277, 188
277, 189
277, 190
277, 191
277, 192
277, 193
277, 194
277, 195
277, 196
277, 197
277, 198
277, 199
277, 200
277, 201
277, 202
277, 203
277, 204
277, 205
277, 206
277, 207
277, 208
277, 209
277, 210
277, 211
277, 212
277, 213
277, 214
277, 215
277, 216
277, 217
277, 218
277, 219
277, 220
277, 221
277, 222
277, 223
277, 224
277, 225
277, 226
277, 227
277, 228
277, 229
277, 230
277, 231
277, 232
277, 233
277, 234
277, 235
277, 236
277, 237
277, 238
277, 239
277, 240
277, 241
277, 242
277, 243
277, 244
277, 245
277, 246
277, 247
277, 248
277, 249
277, 250
277, 251
277, 252
277, 253
277, 254
277, 255
277, 256
277, 257
277, 258
277, 259
277, 260
277, 261
277, 262
277, 263
277, 264
277, 265
278, 170
278, 171
278, 172
278, 173
278, 174
278, 175
278, 176
278, 177
278, 178
278, 179
278, 180
278, 181
278, 182
278, 183
278, 184
278, 185
278, 186
278, 187
278, 188
278, 189
278, 190
278, 191
278, 192
278, 193
278, 194
278, 195
278, 196
278, 197
278, 198
278, 199
278, 200
278, 201
278, 202
278, 203
278, 204
278, 205
278, 206
278, 207
278, 208
278, 209
278, 210
278, 211
278, 212
278, 213
278, 214
278, 215
278, 216
278, 217
278, 218
278, 219
278, 220
278, 221
278, 222
278, 223
278, 224
278, 225
278, 226
278, 227
278, 228
278, 229
278, 230
278, 231
278, 232
278, 233
278, 234
278, 235
278, 236
278, 237
278, 238
278, 239
278, 240
278, 241
278, 242
278, 243
278, 244
278, 245
278, 246
278, 247
278, 248
278, 249
278, 250
278, 251
278, 252
278, 253
278, 254
278, 255
278, 256
278, 257
278, 258
278, 259
278, 260
278, 261
278, 262
278, 263
278, 264
278, 265
279, 170
279, 171
279, 172
279, 173
279, 174
279, 175
279, 176
279, 177
279, 178
279, 179
279, 180
279, 181
279, 182
279, 183
279, 184
279, 185
279, 186
279, 187
279, 188
279, 189
279, 190
279, 191
279, 192
279, 193
279, 194
279, 195
279, 196
279, 197
279, 198
279, 199
279, 200
279, 201
279, 202
279, 203
279, 204
279, 205
279, 206
279, 207
279, 208
279, 209
279, 210
279, 211
279, 212
279, 213
279, 214
279, 215
279, 216
279, 217
279, 218
279, 219
279, 220
279, 221
279, 222
279, 223
279, 224
279, 225
279, 226
279, 227
279, 228
279, 229
279, 230
279, 231
279, 232
279, 233
279, 234
279, 235
279, 236
279, 237
279, 238
279, 239
279, 240
279, 241
279, 242
279, 243
279, 244
279, 245
279, 246
279, 247
279, 248
279, 249
279, 250
279, 251
279, 252
279, 253
279, 254
279, 255
279, 256
279, 257
279, 258
279, 259
279, 260
279, 261
279, 262
279, 263
279, 264
279, 265
280, 170
280, 171
280, 172
280, 173
280, 174
280, 175
280, 176
280, 177
280, 178
280, 179
280, 180
280, 181
280, 182
280, 183
280, 184
280, 185
280, 186
280, 187
280, 188
280, 189
280, 190
280, 191
280, 192
280, 193
280, 194
280, 195
280, 196
280, 197
280, 198
280, 199
280, 200
280, 201
280, 202
280, 203
280, 204
280, 205
280, 206
280, 207
280, 208
280, 209
280, 210
280, 211
280, 212
280, 213
280, 214
280, 215
280, 216
280, 217
280, 218
280, 219
280, 220
280, 221
280, 222
280, 223
280, 224
280, 225
280, 226
280, 227
280, 228
280, 229
280, 230
280, 231
280, 232
280, 233
280, 234
280, 235
280, 236
280, 237
280, 238
280, 239
280, 240
280, 241
280, 242
280, 243
280, 244
280, 245
280, 246
280, 247
280, 248
280, 249
280, 250
280, 251
280, 252
280, 253
280, 254
280, 255
280, 256
280, 257
280, 258
280, 259
280, 260
280, 261
280, 262
280, 263
280, 264
280, 265
281, 170
281, 171
281, 172
281, 173
281, 174
281, 175
281, 176
281, 177
281, 178
281, 179
281, 180
281, 181
281, 182
281, 183
281, 184
281, 185
281, 186
281, 187
281, 188
281, 189
281, 190
281, 191
281, 192
281, 193
281, 194
281, 195
281, 196
281, 197
281, 198
281, 199
281, 200
281, 201
281, 202
281, 203
281, 204
281, 205
281, 206
281, 207
281, 208
281, 209
281, 210
281, 211
281, 212
281, 213
281, 214
281, 215
281, 216
281, 217
281, 218
281, 219
281, 220
281, 221
281, 222
281, 223
281, 224
281, 225
281, 226
281, 227
281, 228
281, 229
281, 230
281, 231
281, 232
281, 233
281, 234
281, 235
281, 236
281, 237
281, 238
281, 239
281, 240
281, 241
281, 242
281, 243
281, 244
281, 245
281, 246
281, 247
281, 248
281, 249
281, 250
281, 251
281, 252
281, 253
281, 254
281, 255
281, 256
281, 257
281, 258
281, 259
281, 260
281, 261
281, 262
281, 263
281, 264
281, 265
282, 170
282, 171
282, 172
282, 173
282, 174
282, 175
282, 176
282, 177
282, 178
282, 179
282, 180
282, 181
282, 182
282, 183
282, 184
282, 185
282, 186
282, 187
282, 188
282, 189
282, 190
282, 191
282, 192
282, 193
282, 194
282, 195
282, 196
282, 197
282, 198
282, 199
282, 200
282, 201
282, 202
282, 203
282, 204
282, 205
282, 206
282, 207
282, 208
282, 209
282, 210
282, 211
282, 212
282, 213
282, 214
282, 215
282, 216
282, 217
282, 218
282, 219
282, 220
282, 221
282, 222
282, 223
282, 224
282, 225
282, 226
282, 227
282, 228
282, 229
282, 230
282, 231
282, 232
282, 233
282, 234
282, 235
282, 236
282, 237
282, 238
282, 239
282, 240
282, 241
282, 242
282, 243
282, 244
282, 245
282, 246
282, 247
282, 248
282, 249
282, 250
282, 251
282, 252
282, 253
282, 254
282, 255
282, 256
282, 257
282, 258
282, 259
282, 260
282, 261
282, 262
282, 263
282, 264
282, 265
283, 170
283, 171
283, 172
283, 173
283, 174
283, 175
283, 176
283, 177
283, 178
283, 179
283, 180
283, 181
283, 182
283, 183
283, 184
283, 185
283, 186
283, 187
283, 188
283, 189
283, 190
283, 191
283, 192
283, 193
283, 194
283, 195
283, 196
283, 197
283, 198
283, 199
283, 200
283, 201
283, 202
283, 203
283, 204
283, 205
283, 206
283, 207
283, 208
283, 209
283, 210
283, 211
283, 212
283, 213
283, 214
283, 215
283, 216
283, 217
283, 218
283, 219
283, 220
283, 221
283, 222
283, 223
283, 224
283, 225
283, 226
283, 227
283, 228
283, 229
283, 230
283, 231
283, 232
283, 233
283, 234
283, 235
283, 236
283, 237
283, 238
283, 239
283, 240
283, 241
283, 242
283, 243
283, 244
283, 245
283, 246
283, 247
283, 248
283, 249
283, 250
283, 251
283, 252
283, 253
283, 254
283, 255
283, 256
283, 257
283, 258
283, 259
283, 260
283, 261
283, 262
283, 263
283, 264
283, 265
284, 170
284, 171
284, 172
284, 173
284, 174
284, 175
284, 176
284, 177
284, 178
284, 179
284, 180
284, 181
284, 182
284, 183
284, 184
284, 185
284, 186
284, 187
284, 188
284, 189
284, 190
284, 191
284, 192
284, 193
284, 194
284, 195
284, 196
284, 197
284, 198
284, 199
284, 200
284, 201
284, 202
284, 203
284, 204
284, 205
284, 206
284, 207
284, 208
284, 209
284, 210
284, 211
284, 212
284, 213
284, 214
284, 215
284, 216
284, 217
284, 218
284, 219
284, 220
284, 221
284, 222
284, 223
284, 224
284, 225
284, 226
284, 227
284, 228
284, 229
284, 230
284, 231
284, 232
284, 233
284, 234
284, 235
284, 236
284, 237
284, 238
284, 239
284, 240
284, 241
284, 242
284, 243
284, 244
284, 245
284, 246
284, 247
284, 248
284, 249
284, 250
284, 251
284, 252
284, 253
284, 254
284, 255
284, 256
284, 257
284, 258
284, 259
284, 260
284, 261
284, 262
284, 263
284, 264
284, 265
285, 170
285, 171
285, 172
285, 173
285, 174
285, 175
285, 176
285, 177
285, 178
285, 179
285, 180
285, 181
285, 182
285, 183
285, 184
285, 185
285, 186
285, 187
285, 188
285, 189
285, 190
285, 191
285, 192
285, 193
285, 194
285, 195
285, 196
285, 197
285, 198
285, 199
285, 200
285, 201
285, 202
285, 203
285, 204
285, 205
285, 206
285, 207
285, 208
285, 209
285, 210
285, 211
285, 212
285, 213
285, 214
285, 215
285, 216
285, 217
285, 218
285, 219
285, 220
285, 221
285, 222
285, 223
285, 224
285, 225
285, 226
285, 227
285, 228
285, 229
285, 230
285, 231
285, 232
285, 233
285, 234
285, 235
285, 236
285, 237
285, 238
285, 239
285, 240
285, 241
285, 242
285, 243
285, 244
285, 245
285, 246
285, 247
285, 248
285, 249
285, 250
285, 251
285, 252
285, 253
285, 254
285, 255
285, 256
285, 257
285, 258
285, 259
285, 260
285, 261
285, 262
285, 263
285, 264
285, 265
286, 170
286, 171
286, 172
286, 173
286, 174
286, 175
286, 176
286, 177
286, 178
286, 179
286, 180
286, 181
286, 182
286, 183
286, 184
286, 185
286, 186
286, 187
286, 188
286, 189
286, 190
286, 191
286, 192
286, 193
286, 194
286, 195
286, 196
286, 197
286, 198
286, 199
286, 200
286, 201
286, 202
286, 203
286, 204
286, 205
286, 206
286, 207
286, 208
286, 209
286, 210
286, 211
286, 212
286, 213
286, 214
286, 215
286, 216
286, 217
286, 218
286, 219
286, 220
286, 221
286, 222
286, 223
286, 224
286, 225
286, 226
286, 227
286, 228
286, 229
286, 230
286, 231
286, 232
286, 233
286, 234
286, 235
286, 236
286, 237
286, 238
286, 239
286, 240
286, 241
286, 242
286, 243
286, 244
286, 245
286, 246
286, 247
286, 248
286, 249
286, 250
286, 251
286, 252
286, 253
286, 254
286, 255
286, 256
286, 257
286, 258
286, 259
286, 260
286, 261
286, 262
286, 263
286, 264
286, 265
287, 170
287, 171
287, 172
287, 173
287, 174
287, 175
287, 176
287, 177
287, 178
287, 179
287, 180
287, 181
287, 182
287, 183
287, 184
287, 185
287, 186
287, 187
287, 188
287, 189
287, 190
287, 191
287, 192
287, 193
287, 194
287, 195
287, 196
287, 197
287, 198
287, 199
287, 200
287, 201
287, 202
287, 203
287, 204
287, 205
287, 206
287, 207
287, 208
287, 209
287, 210
287, 211
287, 212
287, 213
287, 214
287, 215
287, 216
287, 217
287, 218
287, 219
287, 220
287, 221
287, 222
287, 223
287, 224
287, 225
287, 226
287, 227
287, 228
287, 229
287, 230
287, 231
287, 232
287, 233
287, 234
287, 235
287, 236
287, 237
287, 238
287, 239
287, 240
287, 241
287, 242
287, 243
287, 244
287, 245
287, 246
287, 247
287, 248
287, 249
287, 250
287, 251
287, 252
287, 253
287, 254
287, 255
287, 256
287, 257
287, 258
287, 259
287, 260
287, 261
287, 262
287, 263
287, 264
287, 265
288, 170
288, 171
288, 172
288, 173
288, 174
288, 175
288, 176
288, 177
288, 178
288, 179
288, 180
288, 181
288, 182
288, 183
288, 184
288, 185
288, 186
288, 187
288, 188
288, 189
288, 190
288, 191
288, 192
288, 193
288, 194
288, 195
288, 196
288, 197
288, 198
288, 199
288, 200
288, 201
288, 202
288, 203
288, 204
288, 205
288, 206
288, 207
288, 208
288, 209
288, 210
288, 211
288, 212
288, 213
288, 214
288, 215
288, 216
288, 217
288, 218
288, 219
288, 220
288, 221
288, 222
288, 223
288, 224
288, 225
288, 226
288, 227
288, 228
288, 229
288, 230
288, 231
288, 232
288, 233
288, 234
288, 235
288, 236
288, 237
288, 238
288, 239
288, 240
288, 241
288, 242
288, 243
288, 244
288, 245
288, 246
288, 247
288, 248
288, 249
288, 250
288, 251
288, 252
288, 253
288, 254
288, 255
288, 256
288, 257
288, 258
288, 259
288, 260
288, 261
288, 262
288, 263
288, 264
288, 265
289, 170
289, 171
289, 172
289, 173
289, 174
289, 175
289, 176
289, 177
289, 178
289, 179
289, 180
289, 181
289, 182
289, 183
289, 184
289, 185
289, 186
289, 187
289, 188
289, 189
289, 190
289, 191
289, 192
289, 193
289, 194
289, 195
289, 196
289, 197
289, 198
289, 199
289, 200
289, 201
289, 202
289, 203
289, 204
289, 205
289, 206
289, 207
289, 208
289, 209
289, 210
289, 211
289, 212
289, 213
289, 214
289, 215
289, 216
289, 217
289, 218
289, 219
289, 220
289, 221
289, 222
289, 223
289, 224
289, 225
289, 226
289, 227
289, 228
289, 229
289, 230
289, 231
289, 232
289, 233
289, 234
289, 235
289, 236
289, 237
289, 238
289, 239
289, 240
289, 241
289, 242
289, 243
289, 244
289, 245
289, 246
289, 247
289, 248
289, 249
289, 250
289, 251
289, 252
289, 253
289, 254
289, 255
289, 256
289, 257
289, 258
289, 259
289, 260
289, 261
289, 262
289, 263
289, 264
290, 170
290, 171
290, 172
290, 173
290, 174
290, 175
290, 176
290, 177
290, 178
290, 179
290, 180
290, 181
290, 182
290, 183
290, 184
290, 185
290, 186
290, 187
290, 188
290, 189
290, 190
290, 191
290, 192
290, 193
290, 194
290, 195
290, 196
290, 197
290, 198
290, 199
290, 200
290, 201
290, 202
290, 203
290, 204
290, 205
290, 206
290, 207
290, 208
290, 209
290, 210
290, 211
290, 212
290, 213
290, 214
290, 215
290, 216
290, 217
290, 218
290, 219
290, 220
290, 221
290, 222
290, 223
290, 224
290, 225
290, 226
290, 227
290, 228
290, 229
290, 230
290, 231
290, 232
290, 233
290, 234
290, 235
290, 236
290, 237
290, 238
290, 239
290, 240
290, 241
290, 242
290, 243
290, 244
290, 245
290, 246
290, 247
290, 248
290, 249
290, 250
290, 251
290, 252
290, 253
290, 254
290, 255
290, 256
290, 257
290, 258
290, 259
290, 260
290, 261
290, 262
290, 263
290, 264
291, 170
291, 171
291, 172
291, 173
291, 174
291, 175
291, 176
291, 177
291, 178
291, 179
291, 180
291, 181
291, 182
291, 183
291, 184
291, 185
291, 186
291, 187
291, 188
291, 189
291, 190
291, 191
291, 192
291, 193
291, 194
291, 195
291, 196
291, 197
291, 198
291, 199
291, 200
291, 201
291, 202
291, 203
291, 204
291, 205
291, 206
291, 207
291, 208
291, 209
291, 210
291, 211
291, 212
291, 213
291, 214
291, 215
291, 216
291, 217
291, 218
291, 219
291, 220
291, 221
291, 222
291, 223
291, 224
291, 225
291, 226
291, 227
291, 228
291, 229
291, 230
291, 231
291, 232
291, 233
291, 234
291, 235
291, 236
291, 237
291, 238
291, 239
291, 240
291, 241
291, 242
291, 243
291, 244
291, 245
291, 246
291, 247
291, 248
291, 249
291, 250
291, 251
291, 252
291, 253
291, 254
291, 255
291, 256
291, 257
291, 258
291, 259
291, 260
291, 261
291, 262
291, 263
291, 264
292, 170
292, 171
292, 172
292, 173
292, 174
292, 175
292, 176
292, 177
292, 178
292, 179
292, 180
292, 181
292, 182
292, 183
292, 184
292, 185
292, 186
292, 187
292, 188
292, 189
292, 190
292, 191
292, 192
292, 193
292, 194
292, 195
292, 196
292, 197
292, 198
292, 199
292, 200
292, 201
292, 202
292, 203
292, 204
292, 205
292, 206
292, 207
292, 208
292, 209
292, 210
292, 211
292, 212
292, 213
292, 214
292, 215
292, 216
292, 217
292, 218
292, 219
292, 220
292, 221
292, 222
292, 223
292, 224
292, 225
292, 226
292, 227
292, 228
292, 229
292, 230
292, 231
292, 232
292, 233
292, 234
292, 235
292, 236
292, 237
292, 238
292, 239
292, 240
292, 241
292, 242
292, 243
292, 244
292, 245
292, 246
292, 247
292, 248
292, 249
292, 250
292, 251
292, 252
292, 253
292, 254
292, 255
292, 256
292, 257
292, 258
292, 259
292, 260
292, 261
292, 262
292, 263
292, 264
293, 170
293, 171
293, 172
293, 173
293, 174
293, 175
293, 176
293, 177
293, 178
293, 179
293, 180
293, 181
293, 182
293, 183
293, 184
293, 185
293, 186
293, 187
293, 188
293, 189
293, 190
293, 191
293, 192
293, 193
293, 194
293, 195
293, 196
293, 197
293, 198
293, 199
293, 200
293, 201
293, 202
293, 203
293, 204
293, 205
293, 206
293, 207
293, 208
293, 209
293, 210
293, 211
293, 212
293, 213
293, 214
293, 215
293, 216
293, 217
293, 218
293, 219
293, 220
293, 221
293, 222
293, 223
293, 224
293, 225
293, 226
293, 227
293, 228
293, 229
293, 230
293, 231
293, 232
293, 233
293, 234
293, 235
293, 236
293, 237
293, 238
293, 239
293, 240
293, 241
293, 242
293, 243
293, 244
293, 245
293, 246
293, 247
293, 248
293, 249
293, 250
293, 251
293, 252
293, 253
293, 254
293, 255
293, 256
293, 257
293, 258
293, 259
293, 260
293, 261
293, 262
293, 263
293, 264
294, 170
294, 171
294, 172
294, 173
294, 174
294, 175
294, 176
294, 177
294, 178
294, 179
294, 180
294, 181
294, 182
294, 183
294, 184
294, 185
294, 186
294, 187
294, 188
294, 189
294, 190
294, 191
294, 192
294, 193
294, 194
294, 195
294, 196
294, 197
294, 198
294, 199
294, 200
294, 201
294, 202
294, 203
294, 204
294, 205
294, 206
294, 207
294, 208
294, 209
294, 210
294, 211
294, 212
294, 213
294, 214
294, 215
294, 216
294, 217
294, 218
294, 219
294, 220
294, 221
294, 222
294, 223
294, 224
294, 225
294, 226
294, 227
294, 228
294, 229
294, 230
294, 231
294, 232
294, 233
294, 234
294, 235
294, 236
294, 237
294, 238
294, 239
294, 240
294, 241
294, 242
294, 243
294, 244
294, 245
294, 246
294, 247
294, 248
294, 249
294, 250
294, 251
294, 252
294, 253
294, 254
294, 255
294, 256
294, 257
294, 258
294, 259
294, 260
294, 261
294, 262
294, 263
294, 264
295, 171
295, 172
295, 173
295, 174
295, 175
295, 176
295, 177
295, 178
295, 179
295, 180
295, 181
295, 182
295, 183
295, 184
295, 185
295, 186
295, 187
295, 188
295, 189
295, 190
295, 191
295, 192
295, 193
295, 194
295, 195
295, 196
295, 197
295, 198
295, 199
295, 200
295, 201
295, 202
295, 203
295, 204
295, 205
295, 206
295, 207
295, 208
295, 209
295, 210
295, 211
295, 212
295, 213
295, 214
295, 215
295, 216
295, 217
295, 218
295, 219
295, 220
295, 221
295, 222
295, 223
295, 224
295, 225
295, 226
295, 227
295, 228
295, 229
295, 230
295, 231
295, 232
295, 233
295, 234
295, 235
295, 236
295, 237
295, 238
295, 239
295, 240
295, 241
295, 242
295, 243
295, 244
295, 245
295, 246
295, 247
295, 248
295, 249
295, 250
295, 251
295, 252
295, 253
295, 254
295, 255
295, 256
295, 257
295, 258
295, 259
295, 260
295, 261
295, 262
295, 263
295, 264
296, 171
296, 172
296, 173
296, 174
296, 175
296, 176
296, 177
296, 178
296, 179
296, 180
296, 181
296, 182
296, 183
296, 184
296, 185
296, 186
296, 187
296, 188
296, 189
296, 190
296, 191
296, 192
296, 193
296, 194
296, 195
296, 196
296, 197
296, 198
296, 199
296, 200
296, 201
296, 202
296, 203
296, 204
296, 205
296, 206
296, 207
296, 208
296, 209
296, 210
296, 211
296, 212
296, 213
296, 214
296, 215
296, 216
296, 217
296, 218
296, 219
296, 220
296, 221
296, 222
296, 223
296, 224
296, 225
296, 226
296, 227
296, 228
296, 229
296, 230
296, 231
296, 232
296, 233
296, 234
296, 235
296, 236
296, 237
296, 238
296, 239
296, 240
296, 241
296, 242
296, 243
296, 244
296, 245
296, 246
296, 247
296, 248
296, 249
296, 250
296, 251
296, 252
296, 253
296, 254
296, 255
296, 256
296, 257
296, 258
296, 259
296, 260
296, 261
296, 262
296, 263
296, 264
297, 171
297, 172
297, 173
297, 174
297, 175
297, 176
297, 177
297, 178
297, 179
297, 180
297, 181
297, 182
297, 183
297, 184
297, 185
297, 186
297, 187
297, 188
297, 189
297, 190
297, 191
297, 192
297, 193
297, 194
297, 195
297, 196
297, 197
297, 198
297, 199
297, 200
297, 201
297, 202
297, 203
297, 204
297, 205
297, 206
297, 207
297, 208
297, 209
297, 210
297, 211
297, 212
297, 213
297, 214
297, 215
297, 216
297, 217
297, 218
297, 219
297, 220
297, 221
297, 222
297, 223
297, 224
297, 225
297, 226
297, 227
297, 228
297, 229
297, 230
297, 231
297, 232
297, 233
297, 234
297, 235
297, 236
297, 237
297, 238
297, 239
297, 240
297, 241
297, 242
297, 243
297, 244
297, 245
297, 246
297, 247
297, 248
297, 249
297, 250
297, 251
297, 252
297, 253
297, 254
297, 255
297, 256
297, 257
297, 258
297, 259
297, 260
297, 261
297, 262
297, 263
297, 264
298, 171
298, 172
298, 173
298, 174
298, 175
298, 176
298, 177
298, 178
298, 179
298, 180
298, 181
298, 182
298, 183
298, 184
298, 185
298, 186
298, 187
298, 188
298, 189
298, 190
298, 191
298, 192
298, 193
298, 194
298, 195
298, 196
298, 197
298, 198
298, 199
298, 200
298, 201
298, 202
298, 203
298, 204
298, 205
298, 206
298, 207
298, 208
298, 209
298, 210
298, 211
298, 212
298, 213
298, 214
298, 215
298, 216
298, 217
298, 218
298, 219
298, 220
298, 221
298, 222
298, 223
298, 224
298, 225
298, 226
298, 227
298, 228
298, 229
298, 230
298, 231
298, 232
298, 233
298, 234
298, 235
298, 236
298, 237
298, 238
298, 239
298, 240
298, 241
298, 242
298, 243
298, 244
298, 245
298, 246
298, 247
298, 248
298, 249
298, 250
298, 251
298, 252
298, 253
298, 254
298, 255
298, 256
298, 257
298, 258
298, 259
298, 260
298, 261
298, 262
298, 263
298, 264
299, 171
299, 172
299, 173
299, 174
299, 175
299, 176
299, 177
299, 178
299, 179
299, 180
299, 181
299, 182
299, 183
299, 184
299, 185
299, 186
299, 187
299, 188
299, 189
299, 190
299, 191
299, 192
299, 193
299, 194
299, 195
299, 196
299, 197
299, 198
299, 199
299, 200
299, 201
299, 202
299, 203
299, 204
299, 205
299, 206
299, 207
299, 208
299, 209
299, 210
299, 211
299, 212
299, 213
299, 214
299, 215
299, 216
299, 217
299, 218
299, 219
299, 220
299, 221
299, 222
299, 223
299, 224
299, 225
299, 226
299, 227
299, 228
299, 229
299, 230
299, 231
299, 232
299, 233
299, 234
299, 235
299, 236
299, 237
299, 238
299, 239
299, 240
299, 241
299, 242
299, 243
299, 244
299, 245
299, 246
299, 247
299, 248
299, 249
299, 250
299, 251
299, 252
299, 253
299, 254
299, 255
299, 256
299, 257
299, 258
299, 259
299, 260
299, 261
299, 262
299, 263
299, 264
300, 171
300, 172
300, 173
300, 174
300, 175
300, 176
300, 177
300, 178
300, 179
300, 180
300, 181
300, 182
300, 183
300, 184
300, 185
300, 186
300, 187
300, 188
300, 189
300, 190
300, 191
300, 192
300, 193
300, 194
300, 195
300, 196
300, 197
300, 198
300, 199
300, 200
300, 201
300, 202
300, 203
300, 204
300, 205
300, 206
300, 207
300, 208
300, 209
300, 210
300, 211
300, 212
300, 213
300, 214
300, 215
300, 216
300, 217
300, 218
300, 219
300, 220
300, 221
300, 222
300, 223
300, 224
300, 225
300, 226
300, 227
300, 228
300, 229
300, 230
300, 231
300, 232
300, 233
300, 234
300, 235
300, 236
300, 237
300, 238
300, 239
300, 240
300, 241
300, 242
300, 243
300, 244
300, 245
300, 246
300, 247
300, 248
300, 249
300, 250
300, 251
300, 252
300, 253
300, 254
300, 255
300, 256
300, 257
300, 258
300, 259
300, 260
300, 261
300, 262
300, 263
300, 264
301, 172
301, 173
301, 174
301, 175
301, 176
301, 177
301, 178
301, 179
301, 180
301, 181
301, 182
301, 183
301, 184
301, 185
301, 186
301, 187
301, 188
301, 189
301, 190
301, 191
301, 192
301, 193
301, 194
301, 195
301, 196
301, 197
301, 198
301, 199
301, 200
301, 201
301, 202
301, 203
301, 204
301, 205
301, 206
301, 207
301, 208
301, 209
301, 210
301, 211
301, 212
301, 213
301, 214
301, 215
301, 216
301, 217
301, 218
301, 219
301, 220
301, 221
301, 222
301, 223
301, 224
301, 225
301, 226
301, 227
301, 228
301, 229
301, 230
301, 231
301, 232
301, 233
301, 234
301, 235
301, 236
301, 237
301, 238
301, 239
301, 240
301, 241
301, 242
301, 243
301, 244
301, 245
301, 246
301, 247
301, 248
301, 249
301, 250
301, 251
301, 252
301, 253
301, 254
301, 255
301, 256
301, 257
301, 258
301, 259
301, 260
301, 261
301, 262
301, 263
301, 264
302, 174
302, 175
302, 176
302, 177
302, 178
302, 179
302, 180
302, 181
302, 182
302, 183
302, 184
302, 185
302, 186
302, 187
302, 188
302, 189
302, 190
302, 191
302, 192
302, 193
302, 194
302, 195
302, 196
302, 197
302, 198
302, 199
302, 200
302, 201
302, 202
302, 203
302, 204
302, 205
302, 206
302, 207
302, 208
302, 209
302, 210
302, 211
302, 212
302, 213
302, 214
302, 215
302, 216
302, 217
302, 218
302, 219
302, 220
302, 221
302, 222
302, 223
302, 224
302, 225
302, 226
302, 227
302, 228
302, 229
302, 230
302, 231
302, 232
302, 233
302, 234
302, 235
302, 236
302, 237
302, 238
302, 239
302, 240
302, 241
302, 242
302, 243
302, 244
302, 245
302, 246
302, 247
302, 248
302, 249
302, 250
302, 251
302, 252
302, 253
302, 254
302, 255
302, 256
302, 257
302, 258
302, 259
302, 260
302, 261
302, 262
302, 263
302, 264
303, 176
303, 177
303, 178
303, 179
303, 180
303, 181
303, 182
303, 183
303, 184
303, 185
303, 186
303, 187
303, 188
303, 189
303, 190
303, 191
303, 192
303, 193
303, 194
303, 195
303, 196
303, 197
303, 198
303, 199
303, 200
303, 201
303, 202
303, 203
303, 204
303, 205
303, 206
303, 207
303, 208
303, 209
303, 210
303, 211
303, 212
303, 213
303, 214
303, 215
303, 216
303, 217
303, 218
303, 219
303, 220
303, 221
303, 222
303, 223
303, 224
303, 225
303, 226
303, 227
303, 228
303, 229
303, 230
303, 231
303, 232
303, 233
303, 234
303, 235
303, 236
303, 237
303, 238
303, 239
303, 240
303, 241
303, 242
303, 243
303, 244
303, 245
303, 246
303, 247
303, 248
303, 249
303, 250
303, 251
303, 252
303, 253
303, 254
303, 255
303, 256
303, 257
303, 258
303, 259
303, 260
303, 261
303, 262
303, 263
303, 264
304, 178
304, 179
304, 180
304, 181
304, 182
304, 183
304, 184
304, 186
304, 187
304, 188
304, 189
304, 190
304, 193
304, 194
304, 195
304, 196
304, 197
304, 198
304, 199
304, 200
304, 201
304, 202
304, 203
304, 204
304, 205
304, 206
304, 207
304, 208
304, 209
304, 210
304, 211
304, 212
304, 213
304, 214
304, 215
304, 216
304, 217
304, 218
304, 219
304, 220
304, 221
304, 222
304, 223
304, 224
304, 225
304, 226
304, 227
304, 228
304, 229
304, 230
304, 231
304, 232
304, 233
304, 234
304, 235
304, 236
304, 237
304, 238
304, 239
304, 240
304, 241
304, 242
304, 243
304, 244
304, 245
304, 246
304, 247
304, 248
304, 249
304, 250
304, 251
304, 252
304, 253
304, 254
304, 255
304, 256
304, 257
304, 258
304, 259
304, 260
304, 261
304, 262
304, 263
304, 264
305, 180
305, 181
305, 182
305, 188
305, 194
305, 195
305, 196
305, 197
305, 198
305, 199
305, 200
305, 201
305, 202
305, 203
305, 204
305, 205
305, 206
305, 207
305, 208
305, 209
305, 210
305, 211
305, 212
305, 213
305, 214
305, 215
305, 216
305, 217
305, 218
305, 219
305, 220
305, 221
305, 222
305, 223
305, 224
305, 225
305, 226
305, 227
305, 228
305, 229
305, 230
305, 231
305, 232
305, 233
305, 234
305, 235
305, 236
305, 237
305, 238
305, 239
305, 240
305, 241
305, 242
305, 243
305, 244
305, 245
305, 246
305, 247
305, 248
305, 249
305, 250
305, 251
305, 252
305, 253
305, 254
305, 255
305, 256
305, 257
305, 258
305, 259
305, 260
305, 261
305, 262
305, 263
305, 264
306, 196
306, 197
306, 198
306, 199
306, 200
306, 201
306, 202
306, 203
306, 204
306, 205
306, 206
306, 207
306, 208
306, 209
306, 210
306, 211
306, 212
306, 213
306, 214
306, 215
306, 216
306, 217
306, 218
306, 219
306, 220
306, 221
306, 222
306, 223
306, 224
306, 225
306, 226
306, 227
306, 228
306, 229
306, 230
306, 231
306, 232
306, 233
306, 234
306, 235
306, 236
306, 237
306, 238
306, 239
306, 240
306, 241
306, 242
306, 243
306, 244
306, 245
306, 246
306, 247
306, 248
306, 249
306, 250
306, 251
306, 252
306, 253
306, 254
306, 255
306, 256
306, 257
306, 258
306, 259
306, 260
306, 261
306, 262
306, 263
306, 264
307, 198
307, 199
307, 200
307, 201
307, 202
307, 203
307, 204
307, 205
307, 206
307, 207
307, 208
307, 209
307, 210
307, 211
307, 212
307, 213
307, 214
307, 215
307, 216
307, 217
307, 218
307, 219
307, 220
307, 221
307, 222
307, 223
307, 224
307, 225
307, 226
307, 227
307, 228
307, 229
307, 230
307, 231
307, 232
307, 233
307, 234
307, 235
307, 236
307, 237
307, 238
307, 239
307, 240
307, 241
307, 242
307, 243
307, 244
307, 245
307, 246
307, 247
307, 248
307, 249
307, 250
307, 251
307, 252
307, 253
307, 254
307, 255
307, 256
307, 257
307, 258
307, 259
307, 260
307, 261
307, 262
307, 263
308, 199
308, 200
308, 201
308, 202
308, 203
308, 204
308, 205
308, 206
308, 207
308, 208
308, 209
308, 210
308, 211
308, 212
308, 213
308, 214
308, 215
308, 216
308, 217
308, 218
308, 219
308, 220
308, 221
308, 222
308, 223
308, 224
308, 225
308, 226
308, 227
308, 228
308, 229
308, 230
308, 231
308, 232
308, 233
308, 234
308, 235
308, 236
308, 237
308, 238
308, 239
308, 240
308, 241
308, 242
308, 243
308, 244
308, 245
308, 246
308, 247
308, 248
308, 249
308, 250
308, 251
308, 252
308, 253
308, 254
308, 255
308, 256
308, 257
308, 258
308, 259
308, 260
308, 261
308, 262
308, 263
309, 201
309, 202
309, 203
309, 204
309, 205
309, 206
309, 207
309, 208
309, 209
309, 210
309, 211
309, 212
309, 213
309, 214
309, 215
309, 216
309, 217
309, 218
309, 219
309, 220
309, 221
309, 222
309, 223
309, 224
309, 225
309, 226
309, 227
309, 228
309, 229
309, 230
309, 231
309, 232
309, 233
309, 234
309, 235
309, 236
309, 237
309, 238
309, 239
309, 240
309, 241
309, 242
309, 243
309, 244
309, 245
309, 246
309, 247
309, 248
309, 249
309, 250
309, 251
309, 252
309, 253
309, 254
309, 255
309, 256
309, 257
309, 258
309, 259
309, 260
309, 261
309, 262
309, 263
310, 203
310, 204
310, 205
310, 206
310, 207
310, 208
310, 209
310, 210
310, 211
310, 212
310, 213
310, 214
310, 215
310, 216
310, 217
310, 218
310, 219
310, 220
310, 221
310, 222
310, 223
310, 224
310, 225
310, 226
310, 227
310, 228
310, 229
310, 230
310, 231
310, 232
310, 233
310, 234
310, 235
310, 236
310, 237
310, 238
310, 239
310, 240
310, 241
310, 242
310, 243
310, 244
310, 245
310, 246
310, 247
310, 248
310, 249
310, 250
310, 251
310, 252
310, 253
310, 254
310, 255
310, 256
310, 257
310, 258
310, 259
310, 260
310, 261
310, 262
311, 210
311, 211
311, 212
311, 213
311, 214
311, 215
311, 216
311, 217
311, 218
311, 219
311, 220
311, 221
311, 222
311, 223
311, 224
311, 225
311, 226
311, 227
311, 228
311, 229
311, 230
311, 231
311, 232
311, 233
311, 234
311, 235
311, 236
311, 237
311, 238
311, 239
311, 240
311, 241
311, 242
311, 243
311, 244
311, 245
311, 246
311, 247
311, 248
311, 249
311, 250
311, 251
311, 252
311, 253
311, 254
311, 255
311, 256
311, 257
311, 258
311, 259
311, 260
311, 261
311, 262
312, 211
312, 212
312, 213
312, 214
312, 215
312, 216
312, 217
312, 218
312, 219
312, 220
312, 221
312, 222
312, 223
312, 224
312, 225
312, 226
312, 227
312, 228
312, 229
312, 230
312, 231
312, 232
312, 233
312, 234
312, 235
312, 236
312, 237
312, 238
312, 239
312, 240
312, 241
312, 242
312, 243
312, 244
312, 245
312, 246
312, 247
312, 248
312, 249
312, 250
312, 251
312, 252
312, 253
312, 254
312, 255
312, 256
312, 257
312, 258
312, 259
312, 260
312, 261
312, 262
313, 212
313, 213
313, 214
313, 215
313, 216
313, 217
313, 218
313, 219
313, 220
313, 221
313, 222
313, 223
313, 224
313, 225
313, 226
313, 227
313, 228
313, 229
313, 230
313, 231
313, 232
313, 233
313, 234
313, 235
313, 236
313, 237
313, 238
313, 239
313, 240
313, 241
313, 242
313, 243
313, 244
313, 245
313, 246
313, 247
313, 248
313, 249
313, 250
313, 251
313, 252
313, 253
313, 254
313, 255
313, 256
313, 257
313, 258
313, 259
313, 260
313, 261
313, 262
314, 217
314, 218
314, 219
314, 220
314, 221
314, 222
314, 223
314, 224
314, 225
314, 226
314, 227
314, 228
314, 229
314, 230
314, 231
314, 232
314, 233
314, 234
314, 235
314, 236
314, 237
314, 238
314, 239
314, 240
314, 241
314, 242
314, 243
314, 244
314, 245
314, 246
314, 247
314, 248
314, 249
314, 250
314, 251
314, 252
314, 253
314, 254
314, 255
314, 256
314, 257
314, 258
315, 218
315, 219
315, 220
315, 221
315, 222
315, 223
315, 224
315, 225
315, 226
315, 227
315, 228
315, 229
315, 230
315, 231
315, 232
315, 233
315, 234
315, 235
315, 236
315, 237
315, 238
315, 253
315, 254
316, 224
316, 225
316, 226
316, 227
316, 228
316, 229
316, 230
316, 231
316, 232
316, 233
316, 234
316, 235
316, 236
316, 237
317, 226
317, 227
317, 228
317, 229
317, 230
317, 231
317, 232
317, 233
317, 234
317, 235
317, 236
