212, 115
212, 116
212, 117
212, 118
213, 102
213, 103
213, 104
213, 105
213, 106
213, 107
213, 108
213, 109
213, 110
213, 111
213, 112
213, 113
213, 114
213, 115
213, 116
213, 117
213, 118
213, 119
214, 93
214, 94
214, 95
214, 96
214, 97
214, 98
214, 99
214, 100
214, 101
214, 102
214, 103
214, 104
214, 105
214, 106
214, 107
214, 108
214, 109
214, 110
214, 111
214, 112
214, 113
214, 114
214, 115
214, 116
214, 117
214, 118
214, 119
214, 120
215, 85
215, 86
215, 87
215, 88
215, 89
215, 90
215, 91
215, 92
215, 93
215, 94
215, 95
215, 96
215, 97
215, 98
215, 99
215, 100
215, 101
215, 102
215, 103
215, 104
215, 105
215, 106
215, 107
215, 108
215, 109
215, 110
215, 111
215, 112
215, 113
215, 114
215, 115
215, 116
215, 117
215, 118
215, 119
215, 120
216, 78
216, 79
216, 80
216, 81
216, 82
216, 83
216, 84
216, 85
216, 86
216, 87
216, 88
216, 89
216, 90
216, 91
216, 92
216, 93
216, 94
216, 95
216, 96
216, 97
216, 98
216, 99
216, 100
216, 101
216, 102
216, 103
216, 104
216, 105
216, 106
216, 107
216, 108
216, 109
216, 110
216, 111
216, 112
216, 113
216, 114
216, 115
216, 116
216, 117
216, 118
216, 119
216, 120
216, 121
217, 33
217, 34
217, 35
217, 36
217, 72
217, 73
217, 74
217, 75
217, 76
217, 77
217, 78
217, 79
217, 80
217, 81
217, 82
217, 83
217, 84
217, 85
217, 86
217, 87
217, 88
217, 89
217, 90
217, 91
217, 92
217, 93
217, 94
217, 95
217, 96
217, 97
217, 98
217, 99
217, 100
217, 101
217, 102
217, 103
217, 104
217, 105
217, 106
217, 107
217, 108
217, 109
217, 110
217, 111
217, 112
217, 113
217, 114
217, 115
217, 116
217, 117
217, 118
217, 119
217, 120
217, 121
218, 31
218, 32
218, 33
218, 34
218, 35
218, 36
218, 37
218, 38
218, 39
218, 40
218, 67
218, 68
218, 69
218, 70
218, 71
218, 72
218, 73
218, 74
218, 75
218, 76
218, 77
218, 78
218, 79
218, 80
218, 81
218, 82
218, 83
218, 84
218, 85
218, 86
218, 87
218, 88
218, 89
218, 90
218, 91
218, 92
218, 93
218, 94
218, 95
218, 96
218, 97
218, 98
218, 99
218, 100
218, 101
218, 102
218, 103
218, 104
218, 105
218, 106
218, 107
218, 108
218, 109
218, 110
218, 111
218, 112
218, 113
218, 114
218, 115
218, 116
218, 117
218, 118
218, 119
218, 120
218, 121
219, 29
219, 30
219, 31
219, 32
219, 33
219, 34
219, 35
219, 36
219, 37
219, 38
219, 39
219, 40
219, 41
219, 42
219, 43
219, 44
219, 45
219, 46
219, 47
219, 48
219, 49
219, 50
219, 51
219, 52
219, 53
219, 54
219, 55
219, 56
219, 57
219, 58
219, 59
219, 60
219, 61
219, 62
219, 63
219, 64
219, 65
219, 66
219, 67
219, 68
219, 69
219, 70
219, 71
219, 72
219, 73
219, 74
219, 75
219, 76
219, 77
219, 78
219, 79
219, 80
219, 81
219, 82
219, 83
219, 84
219, 85
219, 86
219, 87
219, 88
219, 89
219, 90
219, 91
219, 92
219, 93
219, 94
219, 95
219, 96
219, 97
219, 98
219, 99
219, 100
219, 101
219, 102
219, 103
219, 104
219, 105
219, 106
219, 107
219, 108
219, 109
219, 110
219, 111
219, 112
219, 113
219, 114
219, 115
219, 116
219, 117
219, 118
219, 119
219, 120
219, 121
219, 122
220, 28
220, 29
220, 30
220, 31
220, 32
220, 33
220, 34
220, 35
220, 36
220, 37
220, 38
220, 39
220, 40
220, 41
220, 42
220, 43
220, 44
220, 45
220, 46
220, 47
220, 48
220, 49
220, 50
220, 51
220, 52
220, 53
220, 54
220, 55
220, 56
220, 57
220, 58
220, 59
220, 60
220, 61
220, 62
220, 63
220, 64
220, 65
220, 66
220, 67
220, 68
220, 69
220, 70
220, 71
220, 72
220, 73
220, 74
220, 75
220, 76
220, 77
220, 78
220, 79
220, 80
220, 81
220, 82
220, 83
220, 84
220, 85
220, 86
220, 87
220, 88
220, 89
220, 90
220, 91
220, 92
220, 93
220, 94
220, 95
220, 96
220, 97
220, 98
220, 99
220, 100
220, 101
220, 102
220, 103
220, 104
220, 105
220, 106
220, 107
220, 108
220, 109
220, 110
220, 111
220, 112
220, 113
220, 114
220, 115
220, 116
220, 117
220, 118
220, 119
220, 120
220, 121
220, 122
221, 27
221, 28
221, 29
221, 30
221, 31
221, 32
221, 33
221, 34
221, 35
221, 36
221, 37
221, 38
221, 39
221, 40
221, 41
221, 42
221, 43
221, 44
221, 45
221, 46
221, 47
221, 48
221, 49
221, 50
221, 51
221, 52
221, 53
221, 54
221, 55
221, 56
221, 57
221, 58
221, 59
221, 60
221, 61
221, 62
221, 63
221, 64
221, 65
221, 66
221, 67
221, 68
221, 69
221, 70
221, 71
221, 72
221, 73
221, 74
221, 75
221, 76
221, 77
221, 78
221, 79
221, 80
221, 81
221, 82
221, 83
221, 84
221, 85
221, 86
221, 87
221, 88
221, 89
221, 90
221, 91
221, 92
221, 93
221, 94
221, 95
221, 96
221, 97
221, 98
221, 99
221, 100
221, 101
221, 102
221, 103
221, 104
221, 105
221, 106
221, 107
221, 108
221, 109
221, 110
221, 111
221, 112
221, 113
221, 114
221, 115
221, 116
221, 117
221, 118
221, 119
221, 120
221, 121
221, 122
222, 27
222, 28
222, 29
222, 30
222, 31
222, 32
222, 33
222, 34
222, 35
222, 36
222, 37
222, 38
222, 39
222, 40
222, 41
222, 42
222, 43
222, 44
222, 45
222, 46
222, 47
222, 48
222, 49
222, 50
222, 51
222, 52
222, 53
222, 54
222, 55
222, 56
222, 57
222, 58
222, 59
222, 60
222, 61
222, 62
222, 63
222, 64
222, 65
222, 66
222, 67
222, 68
222, 69
222, 70
222, 71
222, 72
222, 73
222, 74
222, 75
222, 76
222, 77
222, 78
222, 79
222, 80
222, 81
222, 82
222, 83
222, 84
222, 85
222, 86
222, 87
222, 88
222, 89
222, 90
222, 91
222, 92
222, 93
222, 94
222, 95
222, 96
222, 97
222, 98
222, 99
222, 100
222, 101
222, 102
222, 103
222, 104
222, 105
222, 106
222, 107
222, 108
222, 109
222, 110
222, 111
222, 112
222, 113
222, 114
222, 115
222, 116
222, 117
222, 118
222, 119
222, 120
222, 121
222, 122
222, 123
223, 27
223, 28
223, 29
223, 30
223, 31
223, 32
223, 33
223, 34
223, 35
223, 36
223, 37
223, 38
223, 39
223, 40
223, 41
223, 42
223, 43
223, 44
223, 45
223, 46
223, 47
223, 48
223, 49
223, 50
223, 51
223, 52
223, 53
223, 54
223, 55
223, 56
223, 57
223, 58
223, 59
223, 60
223, 61
223, 62
223, 63
223, 64
223, 65
223, 66
223, 67
223, 68
223, 69
223, 70
223, 71
223, 72
223, 73
223, 74
223, 75
223, 76
223, 77
223, 78
223, 79
223, 80
223, 81
223, 82
223, 83
223, 84
223, 85
223, 86
223, 87
223, 88
223, 89
223, 90
223, 91
223, 92
223, 93
223, 94
223, 95
223, 96
223, 97
223, 98
223, 99
223, 100
223, 101
223, 102
223, 103
223, 104
223, 105
223, 106
223, 107
223, 108
223, 109
223, 110
223, 111
223, 112
223, 113
223, 114
223, 115
223, 116
223, 117
223, 118
223, 119
223, 120
223, 121
223, 122
223, 123
224, 27
224, 28
224, 29
224, 30
224, 31
224, 32
224, 33
224, 34
224, 35
224, 36
224, 37
224, 38
224, 39
224, 40
224, 41
224, 42
224, 43
224, 44
224, 45
224, 46
224, 47
224, 48
224, 49
224, 50
224, 51
224, 52
224, 53
224, 54
224, 55
224, 56
224, 57
224, 58
224, 59
224, 60
224, 61
224, 62
224, 63
224, 64
224, 65
224, 66
224, 67
224, 68
224, 69
224, 70
224, 71
224, 72
224, 73
224, 74
224, 75
224, 76
224, 77
224, 78
224, 79
224, 80
224, 81
224, 82
224, 83
224, 84
224, 85
224, 86
224, 87
224, 88
224, 89
224, 90
224, 91
224, 92
224, 93
224, 94
224, 95
224, 96
224, 97
224, 98
224, 99
224, 100
224, 101
224, 102
224, 103
224, 104
224, 105
224, 106
224, 107
224, 108
224, 109
224, 110
224, 111
224, 112
224, 113
224, 114
224, 115
224, 116
224, 117
224, 118
224, 119
224, 120
224, 121
224, 122
224, 123
224, 124
225, 27
225, 28
225, 29
225, 30
225, 31
225, 32
225, 33
225, 34
225, 35
225, 36
225, 37
225, 38
225, 39
225, 40
225, 41
225, 42
225, 43
225, 44
225, 45
225, 46
225, 47
225, 48
225, 49
225, 50
225, 51
225, 52
225, 53
225, 54
225, 55
225, 56
225, 57
225, 58
225, 59
225, 60
225, 61
225, 62
225, 63
225, 64
225, 65
225, 66
225, 67
225, 68
225, 69
225, 70
225, 71
225, 72
225, 73
225, 74
225, 75
225, 76
225, 77
225, 78
225, 79
225, 80
225, 81
225, 82
225, 83
225, 84
225, 85
225, 86
225, 87
225, 88
225, 89
225, 90
225, 91
225, 92
225, 93
225, 94
225, 95
225, 96
225, 97
225, 98
225, 99
225, 100
225, 101
225, 102
225, 103
225, 104
225, 105
225, 106
225, 107
225, 108
225, 109
225, 110
225, 111
225, 112
225, 113
225, 114
225, 115
225, 116
225, 117
225, 118
225, 119
225, 120
225, 121
225, 122
225, 123
225, 124
226, 27
226, 28
226, 29
226, 30
226, 31
226, 32
226, 33
226, 34
226, 35
226, 36
226, 37
226, 38
226, 39
226, 40
226, 41
226, 42
226, 43
226, 44
226, 45
226, 46
226, 47
226, 48
226, 49
226, 50
226, 51
226, 52
226, 53
226, 54
226, 55
226, 56
226, 57
226, 58
226, 59
226, 60
226, 61
226, 62
226, 63
226, 64
226, 65
226, 66
226, 67
226, 68
226, 69
226, 70
226, 71
226, 72
226, 73
226, 74
226, 75
226, 76
226, 77
226, 78
226, 79
226, 80
226, 81
226, 82
226, 83
226, 84
226, 85
226, 86
226, 87
226, 88
226, 89
226, 90
226, 91
226, 92
226, 93
226, 94
226, 95
226, 96
226, 97
226, 98
226, 99
226, 100
226, 101
226, 102
226, 103
226, 104
226, 105
226, 106
226, 107
226, 108
226, 109
226, 110
226, 111
226, 112
226, 113
226, 114
226, 115
226, 116
226, 117
226, 118
226, 119
226, 120
226, 121
226, 122
226, 123
226, 124
227, 26
227, 27
227, 28
227, 29
227, 30
227, 31
227, 32
227, 33
227, 34
227, 35
227, 36
227, 37
227, 38
227, 39
227, 40
227, 41
227, 42
227, 43
227, 44
227, 45
227, 46
227, 47
227, 48
227, 49
227, 50
227, 51
227, 52
227, 53
227, 54
227, 55
227, 56
227, 57
227, 58
227, 59
227, 60
227, 61
227, 62
227, 63
227, 64
227, 65
227, 66
227, 67
227, 68
227, 69
227, 70
227, 71
227, 72
227, 73
227, 74
227, 75
227, 76
227, 77
227, 78
227, 79
227, 80
227, 81
227, 82
227, 83
227, 84
227, 85
227, 86
227, 87
227, 88
227, 89
227, 90
227, 91
227, 92
227, 93
227, 94
227, 95
227, 96
227, 97
227, 98
227, 99
227, 100
227, 101
227, 102
227, 103
227, 104
227, 105
227, 106
227, 107
227, 108
227, 109
227, 110
227, 111
227, 112
227, 113
227, 114
227, 115
227, 116
227, 117
227, 118
227, 119
227, 120
227, 121
227, 122
227, 123
227, 124
227, 125
228, 26
228, 27
228, 28
228, 29
228, 30
228, 31
228, 32
228, 33
228, 34
228, 35
228, 36
228, 37
228, 38
228, 39
228, 40
228, 41
228, 42
228, 43
228, 44
228, 45
228, 46
228, 47
228, 48
228, 49
228, 50
228, 51
228, 52
228, 53
228, 54
228, 55
228, 56
228, 57
228, 58
228, 59
228, 60
228, 61
228, 62
228, 63
228, 64
228, 65
228, 66
228, 67
228, 68
228, 69
228, 70
228, 71
228, 72
228, 73
228, 74
228, 75
228, 76
228, 77
228, 78
228, 79
228, 80
228, 81
228, 82
228, 83
228, 84
228, 85
228, 86
228, 87
228, 88
228, 89
228, 90
228, 91
228, 92
228, 93
228, 94
228, 95
228, 96
228, 97
228, 98
228, 99
228, 100
228, 101
228, 102
228, 103
228, 104
228, 105
228, 106
228, 107
228, 108
228, 109
228, 110
228, 111
228, 112
228, 113
228, 114
228, 115
228, 116
228, 117
228, 118
228, 119
228, 120
228, 121
228, 122
228, 123
228, 124
228, 125
229, 26
229, 27
229, 28
229, 29
229, 30
229, 31
229, 32
229, 33
229, 34
229, 35
229, 36
229, 37
229, 38
229, 39
229, 40
229, 41
229, 42
229, 43
229, 44
229, 45
229, 46
229, 47
229, 48
229, 49
229, 50
229, 51
229, 52
229, 53
229, 54
229, 55
229, 56
229, 57
229, 58
229, 59
229, 60
229, 61
229, 62
229, 63
229, 64
229, 65
229, 66
229, 67
229, 68
229, 69
229, 70
229, 71
229, 72
229, 73
229, 74
229, 75
229, 76
229, 77
229, 78
229, 79
229, 80
229, 81
229, 82
229, 83
229, 84
229, 85
229, 86
229, 87
229, 88
229, 89
229, 90
229, 91
229, 92
229, 93
229, 94
229, 95
229, 96
229, 97
229, 98
229, 99
229, 100
229, 101
229, 102
229, 103
229, 104
229, 105
229, 106
229, 107
229, 108
229, 109
229, 110
229, 111
229, 112
229, 113
229, 114
229, 115
229, 116
229, 117
229, 118
229, 119
229, 120
229, 121
229, 122
229, 123
229, 124
229, 125
230, 26
230, 27
230, 28
230, 29
230, 30
230, 31
230, 32
230, 33
230, 34
230, 35
230, 36
230, 37
230, 38
230, 39
230, 40
230, 41
230, 42
230, 43
230, 44
230, 45
230, 46
230, 47
230, 48
230, 49
230, 50
230, 51
230, 52
230, 53
230, 54
230, 55
230, 56
230, 57
230, 58
230, 59
230, 60
230, 61
230, 62
230, 63
230, 64
230, 65
230, 66
230, 67
230, 68
230, 69
230, 70
230, 71
230, 72
230, 73
230, 74
230, 75
230, 76
230, 77
230, 78
230, 79
230, 80
230, 81
230, 82
230, 83
230, 84
230, 85
230, 86
230, 87
230, 88
230, 89
230, 90
230, 91
230, 92
230, 93
230, 94
230, 95
230, 96
230, 97
230, 98
230, 99
230, 100
230, 101
230, 102
230, 103
230, 104
230, 105
230, 106
230, 107
230, 108
230, 109
230, 110
230, 111
230, 112
230, 113
230, 114
230, 115
230, 116
230, 117
230, 118
230, 119
230, 120
230, 121
230, 122
230, 123
230, 124
230, 125
231, 25
231, 26
231, 27
231, 28
231, 29
231, 30
231, 31
231, 32
231, 33
231, 34
231, 35
231, 36
231, 37
231, 38
231, 39
231, 40
231, 41
231, 42
231, 43
231, 44
231, 45
231, 46
231, 47
231, 48
231, 49
231, 50
231, 51
231, 52
231, 53
231, 54
231, 55
231, 56
231, 57
231, 58
231, 59
231, 60
231, 61
231, 62
231, 63
231, 64
231, 65
231, 66
231, 67
231, 68
231, 69
231, 70
231, 71
231, 72
231, 73
231, 74
231, 75
231, 76
231, 77
231, 78
231, 79
231, 80
231, 81
231, 82
231, 83
231, 84
231, 85
231, 86
231, 87
231, 88
231, 89
231, 90
231, 91
231, 92
231, 93
231, 94
231, 95
231, 96
231, 97
231, 98
231, 99
231, 100
231, 101
231, 102
231, 103
231, 104
231, 105
231, 106
231, 107
231, 108
231, 109
231, 110
231, 111
231, 112
231, 113
231, 114
231, 115
231, 116
231, 117
231, 118
231, 119
231, 120
231, 121
231, 122
231, 123
231, 124
231, 125
231, 126
232, 25
232, 26
232, 27
232, 28
232, 29
232, 30
232, 31
232, 32
232, 33
232, 34
232, 35
232, 36
232, 37
232, 38
232, 39
232, 40
232, 41
232, 42
232, 43
232, 44
232, 45
232, 46
232, 47
232, 48
232, 49
232, 50
232, 51
232, 52
232, 53
232, 54
232, 55
232, 56
232, 57
232, 58
232, 59
232, 60
232, 61
232, 62
232, 63
232, 64
232, 65
232, 66
232, 67
232, 68
232, 69
232, 70
232, 71
232, 72
232, 73
232, 74
232, 75
232, 76
232, 77
232, 78
232, 79
232, 80
232, 81
232, 82
232, 83
232, 84
232, 85
232, 86
232, 87
232, 88
232, 89
232, 90
232, 91
232, 92
232, 93
232, 94
232, 95
232, 96
232, 97
232, 98
232, 99
232, 100
232, 101
232, 102
232, 103
232, 104
232, 105
232, 106
232, 107
232, 108
232, 109
232, 110
232, 111
232, 112
232, 113
232, 114
232, 115
232, 116
232, 117
232, 118
232, 119
232, 120
232, 121
232, 122
232, 123
232, 124
232, 125
232, 126
233, 24
233, 25
233, 26
233, 27
233, 28
233, 29
233, 30
233, 31
233, 32
233, 33
233, 34
233, 35
233, 36
233, 37
233, 38
233, 39
233, 40
233, 41
233, 42
233, 43
233, 44
233, 45
233, 46
233, 47
233, 48
233, 49
233, 50
233, 51
233, 52
233, 53
233, 54
233, 55
233, 56
233, 57
233, 58
233, 59
233, 60
233, 61
233, 62
233, 63
233, 64
233, 65
233, 66
233, 67
233, 68
233, 69
233, 70
233, 71
233, 72
233, 73
233, 74
233, 75
233, 76
233, 77
233, 78
233, 79
233, 80
233, 81
233, 82
233, 83
233, 84
233, 85
233, 86
233, 87
233, 88
233, 89
233, 90
233, 91
233, 92
233, 93
233, 94
233, 95
233, 96
233, 97
233, 98
233, 99
233, 100
233, 101
233, 102
233, 103
233, 104
233, 105
233, 106
233, 107
233, 108
233, 109
233, 110
233, 111
233, 112
233, 113
233, 114
233, 115
233, 116
233, 117
233, 118
233, 119
233, 120
233, 121
233, 122
233, 123
233, 124
233, 125
233, 126
234, 24
234, 25
234, 26
234, 27
234, 28
234, 29
234, 30
234, 31
234, 32
234, 33
234, 34
234, 35
234, 36
234, 37
234, 38
234, 39
234, 40
234, 41
234, 42
234, 43
234, 44
234, 45
234, 46
234, 47
234, 48
234, 49
234, 50
234, 51
234, 52
234, 53
234, 54
234, 55
234, 56
234, 57
234, 58
234, 59
234, 60
234, 61
234, 62
234, 63
234, 64
234, 65
234, 66
234, 67
234, 68
234, 69
234, 70
234, 71
234, 72
234, 73
234, 74
234, 75
234, 76
234, 77
234, 78
234, 79
234, 80
234, 81
234, 82
234, 83
234, 84
234, 85
234, 86
234, 87
234, 88
234, 89
234, 90
234, 91
234, 92
234, 93
234, 94
234, 95
234, 96
234, 97
234, 98
234, 99
234, 100
234, 101
234, 102
234, 103
234, 104
234, 105
234, 106
234, 107
234, 108
234, 109
234, 110
234, 111
234, 112
234, 113
234, 114
234, 115
234, 116
234, 117
234, 118
234, 119
234, 120
234, 121
234, 122
234, 123
234, 124
234, 125
234, 126
235, 24
235, 25
235, 26
235, 27
235, 28
235, 29
235, 30
235, 31
235, 32
235, 33
235, 34
235, 35
235, 36
235, 37
235, 38
235, 39
235, 40
235, 41
235, 42
235, 43
235, 44
235, 45
235, 46
235, 47
235, 48
235, 49
235, 50
235, 51
235, 52
235, 53
235, 54
235, 55
235, 56
235, 57
235, 58
235, 59
235, 60
235, 61
235, 62
235, 63
235, 64
235, 65
235, 66
235, 67
235, 68
235, 69
235, 70
235, 71
235, 72
235, 73
235, 74
235, 75
235, 76
235, 77
235, 78
235, 79
235, 80
235, 81
235, 82
235, 83
235, 84
235, 85
235, 86
235, 87
235, 88
235, 89
235, 90
235, 91
235, 92
235, 93
235, 94
235, 95
235, 96
235, 97
235, 98
235, 99
235, 100
235, 101
235, 102
235, 103
235, 104
235, 105
235, 106
235, 107
235, 108
235, 109
235, 110
235, 111
235, 112
235, 113
235, 114
235, 115
235, 116
235, 117
235, 118
235, 119
235, 120
235, 121
235, 122
235, 123
235, 124
235, 125
235, 126
236, 24
236, 25
236, 26
236, 27
236, 28
236, 29
236, 30
236, 31
236, 32
236, 33
236, 34
236, 35
236, 36
236, 37
236, 38
236, 39
236, 40
236, 41
236, 42
236, 43
236, 44
236, 45
236, 46
236, 47
236, 48
236, 49
236, 50
236, 51
236, 52
236, 53
236, 54
236, 55
236, 56
236, 57
236, 58
236, 59
236, 60
236, 61
236, 62
236, 63
236, 64
236, 65
236, 66
236, 67
236, 68
236, 69
236, 70
236, 71
236, 72
236, 73
236, 74
236, 75
236, 76
236, 77
236, 78
236, 79
236, 80
236, 81
236, 82
236, 83
236, 84
236, 85
236, 86
236, 87
236, 88
236, 89
236, 90
236, 91
236, 92
236, 93
236, 94
236, 95
236, 96
236, 97
236, 98
236, 99
236, 100
236, 101
236, 102
236, 103
236, 104
236, 105
236, 106
236, 107
236, 108
236, 109
236, 110
236, 111
236, 112
236, 113
236, 114
236, 115
236, 116
236, 117
236, 118
236, 119
236, 120
236, 121
236, 122
236, 123
236, 124
236, 125
236, 126
237, 24
237, 25
237, 26
237, 27
237, 28
237, 29
237, 30
237, 31
237, 32
237, 33
237, 34
237, 35
237, 36
237, 37
237, 38
237, 39
237, 40
237, 41
237, 42
237, 43
237, 44
237, 45
237, 46
237, 47
237, 48
237, 49
237, 50
237, 51
237, 52
237, 53
237, 54
237, 55
237, 56
237, 57
237, 58
237, 59
237, 60
237, 61
237, 62
237, 63
237, 64
237, 65
237, 66
237, 67
237, 68
237, 69
237, 70
237, 71
237, 72
237, 73
237, 74
237, 75
237, 76
237, 77
237, 78
237, 79
237, 80
237, 81
237, 82
237, 83
237, 84
237, 85
237, 86
237, 87
237, 88
237, 89
237, 90
237, 91
237, 92
237, 93
237, 94
237, 95
237, 96
237, 97
237, 98
237, 99
237, 100
237, 101
237, 102
237, 103
237, 104
237, 105
237, 106
237, 107
237, 108
237, 109
237, 110
237, 111
237, 112
237, 113
237, 114
237, 115
237, 116
237, 117
237, 118
237, 119
237, 120
237, 121
237, 122
237, 123
237, 124
237, 125
237, 126
238, 24
238, 25
238, 26
238, 27
238, 28
238, 29
238, 30
238, 31
238, 32
238, 33
238, 34
238, 35
238, 36
238, 37
238, 38
238, 39
238, 40
238, 41
238, 42
238, 43
238, 44
238, 45
238, 46
238, 47
238, 48
238, 49
238, 50
238, 51
238, 52
238, 53
238, 54
238, 55
238, 56
238, 57
238, 58
238, 59
238, 60
238, 61
238, 62
238, 63
238, 64
238, 65
238, 66
238, 67
238, 68
238, 69
238, 70
238, 71
238, 72
238, 73
238, 74
238, 75
238, 76
238, 77
238, 78
238, 79
238, 80
238, 81
238, 82
238, 83
238, 84
238, 85
238, 86
238, 87
238, 88
238, 89
238, 90
238, 91
238, 92
238, 93
238, 94
238, 95
238, 96
238, 97
238, 98
238, 99
238, 100
238, 101
238, 102
238, 103
238, 104
238, 105
238, 106
238, 107
238, 108
238, 109
238, 110
238, 111
238, 112
238, 113
238, 114
238, 115
238, 116
238, 117
238, 118
238, 119
238, 120
238, 121
238, 122
238, 123
238, 124
238, 125
238, 126
239, 24
239, 25
239, 26
239, 27
239, 28
239, 29
239, 30
239, 31
239, 32
239, 33
239, 34
239, 35
239, 36
239, 37
239, 38
239, 39
239, 40
239, 41
239, 42
239, 43
239, 44
239, 45
239, 46
239, 47
239, 48
239, 49
239, 50
239, 51
239, 52
239, 53
239, 54
239, 55
239, 56
239, 57
239, 58
239, 59
239, 60
239, 61
239, 62
239, 63
239, 64
239, 65
239, 66
239, 67
239, 68
239, 69
239, 70
239, 71
239, 72
239, 73
239, 74
239, 75
239, 76
239, 77
239, 78
239, 79
239, 80
239, 81
239, 82
239, 83
239, 84
239, 85
239, 86
239, 87
239, 88
239, 89
239, 90
239, 91
239, 92
239, 93
239, 94
239, 95
239, 96
239, 97
239, 98
239, 99
239, 100
239, 101
239, 102
239, 103
239, 104
239, 105
239, 106
239, 107
239, 108
239, 109
239, 110
239, 111
239, 112
239, 113
239, 114
239, 115
239, 116
239, 117
239, 118
239, 119
239, 120
239, 121
239, 122
239, 123
239, 124
239, 125
239, 126
239, 127
240, 24
240, 25
240, 26
240, 27
240, 28
240, 29
240, 30
240, 31
240, 32
240, 33
240, 34
240, 35
240, 36
240, 37
240, 38
240, 39
240, 40
240, 41
240, 42
240, 43
240, 44
240, 45
240, 46
240, 47
240, 48
240, 49
240, 50
240, 51
240, 52
240, 53
240, 54
240, 55
240, 56
240, 57
240, 58
240, 59
240, 60
240, 61
240, 62
240, 63
240, 64
240, 65
240, 66
240, 67
240, 68
240, 69
240, 70
240, 71
240, 72
240, 73
240, 74
240, 75
240, 76
240, 77
240, 78
240, 79
240, 80
240, 81
240, 82
240, 83
240, 84
240, 85
240, 86
240, 87
240, 88
240, 89
240, 90
240, 91
240, 92
240, 93
240, 94
240, 95
240, 96
240, 97
240, 98
240, 99
240, 100
240, 101
240, 102
240, 103
240, 104
240, 105
240, 106
240, 107
240, 108
240, 109
240, 110
240, 111
240, 112
240, 113
240, 114
240, 115
240, 116
240, 117
240, 118
240, 119
240, 120
240, 121
240, 122
240, 123
240, 124
240, 125
240, 126
240, 127
241, 24
241, 25
241, 26
241, 27
241, 28
241, 29
241, 30
241, 31
241, 32
241, 33
241, 34
241, 35
241, 36
241, 37
241, 38
241, 39
241, 40
241, 41
241, 42
241, 43
241, 44
241, 45
241, 46
241, 47
241, 48
241, 49
241, 50
241, 51
241, 52
241, 53
241, 54
241, 55
241, 56
241, 57
241, 58
241, 59
241, 60
241, 61
241, 62
241, 63
241, 64
241, 65
241, 66
241, 67
241, 68
241, 69
241, 70
241, 71
241, 72
241, 73
241, 74
241, 75
241, 76
241, 77
241, 78
241, 79
241, 80
241, 81
241, 82
241, 83
241, 84
241, 85
241, 86
241, 87
241, 88
241, 89
241, 90
241, 91
241, 92
241, 93
241, 94
241, 95
241, 96
241, 97
241, 98
241, 99
241, 100
241, 101
241, 102
241, 103
241, 104
241, 105
241, 106
241, 107
241, 108
241, 109
241, 110
241, 111
241, 112
241, 113
241, 114
241, 115
241, 116
241, 117
241, 118
241, 119
241, 120
241, 121
241, 122
241, 123
241, 124
241, 125
241, 126
241, 127
242, 23
242, 24
242, 25
242, 26
242, 27
242, 28
242, 29
242, 30
242, 31
242, 32
242, 33
242, 34
242, 35
242, 36
242, 37
242, 38
242, 39
242, 40
242, 41
242, 42
242, 43
242, 44
242, 45
242, 46
242, 47
242, 48
242, 49
242, 50
242, 51
242, 52
242, 53
242, 54
242, 55
242, 56
242, 57
242, 58
242, 59
242, 60
242, 61
242, 62
242, 63
242, 64
242, 65
242, 66
242, 67
242, 68
242, 69
242, 70
242, 71
242, 72
242, 73
242, 74
242, 75
242, 76
242, 77
242, 78
242, 79
242, 80
242, 81
242, 82
242, 83
242, 84
242, 85
242, 86
242, 87
242, 88
242, 89
242, 90
242, 91
242, 92
242, 93
242, 94
242, 95
242, 96
242, 97
242, 98
242, 99
242, 100
242, 101
242, 102
242, 103
242, 104
242, 105
242, 106
242, 107
242, 108
242, 109
242, 110
242, 111
242, 112
242, 113
242, 114
242, 115
242, 116
242, 117
242, 118
242, 119
242, 120
242, 121
242, 122
242, 123
242, 124
242, 125
242, 126
242, 127
243, 23
243, 24
243, 25
243, 26
243, 27
243, 28
243, 29
243, 30
243, 31
243, 32
243, 33
243, 34
243, 35
243, 36
243, 37
243, 38
243, 39
243, 40
243, 41
243, 42
243, 43
243, 44
243, 45
243, 46
243, 47
243, 48
243, 49
243, 50
243, 51
243, 52
243, 53
243, 54
243, 55
243, 56
243, 57
243, 58
243, 59
243, 60
243, 61
243, 62
243, 63
243, 64
243, 65
243, 66
243, 67
243, 68
243, 69
243, 70
243, 71
243, 72
243, 73
243, 74
243, 75
243, 76
243, 77
243, 78
243, 79
243, 80
243, 81
243, 82
243, 83
243, 84
243, 85
243, 86
243, 87
243, 88
243, 89
243, 90
243, 91
243, 92
243, 93
243, 94
243, 95
243, 96
243, 97
243, 98
243, 99
243, 100
243, 101
243, 102
243, 103
243, 104
243, 105
243, 106
243, 107
243, 108
243, 109
243, 110
243, 111
243, 112
243, 113
243, 114
243, 115
243, 116
243, 117
243, 118
243, 119
243, 120
243, 121
243, 122
243, 123
243, 124
243, 125
243, 126
243, 127
244, 23
244, 24
244, 25
244, 26
244, 27
244, 28
244, 29
244, 30
244, 31
244, 32
244, 33
244, 34
244, 35
244, 36
244, 37
244, 38
244, 39
244, 40
244, 41
244, 42
244, 43
244, 44
244, 45
244, 46
244, 47
244, 48
244, 49
244, 50
244, 51
244, 52
244, 53
244, 54
244, 55
244, 56
244, 57
244, 58
244, 59
244, 60
244, 61
244, 62
244, 63
244, 64
244, 65
244, 66
244, 67
244, 68
244, 69
244, 70
244, 71
244, 72
244, 73
244, 74
244, 75
244, 76
244, 77
244, 78
244, 79
244, 80
244, 81
244, 82
244, 83
244, 84
244, 85
244, 86
244, 87
244, 88
244, 89
244, 90
244, 91
244, 92
244, 93
244, 94
244, 95
244, 96
244, 97
244, 98
244, 99
244, 100
244, 101
244, 102
244, 103
244, 104
244, 105
244, 106
244, 107
244, 108
244, 109
244, 110
244, 111
244, 112
244, 113
244, 114
244, 115
244, 116
244, 117
244, 118
244, 119
244, 120
244, 121
244, 122
244, 123
244, 124
244, 125
244, 126
244, 127
245, 23
245, 24
245, 25
245, 26
245, 27
245, 28
245, 29
245, 30
245, 31
245, 32
245, 33
245, 34
245, 35
245, 36
245, 37
245, 38
245, 39
245, 40
245, 41
245, 42
245, 43
245, 44
245, 45
245, 46
245, 47
245, 48
245, 49
245, 50
245, 51
245, 52
245, 53
245, 54
245, 55
245, 56
245, 57
245, 58
245, 59
245, 60
245, 61
245, 62
245, 63
245, 64
245, 65
245, 66
245, 67
245, 68
245, 69
245, 70
245, 71
245, 72
245, 73
245, 74
245, 75
245, 76
245, 77
245, 78
245, 79
245, 80
245, 81
245, 82
245, 83
245, 84
245, 85
245, 86
245, 87
245, 88
245, 89
245, 90
245, 91
245, 92
245, 93
245, 94
245, 95
245, 96
245, 97
245, 98
245, 99
245, 100
245, 101
245, 102
245, 103
245, 104
245, 105
245, 106
245, 107
245, 108
245, 109
245, 110
245, 111
245, 112
245, 113
245, 114
245, 115
245, 116
245, 117
245, 118
245, 119
245, 120
245, 121
245, 122
245, 123
245, 124
245, 125
245, 126
245, 127
246, 23
246, 24
246, 25
246, 26
246, 27
246, 28
246, 29
246, 30
246, 31
246, 32
246, 33
246, 34
246, 35
246, 36
246, 37
246, 38
246, 39
246, 40
246, 41
246, 42
246, 43
246, 44
246, 45
246, 46
246, 47
246, 48
246, 49
246, 50
246, 51
246, 52
246, 53
246, 54
246, 55
246, 56
246, 57
246, 58
246, 59
246, 60
246, 61
246, 62
246, 63
246, 64
246, 65
246, 66
246, 67
246, 68
246, 69
246, 70
246, 71
246, 72
246, 73
246, 74
246, 75
246, 76
246, 77
246, 78
246, 79
246, 80
246, 81
246, 82
246, 83
246, 84
246, 85
246, 86
246, 87
246, 88
246, 89
246, 90
246, 91
246, 92
246, 93
246, 94
246, 95
246, 96
246, 97
246, 98
246, 99
246, 100
246, 101
246, 102
246, 103
246, 104
246, 105
246, 106
246, 107
246, 108
246, 109
246, 110
246, 111
246, 112
246, 113
246, 114
246, 115
246, 116
246, 117
246, 118
246, 119
246, 120
246, 121
246, 122
246, 123
246, 124
246, 125
246, 126
246, 127
247, 23
247, 24
247, 25
247, 26
247, 27
247, 28
247, 29
247, 30
247, 31
247, 32
247, 33
247, 34
247, 35
247, 36
247, 37
247, 38
247, 39
247, 40
247, 41
247, 42
247, 43
247, 44
247, 45
247, 46
247, 47
247, 48
247, 49
247, 50
247, 51
247, 52
247, 53
247, 54
247, 55
247, 56
247, 57
247, 58
247, 59
247, 60
247, 61
247, 62
247, 63
247, 64
247, 65
247, 66
247, 67
247, 68
247, 69
247, 70
247, 71
247, 72
247, 73
247, 74
247, 75
247, 76
247, 77
247, 78
247, 79
247, 80
247, 81
247, 82
247, 83
247, 84
247, 85
247, 86
247, 87
247, 88
247, 89
247, 90
247, 91
247, 92
247, 93
247, 94
247, 95
247, 96
247, 97
247, 98
247, 99
247, 100
247, 101
247, 102
247, 103
247, 104
247, 105
247, 106
247, 107
247, 108
247, 109
247, 110
247, 111
247, 112
247, 113
247, 114
247, 115
247, 116
247, 117
247, 118
247, 119
247, 120
247, 121
247, 122
247, 123
247, 124
247, 125
247, 126
247, 127
247, 128
248, 23
248, 24
248, 25
248, 26
248, 27
248, 28
248, 29
248, 30
248, 31
248, 32
248, 33
248, 34
248, 35
248, 36
248, 37
248, 38
248, 39
248, 40
248, 41
248, 42
248, 43
248, 44
248, 45
248, 46
248, 47
248, 48
248, 49
248, 50
248, 51
248, 52
248, 53
248, 54
248, 55
248, 56
248, 57
248, 58
248, 59
248, 60
248, 61
248, 62
248, 63
248, 64
248, 65
248, 66
248, 67
248, 68
248, 69
248, 70
248, 71
248, 72
248, 73
248, 74
248, 75
248, 76
248, 77
248, 78
248, 79
248, 80
248, 81
248, 82
248, 83
248, 84
248, 85
248, 86
248, 87
248, 88
248, 89
248, 90
248, 91
248, 92
248, 93
248, 94
248, 95
248, 96
248, 97
248, 98
248, 99
248, 100
248, 101
248, 102
248, 103
248, 104
248, 105
248, 106
248, 107
248, 108
248, 109
248, 110
248, 111
248, 112
248, 113
248, 114
248, 115
248, 116
248, 117
248, 118
248, 119
248, 120
248, 121
248, 122
248, 123
248, 124
248, 125
248, 126
248, 127
248, 128
249, 23
249, 24
249, 25
249, 26
249, 27
249, 28
249, 29
249, 30
249, 31
249, 32
249, 33
249, 34
249, 35
249, 36
249, 37
249, 38
249, 39
249, 40
249, 41
249, 42
249, 43
249, 44
249, 45
249, 46
249, 47
249, 48
249, 49
249, 50
249, 51
249, 52
249, 53
249, 54
249, 55
249, 56
249, 57
249, 58
249, 59
249, 60
249, 61
249, 62
249, 63
249, 64
249, 65
249, 66
249, 67
249, 68
249, 69
249, 70
249, 71
249, 72
249, 73
249, 74
249, 75
249, 76
249, 77
249, 78
249, 79
249, 80
249, 81
249, 82
249, 83
249, 84
249, 85
249, 86
249, 87
249, 88
249, 89
249, 90
249, 91
249, 92
249, 93
249, 94
249, 95
249, 96
249, 97
249, 98
249, 99
249, 100
249, 101
249, 102
249, 103
249, 104
249, 105
249, 106
249, 107
249, 108
249, 109
249, 110
249, 111
249, 112
249, 113
249, 114
249, 115
249, 116
249, 117
249, 118
249, 119
249, 120
249, 121
249, 122
249, 123
249, 124
249, 125
249, 126
249, 127
249, 128
250, 23
250, 24
250, 25
250, 26
250, 27
250, 28
250, 29
250, 30
250, 31
250, 32
250, 33
250, 34
250, 35
250, 36
250, 37
250, 38
250, 39
250, 40
250, 41
250, 42
250, 43
250, 44
250, 45
250, 46
250, 47
250, 48
250, 49
250, 50
250, 51
250, 52
250, 53
250, 54
250, 55
250, 56
250, 57
250, 58
250, 59
250, 60
250, 61
250, 62
250, 63
250, 64
250, 65
250, 66
250, 67
250, 68
250, 69
250, 70
250, 71
250, 72
250, 73
250, 74
250, 75
250, 76
250, 77
250, 78
250, 79
250, 80
250, 81
250, 82
250, 83
250, 84
250, 85
250, 86
250, 87
250, 88
250, 89
250, 90
250, 91
250, 92
250, 93
250, 94
250, 95
250, 96
250, 97
250, 98
250, 99
250, 100
250, 101
250, 102
250, 103
250, 104
250, 105
250, 106
250, 107
250, 108
250, 109
250, 110
250, 111
250, 112
250, 113
250, 114
250, 115
250, 116
250, 117
250, 118
250, 119
250, 120
250, 121
250, 122
250, 123
250, 124
250, 125
250, 126
250, 127
250, 128
251, 23
251, 24
251, 25
251, 26
251, 27
251, 28
251, 29
251, 30
251, 31
251, 32
251, 33
251, 34
251, 35
251, 36
251, 37
251, 38
251, 39
251, 40
251, 41
251, 42
251, 43
251, 44
251, 45
251, 46
251, 47
251, 48
251, 49
251, 50
251, 51
251, 52
251, 53
251, 54
251, 55
251, 56
251, 57
251, 58
251, 59
251, 60
251, 61
251, 62
251, 63
251, 64
251, 65
251, 66
251, 67
251, 68
251, 69
251, 70
251, 71
251, 72
251, 73
251, 74
251, 75
251, 76
251, 77
251, 78
251, 79
251, 80
251, 81
251, 82
251, 83
251, 84
251, 85
251, 86
251, 87
251, 88
251, 89
251, 90
251, 91
251, 92
251, 93
251, 94
251, 95
251, 96
251, 97
251, 98
251, 99
251, 100
251, 101
251, 102
251, 103
251, 104
251, 105
251, 106
251, 107
251, 108
251, 109
251, 110
251, 111
251, 112
251, 113
251, 114
251, 115
251, 116
251, 117
251, 118
251, 119
251, 120
251, 121
251, 122
251, 123
251, 124
251, 125
251, 126
251, 127
251, 128
252, 23
252, 24
252, 25
252, 26
252, 27
252, 28
252, 29
252, 30
252, 31
252, 32
252, 33
252, 34
252, 35
252, 36
252, 37
252, 38
252, 39
252, 40
252, 41
252, 42
252, 43
252, 44
252, 45
252, 46
252, 47
252, 48
252, 49
252, 50
252, 51
252, 52
252, 53
252, 54
252, 55
252, 56
252, 57
252, 58
252, 59
252, 60
252, 61
252, 62
252, 63
252, 64
252, 65
252, 66
252, 67
252, 68
252, 69
252, 70
252, 71
252, 72
252, 73
252, 74
252, 75
252, 76
252, 77
252, 78
252, 79
252, 80
252, 81
252, 82
252, 83
252, 84
252, 85
252, 86
252, 87
252, 88
252, 89
252, 90
252, 91
252, 92
252, 93
252, 94
252, 95
252, 96
252, 97
252, 98
252, 99
252, 100
252, 101
252, 102
252, 103
252, 104
252, 105
252, 106
252, 107
252, 108
252, 109
252, 110
252, 111
252, 112
252, 113
252, 114
252, 115
252, 116
252, 117
252, 118
252, 119
252, 120
252, 121
252, 122
252, 123
252, 124
252, 125
252, 126
252, 127
252, 128
252, 129
253, 23
253, 24
253, 25
253, 26
253, 27
253, 28
253, 29
253, 30
253, 31
253, 32
253, 33
253, 34
253, 35
253, 36
253, 37
253, 38
253, 39
253, 40
253, 41
253, 42
253, 43
253, 44
253, 45
253, 46
253, 47
253, 48
253, 49
253, 50
253, 51
253, 52
253, 53
253, 54
253, 55
253, 56
253, 57
253, 58
253, 59
253, 60
253, 61
253, 62
253, 63
253, 64
253, 65
253, 66
253, 67
253, 68
253, 69
253, 70
253, 71
253, 72
253, 73
253, 74
253, 75
253, 76
253, 77
253, 78
253, 79
253, 80
253, 81
253, 82
253, 83
253, 84
253, 85
253, 86
253, 87
253, 88
253, 89
253, 90
253, 91
253, 92
253, 93
253, 94
253, 95
253, 96
253, 97
253, 98
253, 99
253, 100
253, 101
253, 102
253, 103
253, 104
253, 105
253, 106
253, 107
253, 108
253, 109
253, 110
253, 111
253, 112
253, 113
253, 114
253, 115
253, 116
253, 117
253, 118
253, 119
253, 120
253, 121
253, 122
253, 123
253, 124
253, 125
253, 126
253, 127
253, 128
253, 129
254, 24
254, 25
254, 26
254, 27
254, 28
254, 29
254, 30
254, 31
254, 32
254, 33
254, 34
254, 35
254, 36
254, 37
254, 38
254, 39
254, 40
254, 41
254, 42
254, 43
254, 44
254, 45
254, 46
254, 47
254, 48
254, 49
254, 50
254, 51
254, 52
254, 53
254, 54
254, 55
254, 56
254, 57
254, 58
254, 59
254, 60
254, 61
254, 62
254, 63
254, 64
254, 65
254, 66
254, 67
254, 68
254, 69
254, 70
254, 71
254, 72
254, 73
254, 74
254, 75
254, 76
254, 77
254, 78
254, 79
254, 80
254, 81
254, 82
254, 83
254, 84
254, 85
254, 86
254, 87
254, 88
254, 89
254, 90
254, 91
254, 92
254, 93
254, 94
254, 95
254, 96
254, 97
254, 98
254, 99
254, 100
254, 101
254, 102
254, 103
254, 104
254, 105
254, 106
254, 107
254, 108
254, 109
254, 110
254, 111
254, 112
254, 113
254, 114
254, 115
254, 116
254, 117
254, 118
254, 119
254, 120
254, 121
254, 122
254, 123
254, 124
254, 125
254, 126
254, 127
254, 128
254, 129
255, 24
255, 25
255, 26
255, 27
255, 28
255, 29
255, 30
255, 31
255, 32
255, 33
255, 34
255, 35
255, 36
255, 37
255, 38
255, 39
255, 40
255, 41
255, 42
255, 43
255, 44
255, 45
255, 46
255, 47
255, 48
255, 49
255, 50
255, 51
255, 52
255, 53
255, 54
255, 55
255, 56
255, 57
255, 58
255, 59
255, 60
255, 61
255, 62
255, 63
255, 64
255, 65
255, 66
255, 67
255, 68
255, 69
255, 70
255, 71
255, 72
255, 73
255, 74
255, 75
255, 76
255, 77
255, 78
255, 79
255, 80
255, 81
255, 82
255, 83
255, 84
255, 85
255, 86
255, 87
255, 88
255, 89
255, 90
255, 91
255, 92
255, 93
255, 94
255, 95
255, 96
255, 97
255, 98
255, 99
255, 100
255, 101
255, 102
255, 103
255, 104
255, 105
255, 106
255, 107
255, 108
255, 109
255, 110
255, 111
255, 112
255, 113
255, 114
255, 115
255, 116
255, 117
255, 118
255, 119
255, 120
255, 121
255, 122
255, 123
255, 124
255, 125
255, 126
255, 127
255, 128
255, 129
256, 24
256, 25
256, 26
256, 27
256, 28
256, 29
256, 30
256, 31
256, 32
256, 33
256, 34
256, 35
256, 36
256, 37
256, 38
256, 39
256, 40
256, 41
256, 42
256, 43
256, 44
256, 45
256, 46
256, 47
256, 48
256, 49
256, 50
256, 51
256, 52
256, 53
256, 54
256, 55
256, 56
256, 57
256, 58
256, 59
256, 60
256, 61
256, 62
256, 63
256, 64
256, 65
256, 66
256, 67
256, 68
256, 69
256, 70
256, 71
256, 72
256, 73
256, 74
256, 75
256, 76
256, 77
256, 78
256, 79
256, 80
256, 81
256, 82
256, 83
256, 84
256, 85
256, 86
256, 87
256, 88
256, 89
256, 90
256, 91
256, 92
256, 93
256, 94
256, 95
256, 96
256, 97
256, 98
256, 99
256, 100
256, 101
256, 102
256, 103
256, 104
256, 105
256, 106
256, 107
256, 108
256, 109
256, 110
256, 111
256, 112
256, 113
256, 114
256, 115
256, 116
256, 117
256, 118
256, 119
256, 120
256, 121
256, 122
256, 123
256, 124
256, 125
256, 126
256, 127
256, 128
256, 129
257, 24
257, 25
257, 26
257, 27
257, 28
257, 29
257, 30
257, 31
257, 32
257, 33
257, 34
257, 35
257, 36
257, 37
257, 38
257, 39
257, 40
257, 41
257, 42
257, 43
257, 44
257, 45
257, 46
257, 47
257, 48
257, 49
257, 50
257, 51
257, 52
257, 53
257, 54
257, 55
257, 56
257, 57
257, 58
257, 59
257, 60
257, 61
257, 62
257, 63
257, 64
257, 65
257, 66
257, 67
257, 68
257, 69
257, 70
257, 71
257, 72
257, 73
257, 74
257, 75
257, 76
257, 77
257, 78
257, 79
257, 80
257, 81
257, 82
257, 83
257, 84
257, 85
257, 86
257, 87
257, 88
257, 89
257, 90
257, 91
257, 92
257, 93
257, 94
257, 95
257, 96
257, 97
257, 98
257, 99
257, 100
257, 101
257, 102
257, 103
257, 104
257, 105
257, 106
257, 107
257, 108
257, 109
257, 110
257, 111
257, 112
257, 113
257, 114
257, 115
257, 116
257, 117
257, 118
257, 119
257, 120
257, 121
257, 122
257, 123
257, 124
257, 125
257, 126
257, 127
257, 128
257, 129
258, 24
258, 25
258, 26
258, 27
258, 28
258, 29
258, 30
258, 31
258, 32
258, 33
258, 34
258, 35
258, 36
258, 37
258, 38
258, 39
258, 40
258, 41
258, 42
258, 43
258, 44
258, 45
258, 46
258, 47
258, 48
258, 49
258, 50
258, 51
258, 52
258, 53
258, 54
258, 55
258, 56
258, 57
258, 58
258, 59
258, 60
258, 61
258, 62
258, 63
258, 64
258, 65
258, 66
258, 67
258, 68
258, 69
258, 70
258, 71
258, 72
258, 73
258, 74
258, 75
258, 76
258, 77
258, 78
258, 79
258, 80
258, 81
258, 82
258, 83
258, 84
258, 85
258, 86
258, 87
258, 88
258, 89
258, 90
258, 91
258, 92
258, 93
258, 94
258, 95
258, 96
258, 97
258, 98
258, 99
258, 100
258, 101
258, 102
258, 103
258, 104
258, 105
258, 106
258, 107
258, 108
258, 109
258, 110
258, 111
258, 112
258, 113
258, 114
258, 115
258, 116
258, 117
258, 118
258, 119
258, 120
258, 121
258, 122
258, 123
258, 124
258, 125
258, 126
258, 127
258, 128
258, 129
259, 24
259, 25
259, 26
259, 27
259, 28
259, 29
259, 30
259, 31
259, 32
259, 33
259, 34
259, 35
259, 36
259, 37
259, 38
259, 39
259, 40
259, 41
259, 42
259, 43
259, 44
259, 45
259, 46
259, 47
259, 48
259, 49
259, 50
259, 51
259, 52
259, 53
259, 54
259, 55
259, 56
259, 57
259, 58
259, 59
259, 60
259, 61
259, 62
259, 63
259, 64
259, 65
259, 66
259, 67
259, 68
259, 69
259, 70
259, 71
259, 72
259, 73
259, 74
259, 75
259, 76
259, 77
259, 78
259, 79
259, 80
259, 81
259, 82
259, 83
259, 84
259, 85
259, 86
259, 87
259, 88
259, 89
259, 90
259, 91
259, 92
259, 93
259, 94
259, 95
259, 96
259, 97
259, 98
259, 99
259, 100
259, 101
259, 102
259, 103
259, 104
259, 105
259, 106
259, 107
259, 108
259, 109
259, 110
259, 111
259, 112
259, 113
259, 114
259, 115
259, 116
259, 117
259, 118
259, 119
259, 120
259, 121
259, 122
259, 123
259, 124
259, 125
259, 126
259, 127
259, 128
259, 129
260, 24
260, 25
260, 26
260, 27
260, 28
260, 29
260, 30
260, 31
260, 32
260, 33
260, 34
260, 35
260, 36
260, 37
260, 38
260, 39
260, 40
260, 41
260, 42
260, 43
260, 44
260, 45
260, 46
260, 47
260, 48
260, 49
260, 50
260, 51
260, 52
260, 53
260, 54
260, 55
260, 56
260, 57
260, 58
260, 59
260, 60
260, 61
260, 62
260, 63
260, 64
260, 65
260, 66
260, 67
260, 68
260, 69
260, 70
260, 71
260, 72
260, 73
260, 74
260, 75
260, 76
260, 77
260, 78
260, 79
260, 80
260, 81
260, 82
260, 83
260, 84
260, 85
260, 86
260, 87
260, 88
260, 89
260, 90
260, 91
260, 92
260, 93
260, 94
260, 95
260, 96
260, 97
260, 98
260, 99
260, 100
260, 101
260, 102
260, 103
260, 104
260, 105
260, 106
260, 107
260, 108
260, 109
260, 110
260, 111
260, 112
260, 113
260, 114
260, 115
260, 116
260, 117
260, 118
260, 119
260, 120
260, 121
260, 122
260, 123
260, 124
260, 125
260, 126
260, 127
260, 128
260, 129
261, 25
261, 26
261, 27
261, 28
261, 29
261, 30
261, 31
261, 32
261, 33
261, 34
261, 35
261, 36
261, 37
261, 38
261, 39
261, 40
261, 41
261, 42
261, 43
261, 44
261, 45
261, 46
261, 47
261, 48
261, 49
261, 50
261, 51
261, 52
261, 53
261, 54
261, 55
261, 56
261, 57
261, 58
261, 59
261, 60
261, 61
261, 62
261, 63
261, 64
261, 65
261, 66
261, 67
261, 68
261, 69
261, 70
261, 71
261, 72
261, 73
261, 74
261, 75
261, 76
261, 77
261, 78
261, 79
261, 80
261, 81
261, 82
261, 83
261, 84
261, 85
261, 86
261, 87
261, 88
261, 89
261, 90
261, 91
261, 92
261, 93
261, 94
261, 95
261, 96
261, 97
261, 98
261, 99
261, 100
261, 101
261, 102
261, 103
261, 104
261, 105
261, 106
261, 107
261, 108
261, 109
261, 110
261, 111
261, 112
261, 113
261, 114
261, 115
261, 116
261, 117
261, 118
261, 119
261, 120
261, 121
261, 122
261, 123
261, 124
261, 125
261, 126
261, 127
261, 128
261, 129
262, 25
262, 26
262, 27
262, 28
262, 29
262, 30
262, 31
262, 32
262, 33
262, 34
262, 35
262, 36
262, 37
262, 38
262, 39
262, 40
262, 41
262, 42
262, 43
262, 44
262, 45
262, 46
262, 47
262, 48
262, 49
262, 50
262, 51
262, 52
262, 53
262, 54
262, 55
262, 56
262, 57
262, 58
262, 59
262, 60
262, 61
262, 62
262, 63
262, 64
262, 65
262, 66
262, 67
262, 68
262, 69
262, 70
262, 71
262, 72
262, 73
262, 74
262, 75
262, 76
262, 77
262, 78
262, 79
262, 80
262, 81
262, 82
262, 83
262, 84
262, 85
262, 86
262, 87
262, 88
262, 89
262, 90
262, 91
262, 92
262, 93
262, 94
262, 95
262, 96
262, 97
262, 98
262, 99
262, 100
262, 101
262, 102
262, 103
262, 104
262, 105
262, 106
262, 107
262, 108
262, 109
262, 110
262, 111
262, 112
262, 113
262, 114
262, 115
262, 116
262, 117
262, 118
262, 119
262, 120
262, 121
262, 122
262, 123
262, 124
262, 125
262, 126
262, 127
262, 128
262, 129
263, 25
263, 26
263, 27
263, 28
263, 29
263, 30
263, 31
263, 32
263, 33
263, 34
263, 35
263, 36
263, 37
263, 38
263, 39
263, 40
263, 41
263, 42
263, 43
263, 44
263, 45
263, 46
263, 47
263, 48
263, 49
263, 50
263, 51
263, 52
263, 53
263, 54
263, 55
263, 56
263, 57
263, 58
263, 59
263, 60
263, 61
263, 62
263, 63
263, 64
263, 65
263, 66
263, 67
263, 68
263, 69
263, 70
263, 71
263, 72
263, 73
263, 74
263, 75
263, 76
263, 77
263, 78
263, 79
263, 80
263, 81
263, 82
263, 83
263, 84
263, 85
263, 86
263, 87
263, 88
263, 89
263, 90
263, 91
263, 92
263, 93
263, 94
263, 95
263, 96
263, 97
263, 98
263, 99
263, 100
263, 101
263, 102
263, 103
263, 104
263, 105
263, 106
263, 107
263, 108
263, 109
263, 110
263, 111
263, 112
263, 113
263, 114
263, 115
263, 116
263, 117
263, 118
263, 119
263, 120
263, 121
263, 122
263, 123
263, 124
263, 125
263, 126
263, 127
263, 128
263, 129
264, 25
264, 26
264, 27
264, 28
264, 29
264, 30
264, 31
264, 32
264, 33
264, 34
264, 35
264, 36
264, 37
264, 38
264, 39
264, 40
264, 41
264, 42
264, 43
264, 44
264, 45
264, 46
264, 47
264, 48
264, 49
264, 50
264, 51
264, 52
264, 53
264, 54
264, 55
264, 56
264, 57
264, 58
264, 59
264, 60
264, 61
264, 62
264, 63
264, 64
264, 65
264, 66
264, 67
264, 68
264, 69
264, 70
264, 71
264, 72
264, 73
264, 74
264, 75
264, 76
264, 77
264, 78
264, 79
264, 80
264, 81
264, 82
264, 83
264, 84
264, 85
264, 86
264, 87
264, 88
264, 89
264, 90
264, 91
264, 92
264, 93
264, 94
264, 95
264, 96
264, 97
264, 98
264, 99
264, 100
264, 101
264, 102
264, 103
264, 104
264, 105
264, 106
264, 107
264, 108
264, 109
264, 110
264, 111
264, 112
264, 113
264, 114
264, 115
264, 116
264, 117
264, 118
264, 119
264, 120
264, 121
264, 122
264, 123
264, 124
264, 125
264, 126
264, 127
264, 128
264, 129
264, 130
265, 25
265, 26
265, 27
265, 28
265, 29
265, 30
265, 31
265, 32
265, 33
265, 34
265, 35
265, 36
265, 37
265, 38
265, 39
265, 40
265, 41
265, 42
265, 43
265, 44
265, 45
265, 46
265, 47
265, 48
265, 49
265, 50
265, 51
265, 52
265, 53
265, 54
265, 55
265, 56
265, 57
265, 58
265, 59
265, 60
265, 61
265, 62
265, 63
265, 64
265, 65
265, 66
265, 67
265, 68
265, 69
265, 70
265, 71
265, 72
265, 73
265, 74
265, 75
265, 76
265, 77
265, 78
265, 79
265, 80
265, 81
265, 82
265, 83
265, 84
265, 85
265, 86
265, 87
265, 88
265, 89
265, 90
265, 91
265, 92
265, 93
265, 94
265, 95
265, 96
265, 97
265, 98
265, 99
265, 100
265, 101
265, 102
265, 103
265, 104
265, 105
265, 106
265, 107
265, 108
265, 109
265, 110
265, 111
265, 112
265, 113
265, 114
265, 115
265, 116
265, 117
265, 118
265, 119
265, 120
265, 121
265, 122
265, 123
265, 124
265, 125
265, 126
265, 127
265, 128
265, 129
265, 130
266, 26
266, 27
266, 28
266, 29
266, 30
266, 31
266, 32
266, 33
266, 34
266, 35
266, 36
266, 37
266, 38
266, 39
266, 40
266, 41
266, 42
266, 43
266, 44
266, 45
266, 46
266, 47
266, 48
266, 49
266, 50
266, 51
266, 52
266, 53
266, 54
266, 55
266, 56
266, 57
266, 58
266, 59
266, 60
266, 61
266, 62
266, 63
266, 64
266, 65
266, 66
266, 67
266, 68
266, 69
266, 70
266, 71
266, 72
266, 73
266, 74
266, 75
266, 76
266, 77
266, 78
266, 79
266, 80
266, 81
266, 82
266, 83
266, 84
266, 85
266, 86
266, 87
266, 88
266, 89
266, 90
266, 91
266, 92
266, 93
266, 94
266, 95
266, 96
266, 97
266, 98
266, 99
266, 100
266, 101
266, 102
266, 103
266, 104
266, 105
266, 106
266, 107
266, 108
266, 109
266, 110
266, 111
266, 112
266, 113
266, 114
266, 115
266, 116
266, 117
266, 118
266, 119
266, 120
266, 121
266, 122
266, 123
266, 124
266, 125
266, 126
266, 127
266, 128
266, 129
266, 130
267, 26
267, 27
267, 28
267, 29
267, 30
267, 31
267, 32
267, 33
267, 34
267, 35
267, 36
267, 37
267, 38
267, 39
267, 40
267, 41
267, 42
267, 43
267, 44
267, 45
267, 46
267, 47
267, 48
267, 49
267, 50
267, 51
267, 52
267, 53
267, 54
267, 55
267, 56
267, 57
267, 58
267, 59
267, 60
267, 61
267, 62
267, 63
267, 64
267, 65
267, 66
267, 67
267, 68
267, 69
267, 70
267, 71
267, 72
267, 73
267, 74
267, 75
267, 76
267, 77
267, 78
267, 79
267, 80
267, 81
267, 82
267, 83
267, 84
267, 85
267, 86
267, 87
267, 88
267, 89
267, 90
267, 91
267, 92
267, 93
267, 94
267, 95
267, 96
267, 97
267, 98
267, 99
267, 100
267, 101
267, 102
267, 103
267, 104
267, 105
267, 106
267, 107
267, 108
267, 109
267, 110
267, 111
267, 112
267, 113
267, 114
267, 115
267, 116
267, 117
267, 118
267, 119
267, 120
267, 121
267, 122
267, 123
267, 124
267, 125
267, 126
267, 127
267, 128
267, 129
267, 130
268, 26
268, 27
268, 28
268, 29
268, 30
268, 31
268, 32
268, 33
268, 34
268, 35
268, 36
268, 37
268, 38
268, 39
268, 40
268, 41
268, 42
268, 43
268, 44
268, 45
268, 46
268, 47
268, 48
268, 49
268, 50
268, 51
268, 52
268, 53
268, 54
268, 55
268, 56
268, 57
268, 58
268, 59
268, 60
268, 61
268, 62
268, 63
268, 64
268, 65
268, 66
268, 67
268, 68
268, 69
268, 70
268, 71
268, 72
268, 73
268, 74
268, 75
268, 76
268, 77
268, 78
268, 79
268, 80
268, 81
268, 82
268, 83
268, 84
268, 85
268, 86
268, 87
268, 88
268, 89
268, 90
268, 91
268, 92
268, 93
268, 94
268, 95
268, 96
268, 97
268, 98
268, 99
268, 100
268, 101
268, 102
268, 103
268, 104
268, 105
268, 106
268, 107
268, 108
268, 109
268, 110
268, 111
268, 112
268, 113
268, 114
268, 115
268, 116
268, 117
268, 118
268, 119
268, 120
268, 121
268, 122
268, 123
268, 124
268, 125
268, 126
268, 127
268, 128
268, 129
268, 130
269, 26
269, 27
269, 28
269, 29
269, 30
269, 31
269, 32
269, 33
269, 34
269, 35
269, 36
269, 37
269, 38
269, 39
269, 40
269, 41
269, 42
269, 43
269, 44
269, 45
269, 46
269, 47
269, 48
269, 49
269, 50
269, 51
269, 52
269, 53
269, 54
269, 55
269, 56
269, 57
269, 58
269, 59
269, 60
269, 61
269, 62
269, 63
269, 64
269, 65
269, 66
269, 67
269, 68
269, 69
269, 70
269, 71
269, 72
269, 73
269, 74
269, 75
269, 76
269, 77
269, 78
269, 79
269, 80
269, 81
269, 82
269, 83
269, 84
269, 85
269, 86
269, 87
269, 88
269, 89
269, 90
269, 91
269, 92
269, 93
269, 94
269, 95
269, 96
269, 97
269, 98
269, 99
269, 100
269, 101
269, 102
269, 103
269, 104
269, 105
269, 106
269, 107
269, 108
269, 109
269, 110
269, 111
269, 112
269, 113
269, 114
269, 115
269, 116
269, 117
269, 118
269, 119
269, 120
269, 121
269, 122
269, 123
269, 124
269, 125
269, 126
269, 127
269, 128
269, 129
269, 130
270, 26
270, 27
270, 28
270, 29
270, 30
270, 31
270, 32
270, 33
270, 34
270, 35
270, 36
270, 37
270, 38
270, 39
270, 40
270, 41
270, 42
270, 43
270, 44
270, 45
270, 46
270, 47
270, 48
270, 49
270, 50
270, 51
270, 52
270, 53
270, 54
270, 55
270, 56
270, 57
270, 58
270, 59
270, 60
270, 61
270, 62
270, 63
270, 64
270, 65
270, 66
270, 67
270, 68
270, 69
270, 70
270, 71
270, 72
270, 73
270, 74
270, 75
270, 76
270, 77
270, 78
270, 79
270, 80
270, 81
270, 82
270, 83
270, 84
270, 85
270, 86
270, 87
270, 88
270, 89
270, 90
270, 91
270, 92
270, 93
270, 94
270, 95
270, 96
270, 97
270, 98
270, 99
270, 100
270, 101
270, 102
270, 103
270, 104
270, 105
270, 106
270, 107
270, 108
270, 109
270, 110
270, 111
270, 112
270, 113
270, 114
270, 115
270, 116
270, 117
270, 118
270, 119
270, 120
270, 121
270, 122
270, 123
270, 124
270, 125
270, 126
270, 127
270, 128
270, 129
270, 130
271, 26
271, 27
271, 28
271, 29
271, 30
271, 31
271, 32
271, 33
271, 34
271, 35
271, 36
271, 37
271, 38
271, 39
271, 40
271, 41
271, 42
271, 43
271, 44
271, 45
271, 46
271, 47
271, 48
271, 49
271, 50
271, 51
271, 52
271, 53
271, 54
271, 55
271, 56
271, 57
271, 58
271, 59
271, 60
271, 61
271, 62
271, 63
271, 64
271, 65
271, 66
271, 67
271, 68
271, 69
271, 70
271, 71
271, 72
271, 73
271, 74
271, 75
271, 76
271, 77
271, 78
271, 79
271, 80
271, 81
271, 82
271, 83
271, 84
271, 85
271, 86
271, 87
271, 88
271, 89
271, 90
271, 91
271, 92
271, 93
271, 94
271, 95
271, 96
271, 97
271, 98
271, 99
271, 100
271, 101
271, 102
271, 103
271, 104
271, 105
271, 106
271, 107
271, 108
271, 109
271, 110
271, 111
271, 112
271, 113
271, 114
271, 115
271, 116
271, 117
271, 118
271, 119
271, 120
271, 121
271, 122
271, 123
271, 124
271, 125
271, 126
271, 127
271, 128
271, 129
271, 130
272, 26
272, 27
272, 28
272, 29
272, 30
272, 31
272, 32
272, 33
272, 34
272, 35
272, 36
272, 37
272, 38
272, 39
272, 40
272, 41
272, 42
272, 43
272, 44
272, 45
272, 46
272, 47
272, 48
272, 49
272, 50
272, 51
272, 52
272, 53
272, 54
272, 55
272, 56
272, 57
272, 58
272, 59
272, 60
272, 61
272, 62
272, 63
272, 64
272, 65
272, 66
272, 67
272, 68
272, 69
272, 70
272, 71
272, 72
272, 73
272, 74
272, 75
272, 76
272, 77
272, 78
272, 79
272, 80
272, 81
272, 82
272, 83
272, 84
272, 85
272, 86
272, 87
272, 88
272, 89
272, 90
272, 91
272, 92
272, 93
272, 94
272, 95
272, 96
272, 97
272, 98
272, 99
272, 100
272, 101
272, 102
272, 103
272, 104
272, 105
272, 106
272, 107
272, 108
272, 109
272, 110
272, 111
272, 112
272, 113
272, 114
272, 115
272, 116
272, 117
272, 118
272, 119
272, 120
272, 121
272, 122
272, 123
272, 124
272, 125
272, 126
272, 127
272, 128
272, 129
272, 130
273, 26
273, 27
273, 28
273, 29
273, 30
273, 31
273, 32
273, 33
273, 34
273, 35
273, 36
273, 37
273, 38
273, 39
273, 40
273, 41
273, 42
273, 43
273, 44
273, 45
273, 46
273, 47
273, 48
273, 49
273, 50
273, 51
273, 52
273, 53
273, 54
273, 55
273, 56
273, 57
273, 58
273, 59
273, 60
273, 61
273, 62
273, 63
273, 64
273, 65
273, 66
273, 67
273, 68
273, 69
273, 70
273, 71
273, 72
273, 73
273, 74
273, 75
273, 76
273, 77
273, 78
273, 79
273, 80
273, 81
273, 82
273, 83
273, 84
273, 85
273, 86
273, 87
273, 88
273, 89
273, 90
273, 91
273, 92
273, 93
273, 94
273, 95
273, 96
273, 97
273, 98
273, 99
273, 100
273, 101
273, 102
273, 103
273, 104
273, 105
273, 106
273, 107
273, 108
273, 109
273, 110
273, 111
273, 112
273, 113
273, 114
273, 115
273, 116
273, 117
273, 118
273, 119
273, 120
273, 121
273, 122
273, 123
273, 124
273, 125
273, 126
273, 127
273, 128
273, 129
273, 130
274, 26
274, 27
274, 28
274, 29
274, 30
274, 31
274, 32
274, 33
274, 34
274, 35
274, 36
274, 37
274, 38
274, 39
274, 40
274, 41
274, 42
274, 43
274, 44
274, 45
274, 46
274, 47
274, 48
274, 49
274, 50
274, 51
274, 52
274, 53
274, 54
274, 55
274, 56
274, 57
274, 58
274, 59
274, 60
274, 61
274, 62
274, 63
274, 64
274, 65
274, 66
274, 67
274, 68
274, 69
274, 70
274, 71
274, 72
274, 73
274, 74
274, 75
274, 76
274, 77
274, 78
274, 79
274, 80
274, 81
274, 82
274, 83
274, 84
274, 85
274, 86
274, 87
274, 88
274, 89
274, 90
274, 91
274, 92
274, 93
274, 94
274, 95
274, 96
274, 97
274, 98
274, 99
274, 100
274, 101
274, 102
274, 103
274, 104
274, 105
274, 106
274, 107
274, 108
274, 109
274, 110
274, 111
274, 112
274, 113
274, 114
274, 115
274, 116
274, 117
274, 118
274, 119
274, 120
274, 121
274, 122
274, 123
274, 124
274, 125
274, 126
274, 127
274, 128
274, 129
274, 130
275, 26
275, 27
275, 28
275, 29
275, 30
275, 31
275, 32
275, 33
275, 34
275, 35
275, 36
275, 37
275, 38
275, 39
275, 40
275, 41
275, 42
275, 43
275, 44
275, 45
275, 46
275, 47
275, 48
275, 49
275, 50
275, 51
275, 52
275, 53
275, 54
275, 55
275, 56
275, 57
275, 58
275, 59
275, 60
275, 61
275, 62
275, 63
275, 64
275, 65
275, 66
275, 67
275, 68
275, 69
275, 70
275, 71
275, 72
275, 73
275, 74
275, 75
275, 76
275, 77
275, 78
275, 79
275, 80
275, 81
275, 82
275, 83
275, 84
275, 85
275, 86
275, 87
275, 88
275, 89
275, 90
275, 91
275, 92
275, 93
275, 94
275, 95
275, 96
275, 97
275, 98
275, 99
275, 100
275, 101
275, 102
275, 103
275, 104
275, 105
275, 106
275, 107
275, 108
275, 109
275, 110
275, 111
275, 112
275, 113
275, 114
275, 115
275, 116
275, 117
275, 118
275, 119
275, 120
275, 121
275, 122
275, 123
275, 124
275, 125
275, 126
275, 127
275, 128
275, 129
275, 130
276, 26
276, 27
276, 28
276, 29
276, 30
276, 31
276, 32
276, 33
276, 34
276, 35
276, 36
276, 37
276, 38
276, 39
276, 40
276, 41
276, 42
276, 43
276, 44
276, 45
276, 46
276, 47
276, 48
276, 49
276, 50
276, 51
276, 52
276, 53
276, 54
276, 55
276, 56
276, 57
276, 58
276, 59
276, 60
276, 61
276, 62
276, 63
276, 64
276, 65
276, 66
276, 67
276, 68
276, 69
276, 70
276, 71
276, 72
276, 73
276, 74
276, 75
276, 76
276, 77
276, 78
276, 79
276, 80
276, 81
276, 82
276, 83
276, 84
276, 85
276, 86
276, 87
276, 88
276, 89
276, 90
276, 91
276, 92
276, 93
276, 94
276, 95
276, 96
276, 97
276, 98
276, 99
276, 100
276, 101
276, 102
276, 103
276, 104
276, 105
276, 106
276, 107
276, 108
276, 109
276, 110
276, 111
276, 112
276, 113
276, 114
276, 115
276, 116
276, 117
276, 118
276, 119
276, 120
276, 121
276, 122
276, 123
276, 124
276, 125
276, 126
276, 127
276, 128
276, 129
276, 130
277, 27
277, 28
277, 29
277, 30
277, 31
277, 32
277, 33
277, 34
277, 35
277, 36
277, 37
277, 38
277, 39
277, 40
277, 41
277, 42
277, 43
277, 44
277, 45
277, 46
277, 47
277, 48
277, 49
277, 50
277, 51
277, 52
277, 53
277, 54
277, 55
277, 56
277, 57
277, 58
277, 59
277, 60
277, 61
277, 62
277, 63
277, 64
277, 65
277, 66
277, 67
277, 68
277, 69
277, 70
277, 71
277, 72
277, 73
277, 74
277, 75
277, 76
277, 77
277, 78
277, 79
277, 80
277, 81
277, 82
277, 83
277, 84
277, 85
277, 86
277, 87
277, 88
277, 89
277, 90
277, 91
277, 92
277, 93
277, 94
277, 95
277, 96
277, 97
277, 98
277, 99
277, 100
277, 101
277, 102
277, 103
277, 104
277, 105
277, 106
277, 107
277, 108
277, 109
277, 110
277, 111
277, 112
277, 113
277, 114
277, 115
277, 116
277, 117
277, 118
277, 119
277, 120
277, 121
277, 122
277, 123
277, 124
277, 125
277, 126
277, 127
277, 128
277, 129
278, 27
278, 28
278, 29
278, 30
278, 31
278, 32
278, 33
278, 34
278, 35
278, 36
278, 37
278, 38
278, 39
278, 40
278, 41
278, 42
278, 43
278, 44
278, 45
278, 46
278, 47
278, 48
278, 49
278, 50
278, 51
278, 52
278, 53
278, 54
278, 55
278, 56
278, 57
278, 58
278, 59
278, 60
278, 61
278, 62
278, 63
278, 64
278, 65
278, 66
278, 67
278, 68
278, 69
278, 70
278, 71
278, 72
278, 73
278, 74
278, 75
278, 76
278, 77
278, 78
278, 79
278, 80
278, 81
278, 82
278, 83
278, 84
278, 85
278, 86
278, 87
278, 88
278, 89
278, 90
278, 91
278, 92
278, 93
278, 94
278, 95
278, 96
278, 97
278, 98
278, 99
278, 100
278, 101
278, 102
278, 103
278, 104
278, 105
278, 106
278, 107
278, 108
278, 109
278, 110
278, 111
278, 112
278, 113
278, 114
278, 115
278, 116
278, 117
278, 118
278, 119
278, 120
278, 121
278, 122
278, 123
278, 124
278, 125
278, 126
278, 127
278, 128
278, 129
278, 130
279, 27
279, 28
279, 29
279, 30
279, 31
279, 32
279, 33
279, 34
279, 35
279, 36
279, 37
279, 38
279, 39
279, 40
279, 41
279, 42
279, 43
279, 44
279, 45
279, 46
279, 47
279, 48
279, 49
279, 50
279, 51
279, 52
279, 53
279, 54
279, 55
279, 56
279, 57
279, 58
279, 59
279, 60
279, 61
279, 62
279, 63
279, 64
279, 65
279, 66
279, 67
279, 68
279, 69
279, 70
279, 71
279, 72
279, 73
279, 74
279, 75
279, 76
279, 77
279, 78
279, 79
279, 80
279, 81
279, 82
279, 83
279, 84
279, 85
279, 86
279, 87
279, 88
279, 89
279, 90
279, 91
279, 92
279, 93
279, 94
279, 95
279, 96
279, 97
279, 98
279, 99
279, 100
279, 101
279, 102
279, 103
279, 104
279, 105
279, 106
279, 107
279, 108
279, 109
279, 110
279, 111
279, 112
279, 113
279, 114
279, 115
279, 116
279, 117
279, 118
279, 119
279, 120
279, 121
279, 122
279, 123
279, 124
279, 125
279, 126
279, 127
279, 128
279, 129
279, 130
280, 27
280, 28
280, 29
280, 30
280, 31
280, 32
280, 33
280, 34
280, 35
280, 36
280, 37
280, 38
280, 39
280, 40
280, 41
280, 42
280, 43
280, 44
280, 45
280, 46
280, 47
280, 48
280, 49
280, 50
280, 51
280, 52
280, 53
280, 54
280, 55
280, 56
280, 57
280, 58
280, 59
280, 60
280, 61
280, 62
280, 63
280, 64
280, 65
280, 66
280, 67
280, 68
280, 69
280, 70
280, 71
280, 72
280, 73
280, 74
280, 75
280, 76
280, 77
280, 78
280, 79
280, 80
280, 81
280, 82
280, 83
280, 84
280, 85
280, 86
280, 87
280, 88
280, 89
280, 90
280, 91
280, 92
280, 93
280, 94
280, 95
280, 96
280, 97
280, 98
280, 99
280, 100
280, 101
280, 102
280, 103
280, 104
280, 105
280, 106
280, 107
280, 108
280, 109
280, 110
280, 111
280, 112
280, 113
280, 114
280, 115
280, 116
280, 117
280, 118
280, 119
280, 120
280, 121
280, 122
280, 123
280, 124
280, 125
280, 126
280, 127
280, 128
280, 129
280, 130
281, 27
281, 28
281, 29
281, 30
281, 31
281, 32
281, 33
281, 34
281, 35
281, 36
281, 37
281, 38
281, 39
281, 40
281, 41
281, 42
281, 43
281, 44
281, 45
281, 46
281, 47
281, 48
281, 49
281, 50
281, 51
281, 52
281, 53
281, 54
281, 55
281, 56
281, 57
281, 58
281, 59
281, 60
281, 61
281, 62
281, 63
281, 64
281, 65
281, 66
281, 67
281, 68
281, 69
281, 70
281, 71
281, 72
281, 73
281, 74
281, 75
281, 76
281, 77
281, 78
281, 79
281, 80
281, 81
281, 82
281, 83
281, 84
281, 85
281, 86
281, 87
281, 88
281, 89
281, 90
281, 91
281, 92
281, 93
281, 94
281, 95
281, 96
281, 97
281, 98
281, 99
281, 100
281, 101
281, 102
281, 103
281, 104
281, 105
281, 106
281, 107
281, 108
281, 109
281, 110
281, 111
281, 112
281, 113
281, 114
281, 115
281, 116
281, 117
281, 118
281, 119
281, 120
281, 121
281, 122
281, 123
281, 124
281, 125
281, 126
281, 127
281, 128
281, 129
281, 130
282, 27
282, 28
282, 29
282, 30
282, 31
282, 32
282, 33
282, 34
282, 35
282, 36
282, 37
282, 38
282, 39
282, 40
282, 41
282, 42
282, 43
282, 44
282, 45
282, 46
282, 47
282, 48
282, 49
282, 50
282, 51
282, 52
282, 53
282, 54
282, 55
282, 56
282, 57
282, 58
282, 59
282, 60
282, 61
282, 62
282, 63
282, 64
282, 65
282, 66
282, 67
282, 68
282, 69
282, 70
282, 71
282, 72
282, 73
282, 74
282, 75
282, 76
282, 77
282, 78
282, 79
282, 80
282, 81
282, 82
282, 83
282, 84
282, 85
282, 86
282, 87
282, 88
282, 89
282, 90
282, 91
282, 92
282, 93
282, 94
282, 95
282, 96
282, 97
282, 98
282, 99
282, 100
282, 101
282, 102
282, 103
282, 104
282, 105
282, 106
282, 107
282, 108
282, 109
282, 110
282, 111
282, 112
282, 113
282, 114
282, 115
282, 116
282, 117
282, 118
282, 119
282, 120
282, 121
282, 122
282, 123
282, 124
282, 125
282, 126
282, 127
282, 128
282, 129
283, 27
283, 28
283, 29
283, 30
283, 31
283, 32
283, 33
283, 34
283, 35
283, 36
283, 37
283, 38
283, 39
283, 40
283, 41
283, 42
283, 43
283, 44
283, 45
283, 46
283, 47
283, 48
283, 49
283, 50
283, 51
283, 52
283, 53
283, 54
283, 55
283, 56
283, 57
283, 58
283, 59
283, 60
283, 61
283, 62
283, 63
283, 64
283, 65
283, 66
283, 67
283, 68
283, 69
283, 70
283, 71
283, 72
283, 73
283, 74
283, 75
283, 76
283, 77
283, 78
283, 79
283, 80
283, 81
283, 82
283, 83
283, 84
283, 85
283, 86
283, 87
283, 88
283, 89
283, 90
283, 91
283, 92
283, 93
283, 94
283, 95
283, 96
283, 97
283, 98
283, 99
283, 100
283, 101
283, 102
283, 103
283, 104
283, 105
283, 106
283, 107
283, 108
283, 109
283, 110
283, 111
283, 112
283, 113
283, 114
283, 115
283, 116
283, 117
283, 118
283, 119
283, 120
283, 121
283, 122
283, 123
283, 124
283, 125
283, 126
283, 127
283, 128
283, 129
284, 27
284, 28
284, 29
284, 30
284, 31
284, 32
284, 33
284, 34
284, 35
284, 36
284, 37
284, 38
284, 39
284, 40
284, 41
284, 42
284, 43
284, 44
284, 45
284, 46
284, 47
284, 48
284, 49
284, 50
284, 51
284, 52
284, 53
284, 54
284, 55
284, 56
284, 57
284, 58
284, 59
284, 60
284, 61
284, 62
284, 63
284, 64
284, 65
284, 66
284, 67
284, 68
284, 69
284, 70
284, 71
284, 72
284, 73
284, 74
284, 75
284, 76
284, 77
284, 78
284, 79
284, 80
284, 81
284, 82
284, 83
284, 84
284, 85
284, 86
284, 87
284, 88
284, 89
284, 90
284, 91
284, 92
284, 93
284, 94
284, 95
284, 96
284, 97
284, 98
284, 99
284, 100
284, 101
284, 102
284, 103
284, 104
284, 105
284, 106
284, 107
284, 108
284, 109
284, 110
284, 111
284, 112
284, 113
284, 114
284, 115
284, 116
284, 117
284, 118
284, 119
284, 120
284, 121
284, 122
284, 123
284, 124
284, 125
284, 126
284, 127
284, 128
284, 129
285, 27
285, 28
285, 29
285, 30
285, 31
285, 32
285, 33
285, 34
285, 35
285, 36
285, 37
285, 38
285, 39
285, 40
285, 41
285, 42
285, 43
285, 44
285, 45
285, 46
285, 47
285, 48
285, 49
285, 50
285, 51
285, 52
285, 53
285, 54
285, 55
285, 56
285, 57
285, 58
285, 59
285, 60
285, 61
285, 62
285, 63
285, 64
285, 65
285, 66
285, 67
285, 68
285, 69
285, 70
285, 71
285, 72
285, 73
285, 74
285, 75
285, 76
285, 77
285, 78
285, 79
285, 80
285, 81
285, 82
285, 83
285, 84
285, 85
285, 86
285, 87
285, 88
285, 89
285, 90
285, 91
285, 92
285, 93
285, 94
285, 95
285, 96
285, 97
285, 98
285, 99
285, 100
285, 101
285, 102
285, 103
285, 104
285, 105
285, 106
285, 107
285, 108
285, 109
285, 110
285, 111
285, 112
285, 113
285, 114
285, 115
285, 116
285, 117
285, 118
285, 119
285, 120
285, 121
285, 122
285, 123
285, 124
285, 125
285, 126
285, 127
285, 128
285, 129
286, 27
286, 28
286, 29
286, 30
286, 31
286, 32
286, 33
286, 34
286, 35
286, 36
286, 37
286, 38
286, 39
286, 40
286, 41
286, 42
286, 43
286, 44
286, 45
286, 46
286, 47
286, 48
286, 49
286, 50
286, 51
286, 52
286, 53
286, 54
286, 55
286, 56
286, 57
286, 58
286, 59
286, 60
286, 61
286, 62
286, 63
286, 64
286, 65
286, 66
286, 67
286, 68
286, 69
286, 70
286, 71
286, 72
286, 73
286, 74
286, 75
286, 76
286, 77
286, 78
286, 79
286, 80
286, 81
286, 82
286, 83
286, 84
286, 85
286, 86
286, 87
286, 88
286, 89
286, 90
286, 91
286, 92
286, 93
286, 94
286, 95
286, 96
286, 97
286, 98
286, 99
286, 100
286, 101
286, 102
286, 103
286, 104
286, 105
286, 106
286, 107
286, 108
286, 109
286, 110
286, 111
286, 112
286, 113
286, 114
286, 115
286, 116
286, 117
286, 118
286, 119
286, 120
286, 121
286, 122
286, 123
286, 124
286, 125
286, 126
286, 127
286, 128
286, 129
287, 27
287, 28
287, 29
287, 30
287, 31
287, 32
287, 33
287, 34
287, 35
287, 36
287, 37
287, 38
287, 39
287, 40
287, 41
287, 42
287, 43
287, 44
287, 45
287, 46
287, 47
287, 48
287, 49
287, 50
287, 51
287, 52
287, 53
287, 54
287, 55
287, 56
287, 57
287, 58
287, 59
287, 60
287, 61
287, 62
287, 63
287, 64
287, 65
287, 66
287, 67
287, 68
287, 69
287, 70
287, 71
287, 72
287, 73
287, 74
287, 75
287, 76
287, 77
287, 78
287, 79
287, 80
287, 81
287, 82
287, 83
287, 84
287, 85
287, 86
287, 87
287, 88
287, 89
287, 90
287, 91
287, 92
287, 93
287, 94
287, 95
287, 96
287, 97
287, 98
287, 99
287, 100
287, 101
287, 102
287, 103
287, 104
287, 105
287, 106
287, 107
287, 108
287, 109
287, 110
287, 111
287, 112
287, 113
287, 114
287, 115
287, 116
287, 117
287, 118
287, 119
287, 120
287, 121
287, 122
287, 123
287, 124
287, 125
287, 126
287, 127
287, 128
287, 129
288, 27
288, 28
288, 29
288, 30
288, 31
288, 32
288, 33
288, 34
288, 35
288, 36
288, 37
288, 38
288, 39
288, 40
288, 41
288, 42
288, 43
288, 44
288, 45
288, 46
288, 47
288, 48
288, 49
288, 50
288, 51
288, 52
288, 53
288, 54
288, 55
288, 56
288, 57
288, 58
288, 59
288, 60
288, 61
288, 62
288, 63
288, 64
288, 65
288, 66
288, 67
288, 68
288, 69
288, 70
288, 71
288, 72
288, 73
288, 74
288, 75
288, 76
288, 77
288, 78
288, 79
288, 80
288, 81
288, 82
288, 83
288, 84
288, 85
288, 86
288, 87
288, 88
288, 89
288, 90
288, 91
288, 92
288, 93
288, 94
288, 95
288, 96
288, 97
288, 98
288, 99
288, 100
288, 101
288, 102
288, 103
288, 104
288, 105
288, 106
288, 107
288, 108
288, 109
288, 110
288, 111
288, 112
288, 113
288, 114
288, 115
288, 116
288, 117
288, 118
288, 119
288, 120
288, 121
288, 122
288, 123
288, 124
288, 125
288, 126
288, 127
288, 128
288, 129
289, 27
289, 28
289, 29
289, 30
289, 31
289, 32
289, 33
289, 34
289, 35
289, 36
289, 37
289, 38
289, 39
289, 40
289, 41
289, 42
289, 43
289, 44
289, 45
289, 46
289, 47
289, 48
289, 49
289, 50
289, 51
289, 52
289, 53
289, 54
289, 55
289, 56
289, 57
289, 58
289, 59
289, 60
289, 61
289, 62
289, 63
289, 64
289, 65
289, 66
289, 67
289, 68
289, 69
289, 70
289, 71
289, 72
289, 73
289, 74
289, 75
289, 76
289, 77
289, 78
289, 79
289, 80
289, 81
289, 82
289, 83
289, 84
289, 85
289, 86
289, 87
289, 88
289, 89
289, 90
289, 91
289, 92
289, 93
289, 94
289, 95
289, 96
289, 97
289, 98
289, 99
289, 100
289, 101
289, 102
289, 103
289, 104
289, 105
289, 106
289, 107
289, 108
289, 109
289, 110
289, 111
289, 112
289, 113
289, 114
289, 115
289, 116
289, 117
289, 118
289, 119
289, 120
289, 121
289, 122
289, 123
289, 124
289, 125
289, 126
289, 127
289, 128
289, 129
290, 27
290, 28
290, 29
290, 30
290, 31
290, 32
290, 33
290, 34
290, 35
290, 36
290, 37
290, 38
290, 39
290, 40
290, 41
290, 42
290, 43
290, 44
290, 45
290, 46
290, 47
290, 48
290, 49
290, 50
290, 51
290, 52
290, 53
290, 54
290, 55
290, 56
290, 57
290, 58
290, 59
290, 60
290, 61
290, 62
290, 63
290, 64
290, 65
290, 66
290, 67
290, 68
290, 69
290, 70
290, 71
290, 72
290, 73
290, 74
290, 75
290, 76
290, 77
290, 78
290, 79
290, 80
290, 81
290, 82
290, 83
290, 84
290, 85
290, 86
290, 87
290, 88
290, 89
290, 90
290, 91
290, 92
290, 93
290, 94
290, 95
290, 96
290, 97
290, 98
290, 99
290, 100
290, 101
290, 102
290, 103
290, 104
290, 105
290, 106
290, 107
290, 108
290, 109
290, 110
290, 111
290, 112
290, 113
290, 114
290, 115
290, 116
290, 117
290, 118
290, 119
290, 120
290, 121
290, 122
290, 123
290, 124
290, 125
290, 126
290, 127
290, 128
290, 129
291, 27
291, 28
291, 29
291, 30
291, 31
291, 32
291, 33
291, 34
291, 35
291, 36
291, 37
291, 38
291, 39
291, 40
291, 41
291, 42
291, 43
291, 44
291, 45
291, 46
291, 47
291, 48
291, 49
291, 50
291, 51
291, 52
291, 53
291, 54
291, 55
291, 56
291, 57
291, 58
291, 59
291, 60
291, 61
291, 62
291, 63
291, 64
291, 65
291, 66
291, 67
291, 68
291, 69
291, 70
291, 71
291, 72
291, 73
291, 74
291, 75
291, 76
291, 77
291, 78
291, 79
291, 80
291, 81
291, 82
291, 83
291, 84
291, 85
291, 86
291, 87
291, 88
291, 89
291, 90
291, 91
291, 92
291, 93
291, 94
291, 95
291, 96
291, 97
291, 98
291, 99
291, 100
291, 101
291, 102
291, 103
291, 104
291, 105
291, 106
291, 107
291, 108
291, 109
291, 110
291, 111
291, 112
291, 113
291, 114
291, 115
291, 116
291, 117
291, 118
291, 119
291, 120
291, 121
291, 122
291, 123
291, 124
291, 125
291, 126
291, 127
291, 128
291, 129
292, 28
292, 29
292, 30
292, 31
292, 32
292, 33
292, 34
292, 35
292, 36
292, 37
292, 38
292, 39
292, 40
292, 41
292, 42
292, 43
292, 44
292, 45
292, 46
292, 47
292, 48
292, 49
292, 50
292, 51
292, 52
292, 53
292, 54
292, 55
292, 56
292, 57
292, 58
292, 59
292, 60
292, 61
292, 62
292, 63
292, 64
292, 65
292, 66
292, 67
292, 68
292, 69
292, 70
292, 71
292, 72
292, 73
292, 74
292, 75
292, 76
292, 77
292, 78
292, 79
292, 80
292, 81
292, 82
292, 83
292, 84
292, 85
292, 86
292, 87
292, 88
292, 89
292, 90
292, 91
292, 92
292, 93
292, 94
292, 95
292, 96
292, 97
292, 98
292, 99
292, 100
292, 101
292, 102
292, 103
292, 104
292, 105
292, 106
292, 107
292, 108
292, 109
292, 110
292, 111
292, 112
292, 113
292, 114
292, 115
292, 116
292, 117
292, 118
292, 119
292, 120
292, 121
292, 122
292, 123
292, 124
292, 125
292, 126
292, 127
292, 128
292, 129
293, 28
293, 29
293, 30
293, 31
293, 32
293, 33
293, 34
293, 35
293, 36
293, 37
293, 38
293, 39
293, 40
293, 41
293, 42
293, 43
293, 44
293, 45
293, 46
293, 47
293, 48
293, 49
293, 50
293, 51
293, 52
293, 53
293, 54
293, 55
293, 56
293, 57
293, 58
293, 59
293, 60
293, 61
293, 62
293, 63
293, 64
293, 65
293, 66
293, 67
293, 68
293, 69
293, 70
293, 71
293, 72
293, 73
293, 74
293, 75
293, 76
293, 77
293, 78
293, 79
293, 80
293, 81
293, 82
293, 83
293, 84
293, 85
293, 86
293, 87
293, 88
293, 89
293, 90
293, 91
293, 92
293, 93
293, 94
293, 95
293, 96
293, 97
293, 98
293, 99
293, 100
293, 101
293, 102
293, 103
293, 104
293, 105
293, 106
293, 107
293, 108
293, 109
293, 110
293, 111
293, 112
293, 113
293, 114
293, 115
293, 116
293, 117
293, 118
293, 119
293, 120
293, 121
293, 122
293, 123
293, 124
293, 125
293, 126
293, 127
293, 128
293, 129
294, 28
294, 29
294, 30
294, 31
294, 32
294, 33
294, 34
294, 35
294, 36
294, 37
294, 38
294, 39
294, 40
294, 41
294, 42
294, 43
294, 44
294, 45
294, 46
294, 47
294, 48
294, 49
294, 50
294, 51
294, 52
294, 53
294, 54
294, 55
294, 56
294, 57
294, 58
294, 59
294, 60
294, 61
294, 62
294, 63
294, 64
294, 65
294, 66
294, 67
294, 68
294, 69
294, 70
294, 71
294, 72
294, 73
294, 74
294, 75
294, 76
294, 77
294, 78
294, 79
294, 80
294, 81
294, 82
294, 83
294, 84
294, 85
294, 86
294, 87
294, 88
294, 89
294, 90
294, 91
294, 92
294, 93
294, 94
294, 95
294, 96
294, 97
294, 98
294, 99
294, 100
294, 101
294, 102
294, 103
294, 104
294, 105
294, 106
294, 107
294, 108
294, 109
294, 110
294, 111
294, 112
294, 113
294, 114
294, 115
294, 116
294, 117
294, 118
294, 119
294, 120
294, 121
294, 122
294, 123
294, 124
294, 125
294, 126
294, 127
294, 128
294, 129
295, 28
295, 29
295, 30
295, 31
295, 32
295, 33
295, 34
295, 35
295, 36
295, 37
295, 38
295, 39
295, 40
295, 41
295, 42
295, 43
295, 44
295, 45
295, 46
295, 47
295, 48
295, 49
295, 50
295, 51
295, 52
295, 53
295, 54
295, 55
295, 56
295, 57
295, 58
295, 59
295, 60
295, 61
295, 62
295, 63
295, 64
295, 65
295, 66
295, 67
295, 68
295, 69
295, 70
295, 71
295, 72
295, 73
295, 74
295, 75
295, 76
295, 77
295, 78
295, 79
295, 80
295, 81
295, 82
295, 83
295, 84
295, 85
295, 86
295, 87
295, 88
295, 89
295, 90
295, 91
295, 92
295, 93
295, 94
295, 95
295, 96
295, 97
295, 98
295, 99
295, 100
295, 101
295, 102
295, 103
295, 104
295, 105
295, 106
295, 107
295, 108
295, 109
295, 110
295, 111
295, 112
295, 113
295, 114
295, 115
295, 116
295, 117
295, 118
295, 119
295, 120
295, 121
295, 122
295, 123
295, 124
295, 125
295, 126
295, 127
295, 128
295, 129
296, 28
296, 29
296, 30
296, 31
296, 32
296, 33
296, 34
296, 35
296, 36
296, 37
296, 38
296, 39
296, 40
296, 41
296, 42
296, 43
296, 44
296, 45
296, 46
296, 47
296, 48
296, 49
296, 50
296, 51
296, 52
296, 53
296, 54
296, 55
296, 56
296, 57
296, 58
296, 59
296, 60
296, 61
296, 62
296, 63
296, 64
296, 65
296, 66
296, 67
296, 68
296, 69
296, 70
296, 71
296, 72
296, 73
296, 74
296, 75
296, 76
296, 77
296, 78
296, 79
296, 80
296, 81
296, 82
296, 83
296, 84
296, 85
296, 86
296, 87
296, 88
296, 89
296, 90
296, 91
296, 92
296, 93
296, 94
296, 95
296, 96
296, 97
296, 98
296, 99
296, 100
296, 101
296, 102
296, 103
296, 104
296, 105
296, 106
296, 107
296, 108
296, 109
296, 110
296, 111
296, 112
296, 113
296, 114
296, 115
296, 116
296, 117
296, 118
296, 119
296, 120
296, 121
296, 122
296, 123
296, 124
296, 125
296, 126
296, 127
296, 128
296, 129
297, 28
297, 29
297, 30
297, 31
297, 32
297, 33
297, 34
297, 35
297, 36
297, 37
297, 38
297, 39
297, 40
297, 41
297, 42
297, 43
297, 44
297, 45
297, 46
297, 47
297, 48
297, 49
297, 50
297, 51
297, 52
297, 53
297, 54
297, 55
297, 56
297, 57
297, 58
297, 59
297, 60
297, 61
297, 62
297, 63
297, 64
297, 65
297, 66
297, 67
297, 68
297, 69
297, 70
297, 71
297, 72
297, 73
297, 74
297, 75
297, 76
297, 77
297, 78
297, 79
297, 80
297, 81
297, 82
297, 83
297, 84
297, 85
297, 86
297, 87
297, 88
297, 89
297, 90
297, 91
297, 92
297, 93
297, 94
297, 95
297, 96
297, 97
297, 98
297, 99
297, 100
297, 101
297, 102
297, 103
297, 104
297, 105
297, 106
297, 107
297, 108
297, 109
297, 110
297, 111
297, 112
297, 113
297, 114
297, 115
297, 116
297, 117
297, 118
297, 119
297, 120
297, 121
297, 122
297, 123
297, 124
297, 125
297, 126
297, 127
297, 128
297, 129
298, 28
298, 29
298, 30
298, 31
298, 32
298, 33
298, 34
298, 35
298, 36
298, 37
298, 38
298, 39
298, 40
298, 41
298, 42
298, 43
298, 44
298, 45
298, 46
298, 47
298, 48
298, 49
298, 50
298, 51
298, 52
298, 53
298, 54
298, 55
298, 56
298, 57
298, 58
298, 59
298, 60
298, 61
298, 62
298, 63
298, 64
298, 65
298, 66
298, 67
298, 68
298, 69
298, 70
298, 71
298, 72
298, 73
298, 74
298, 75
298, 76
298, 77
298, 78
298, 79
298, 80
298, 81
298, 82
298, 83
298, 84
298, 85
298, 86
298, 87
298, 88
298, 89
298, 90
298, 91
298, 92
298, 93
298, 94
298, 95
298, 96
298, 97
298, 98
298, 99
298, 100
298, 101
298, 102
298, 103
298, 104
298, 105
298, 106
298, 107
298, 108
298, 109
298, 110
298, 111
298, 112
298, 113
298, 114
298, 115
298, 116
298, 117
298, 118
298, 119
298, 120
298, 121
298, 122
298, 123
298, 124
298, 125
298, 126
298, 127
298, 128
298, 129
299, 29
299, 30
299, 31
299, 32
299, 33
299, 34
299, 35
299, 36
299, 37
299, 38
299, 39
299, 40
299, 41
299, 42
299, 43
299, 44
299, 45
299, 46
299, 47
299, 48
299, 49
299, 50
299, 51
299, 52
299, 53
299, 54
299, 55
299, 56
299, 57
299, 58
299, 59
299, 60
299, 61
299, 62
299, 63
299, 64
299, 65
299, 66
299, 67
299, 68
299, 69
299, 70
299, 71
299, 72
299, 73
299, 74
299, 75
299, 76
299, 77
299, 78
299, 79
299, 80
299, 81
299, 82
299, 83
299, 84
299, 85
299, 86
299, 87
299, 88
299, 89
299, 90
299, 91
299, 92
299, 93
299, 94
299, 95
299, 96
299, 97
299, 98
299, 99
299, 100
299, 101
299, 102
299, 103
299, 104
299, 105
299, 106
299, 107
299, 108
299, 109
299, 110
299, 111
299, 112
299, 113
299, 114
299, 115
299, 116
299, 117
299, 118
299, 119
299, 120
299, 121
299, 122
299, 123
299, 124
299, 125
299, 126
299, 127
299, 128
299, 129
300, 29
300, 30
300, 31
300, 32
300, 33
300, 34
300, 35
300, 36
300, 37
300, 38
300, 39
300, 40
300, 41
300, 42
300, 43
300, 44
300, 45
300, 46
300, 47
300, 48
300, 49
300, 50
300, 51
300, 52
300, 53
300, 54
300, 55
300, 56
300, 57
300, 58
300, 59
300, 60
300, 61
300, 62
300, 63
300, 64
300, 65
300, 66
300, 67
300, 68
300, 69
300, 70
300, 71
300, 72
300, 73
300, 74
300, 75
300, 76
300, 77
300, 78
300, 79
300, 80
300, 81
300, 82
300, 83
300, 84
300, 85
300, 86
300, 87
300, 88
300, 89
300, 90
300, 91
300, 92
300, 93
300, 94
300, 95
300, 96
300, 97
300, 98
300, 99
300, 100
300, 101
300, 102
300, 103
300, 104
300, 105
300, 106
300, 107
300, 108
300, 109
300, 110
300, 111
300, 112
300, 113
300, 114
300, 115
300, 116
300, 117
300, 118
300, 119
300, 120
300, 121
300, 122
300, 123
300, 124
300, 125
300, 126
300, 127
300, 128
300, 129
301, 29
301, 30
301, 31
301, 32
301, 33
301, 34
301, 35
301, 36
301, 37
301, 38
301, 39
301, 40
301, 41
301, 42
301, 43
301, 44
301, 45
301, 46
301, 47
301, 48
301, 49
301, 50
301, 51
301, 52
301, 53
301, 54
301, 55
301, 56
301, 57
301, 58
301, 59
301, 60
301, 61
301, 62
301, 63
301, 64
301, 65
301, 66
301, 67
301, 68
301, 69
301, 70
301, 71
301, 72
301, 73
301, 74
301, 75
301, 76
301, 77
301, 78
301, 79
301, 80
301, 81
301, 82
301, 83
301, 84
301, 85
301, 86
301, 87
301, 88
301, 89
301, 90
301, 91
301, 92
301, 93
301, 94
301, 95
301, 96
301, 97
301, 98
301, 99
301, 100
301, 101
301, 102
301, 103
301, 104
301, 105
301, 106
301, 107
301, 108
301, 109
301, 110
301, 111
301, 112
301, 113
301, 114
301, 115
301, 116
301, 117
301, 118
301, 119
301, 120
301, 121
301, 122
301, 123
301, 124
301, 125
301, 126
301, 127
301, 128
301, 129
302, 29
302, 30
302, 31
302, 32
302, 33
302, 34
302, 35
302, 36
302, 37
302, 38
302, 39
302, 40
302, 41
302, 42
302, 43
302, 44
302, 45
302, 46
302, 47
302, 48
302, 49
302, 50
302, 51
302, 52
302, 53
302, 54
302, 55
302, 56
302, 57
302, 58
302, 59
302, 60
302, 61
302, 62
302, 63
302, 64
302, 65
302, 66
302, 67
302, 68
302, 69
302, 70
302, 71
302, 72
302, 73
302, 74
302, 75
302, 76
302, 77
302, 78
302, 79
302, 80
302, 81
302, 82
302, 83
302, 84
302, 85
302, 86
302, 87
302, 88
302, 89
302, 90
302, 91
302, 92
302, 93
302, 94
302, 95
302, 96
302, 97
302, 98
302, 99
302, 100
302, 101
302, 102
302, 103
302, 104
302, 105
302, 106
302, 107
302, 108
302, 109
302, 110
302, 111
302, 112
302, 113
302, 114
302, 115
302, 116
302, 117
302, 118
302, 119
302, 120
302, 121
302, 122
302, 123
302, 124
302, 125
302, 126
302, 127
302, 128
302, 129
303, 29
303, 30
303, 31
303, 32
303, 33
303, 34
303, 35
303, 36
303, 37
303, 38
303, 39
303, 40
303, 41
303, 42
303, 43
303, 44
303, 45
303, 46
303, 47
303, 48
303, 49
303, 50
303, 51
303, 52
303, 53
303, 54
303, 55
303, 56
303, 57
303, 58
303, 59
303, 60
303, 61
303, 62
303, 63
303, 64
303, 65
303, 66
303, 67
303, 68
303, 69
303, 70
303, 71
303, 72
303, 73
303, 74
303, 75
303, 76
303, 77
303, 78
303, 79
303, 80
303, 81
303, 82
303, 83
303, 84
303, 85
303, 86
303, 87
303, 88
303, 89
303, 90
303, 91
303, 92
303, 93
303, 94
303, 95
303, 96
303, 97
303, 98
303, 99
303, 100
303, 101
303, 102
303, 103
303, 104
303, 105
303, 106
303, 107
303, 108
303, 109
303, 110
303, 111
303, 112
303, 113
303, 114
303, 115
303, 116
303, 117
303, 118
303, 119
303, 120
303, 121
303, 122
303, 123
303, 124
303, 125
303, 126
303, 127
303, 128
303, 129
304, 29
304, 30
304, 31
304, 32
304, 33
304, 34
304, 35
304, 36
304, 37
304, 38
304, 39
304, 40
304, 41
304, 42
304, 43
304, 44
304, 45
304, 46
304, 47
304, 48
304, 49
304, 50
304, 51
304, 52
304, 53
304, 54
304, 55
304, 56
304, 57
304, 58
304, 59
304, 60
304, 61
304, 62
304, 63
304, 64
304, 65
304, 66
304, 67
304, 68
304, 69
304, 70
304, 71
304, 72
304, 73
304, 74
304, 75
304, 76
304, 77
304, 78
304, 79
304, 80
304, 81
304, 82
304, 83
304, 84
304, 85
304, 86
304, 87
304, 88
304, 89
304, 90
304, 91
304, 92
304, 93
304, 94
304, 95
304, 96
304, 97
304, 98
304, 99
304, 100
304, 101
304, 102
304, 103
304, 104
304, 105
304, 106
304, 107
304, 108
304, 109
304, 110
304, 111
304, 112
304, 113
304, 114
304, 115
304, 116
304, 117
304, 118
304, 119
304, 120
304, 121
304, 122
304, 123
304, 124
304, 125
304, 126
304, 127
304, 128
304, 129
305, 30
305, 31
305, 32
305, 33
305, 34
305, 35
305, 36
305, 37
305, 38
305, 39
305, 40
305, 41
305, 42
305, 43
305, 44
305, 45
305, 46
305, 47
305, 48
305, 49
305, 50
305, 51
305, 52
305, 53
305, 54
305, 55
305, 56
305, 57
305, 58
305, 59
305, 60
305, 61
305, 62
305, 63
305, 64
305, 65
305, 66
305, 67
305, 68
305, 69
305, 70
305, 71
305, 72
305, 73
305, 74
305, 75
305, 76
305, 77
305, 78
305, 79
305, 80
305, 81
305, 82
305, 83
305, 84
305, 85
305, 86
305, 87
305, 88
305, 89
305, 90
305, 91
305, 92
305, 93
305, 94
305, 95
305, 96
305, 97
305, 98
305, 99
305, 100
305, 101
305, 102
305, 103
305, 104
305, 105
305, 106
305, 107
305, 108
305, 109
305, 110
305, 111
305, 112
305, 113
305, 114
305, 115
305, 116
305, 117
305, 118
305, 119
305, 120
305, 121
305, 122
305, 123
305, 124
305, 125
305, 126
305, 127
305, 128
305, 129
306, 30
306, 31
306, 32
306, 33
306, 34
306, 35
306, 36
306, 37
306, 38
306, 39
306, 40
306, 41
306, 42
306, 43
306, 44
306, 45
306, 46
306, 47
306, 48
306, 49
306, 50
306, 51
306, 52
306, 53
306, 54
306, 55
306, 56
306, 57
306, 58
306, 59
306, 60
306, 61
306, 62
306, 63
306, 64
306, 65
306, 66
306, 67
306, 68
306, 69
306, 70
306, 71
306, 72
306, 73
306, 74
306, 75
306, 76
306, 77
306, 78
306, 79
306, 80
306, 81
306, 82
306, 83
306, 84
306, 85
306, 86
306, 87
306, 88
306, 89
306, 90
306, 91
306, 92
306, 93
306, 94
306, 95
306, 96
306, 97
306, 98
306, 99
306, 100
306, 101
306, 102
306, 103
306, 104
306, 105
306, 106
306, 107
306, 108
306, 109
306, 110
306, 111
306, 112
306, 113
306, 114
306, 115
306, 116
306, 117
306, 118
306, 119
306, 120
306, 121
306, 122
306, 123
306, 124
306, 125
306, 126
306, 127
306, 128
306, 129
307, 30
307, 31
307, 32
307, 33
307, 34
307, 35
307, 36
307, 37
307, 38
307, 39
307, 40
307, 41
307, 42
307, 43
307, 44
307, 45
307, 46
307, 47
307, 48
307, 49
307, 50
307, 51
307, 52
307, 53
307, 54
307, 55
307, 56
307, 57
307, 58
307, 59
307, 60
307, 61
307, 62
307, 63
307, 64
307, 65
307, 66
307, 67
307, 68
307, 69
307, 70
307, 71
307, 72
307, 73
307, 74
307, 75
307, 76
307, 77
307, 78
307, 79
307, 80
307, 81
307, 82
307, 83
307, 84
307, 85
307, 86
307, 87
307, 88
307, 89
307, 90
307, 91
307, 92
307, 93
307, 94
307, 95
307, 96
307, 97
307, 98
307, 99
307, 100
307, 101
307, 102
307, 103
307, 104
307, 105
307, 106
307, 107
307, 108
307, 109
307, 110
307, 111
307, 112
307, 113
307, 114
307, 115
307, 116
307, 117
307, 118
307, 119
307, 120
307, 121
307, 122
307, 123
307, 124
307, 125
307, 126
307, 127
307, 128
307, 129
308, 30
308, 31
308, 32
308, 33
308, 34
308, 35
308, 36
308, 37
308, 38
308, 39
308, 40
308, 41
308, 42
308, 43
308, 44
308, 45
308, 46
308, 47
308, 48
308, 49
308, 50
308, 51
308, 52
308, 53
308, 54
308, 55
308, 56
308, 57
308, 58
308, 59
308, 60
308, 61
308, 62
308, 63
308, 64
308, 65
308, 66
308, 67
308, 68
308, 69
308, 70
308, 71
308, 72
308, 73
308, 74
308, 75
308, 76
308, 77
308, 78
308, 79
308, 80
308, 81
308, 82
308, 83
308, 84
308, 85
308, 86
308, 87
308, 88
308, 89
308, 90
308, 91
308, 92
308, 93
308, 94
308, 95
308, 96
308, 97
308, 98
308, 99
308, 100
308, 101
308, 102
308, 103
308, 104
308, 105
308, 106
308, 107
308, 108
308, 109
308, 110
308, 111
308, 112
308, 113
308, 114
308, 115
308, 116
308, 117
308, 118
308, 119
308, 120
308, 121
308, 122
308, 123
308, 124
308, 125
308, 126
308, 127
308, 128
308, 129
309, 30
309, 31
309, 32
309, 33
309, 34
309, 35
309, 36
309, 37
309, 38
309, 39
309, 40
309, 41
309, 42
309, 43
309, 44
309, 45
309, 46
309, 47
309, 48
309, 49
309, 50
309, 51
309, 52
309, 53
309, 54
309, 55
309, 56
309, 57
309, 58
309, 59
309, 60
309, 61
309, 62
309, 63
309, 64
309, 65
309, 66
309, 67
309, 68
309, 69
309, 70
309, 71
309, 72
309, 73
309, 74
309, 75
309, 76
309, 77
309, 78
309, 79
309, 80
309, 81
309, 82
309, 83
309, 84
309, 85
309, 86
309, 87
309, 88
309, 89
309, 90
309, 91
309, 92
309, 93
309, 94
309, 95
309, 96
309, 97
309, 98
309, 99
309, 100
309, 101
309, 102
309, 103
309, 104
309, 105
309, 106
309, 107
309, 108
309, 109
309, 110
309, 111
309, 112
309, 113
309, 114
309, 115
309, 116
309, 117
309, 118
309, 119
309, 120
309, 121
309, 122
309, 123
309, 124
309, 125
309, 126
309, 127
309, 128
309, 129
310, 31
310, 32
310, 33
310, 34
310, 35
310, 36
310, 37
310, 38
310, 39
310, 40
310, 41
310, 42
310, 43
310, 44
310, 45
310, 46
310, 47
310, 48
310, 49
310, 50
310, 51
310, 52
310, 53
310, 54
310, 55
310, 56
310, 57
310, 58
310, 59
310, 60
310, 61
310, 62
310, 63
310, 64
310, 65
310, 66
310, 67
310, 68
310, 69
310, 70
310, 71
310, 72
310, 73
310, 74
310, 75
310, 76
310, 77
310, 78
310, 79
310, 80
310, 81
310, 82
310, 83
310, 84
310, 85
310, 86
310, 87
310, 88
310, 89
310, 90
310, 91
310, 92
310, 93
310, 94
310, 95
310, 96
310, 97
310, 98
310, 99
310, 100
310, 101
310, 102
310, 103
310, 104
310, 105
310, 106
310, 107
310, 108
310, 109
310, 110
310, 111
310, 112
310, 113
310, 114
310, 115
310, 116
310, 117
310, 118
310, 119
310, 120
310, 121
310, 122
310, 123
310, 124
310, 125
310, 126
310, 127
310, 128
310, 129
311, 31
311, 32
311, 33
311, 34
311, 35
311, 36
311, 37
311, 38
311, 39
311, 40
311, 41
311, 42
311, 43
311, 44
311, 45
311, 46
311, 47
311, 48
311, 49
311, 50
311, 51
311, 52
311, 53
311, 54
311, 55
311, 56
311, 57
311, 58
311, 59
311, 60
311, 61
311, 62
311, 63
311, 64
311, 65
311, 66
311, 67
311, 68
311, 69
311, 70
311, 71
311, 72
311, 73
311, 74
311, 75
311, 76
311, 77
311, 78
311, 79
311, 80
311, 81
311, 82
311, 83
311, 84
311, 85
311, 86
311, 87
311, 88
311, 89
311, 90
311, 91
311, 92
311, 93
311, 94
311, 95
311, 96
311, 97
311, 98
311, 99
311, 100
311, 101
311, 102
311, 103
311, 104
311, 105
311, 106
311, 107
311, 108
311, 109
311, 110
311, 111
311, 112
311, 113
311, 114
311, 115
311, 116
311, 117
311, 118
311, 119
311, 120
311, 121
311, 122
311, 123
311, 124
311, 125
311, 126
311, 127
311, 128
311, 129
312, 33
312, 34
312, 35
312, 36
312, 37
312, 38
312, 39
312, 40
312, 41
312, 42
312, 43
312, 44
312, 45
312, 46
312, 47
312, 48
312, 49
312, 50
312, 51
312, 52
312, 53
312, 54
312, 55
312, 56
312, 57
312, 58
312, 59
312, 60
312, 61
312, 62
312, 63
312, 64
312, 65
312, 66
312, 67
312, 68
312, 69
312, 70
312, 71
312, 72
312, 73
312, 74
312, 75
312, 76
312, 77
312, 78
312, 79
312, 80
312, 81
312, 82
312, 83
312, 84
312, 85
312, 86
312, 87
312, 88
312, 89
312, 90
312, 91
312, 92
312, 93
312, 94
312, 95
312, 96
312, 97
312, 98
312, 99
312, 100
312, 101
312, 102
312, 103
312, 104
312, 105
312, 106
312, 107
312, 108
312, 109
312, 110
312, 111
312, 112
312, 113
312, 114
312, 115
312, 116
312, 117
312, 118
312, 119
312, 120
312, 121
312, 122
312, 123
312, 124
312, 125
312, 126
312, 127
312, 128
313, 35
313, 36
313, 37
313, 38
313, 39
313, 40
313, 41
313, 42
313, 43
313, 44
313, 45
313, 46
313, 47
313, 48
313, 49
313, 50
313, 51
313, 52
313, 53
313, 54
313, 55
313, 56
313, 57
313, 58
313, 59
313, 60
313, 61
313, 62
313, 63
313, 64
313, 65
313, 66
313, 67
313, 68
313, 69
313, 70
313, 71
313, 72
313, 73
313, 74
313, 75
313, 76
313, 77
313, 78
313, 79
313, 80
313, 81
313, 82
313, 83
313, 84
313, 85
313, 86
313, 87
313, 88
313, 89
313, 90
313, 91
313, 92
313, 93
313, 94
313, 95
313, 96
313, 97
313, 98
313, 99
313, 100
313, 101
313, 102
313, 103
313, 104
313, 105
313, 106
313, 107
313, 108
313, 109
313, 110
313, 111
313, 112
313, 113
313, 114
313, 115
313, 116
313, 117
313, 118
313, 119
313, 120
313, 121
313, 122
313, 123
313, 124
313, 125
313, 126
313, 127
314, 52
314, 53
314, 54
314, 55
314, 56
314, 57
314, 58
314, 59
314, 60
314, 61
314, 62
314, 63
314, 64
314, 65
314, 66
314, 67
314, 68
314, 69
314, 70
314, 71
314, 72
314, 73
314, 74
314, 75
314, 76
314, 77
314, 78
314, 79
314, 80
314, 81
314, 82
314, 83
314, 84
314, 85
314, 86
314, 87
314, 88
314, 89
314, 90
314, 91
314, 92
314, 93
314, 94
314, 95
314, 96
314, 97
314, 98
314, 99
314, 100
314, 101
314, 102
314, 103
314, 104
314, 105
314, 106
314, 107
314, 116
314, 117
314, 118
314, 119
314, 120
314, 121
