133, 49
133, 50
133, 51
133, 52
133, 53
133, 54
133, 55
133, 56
133, 59
133, 60
133, 61
134, 46
134, 47
134, 48
134, 49
134, 50
134, 51
134, 52
134, 53
134, 54
134, 55
134, 56
134, 57
134, 58
134, 59
134, 60
134, 61
134, 62
134, 63
134, 64
134, 65
135, 44
135, 45
135, 46
135, 47
135, 48
135, 49
135, 50
135, 51
135, 52
135, 53
135, 54
135, 55
135, 56
135, 57
135, 58
135, 59
135, 60
135, 61
135, 62
135, 63
135, 64
135, 65
135, 66
136, 28
136, 29
136, 30
136, 31
136, 32
136, 33
136, 34
136, 35
136, 36
136, 37
136, 38
136, 39
136, 40
136, 41
136, 42
136, 43
136, 44
136, 45
136, 46
136, 47
136, 48
136, 49
136, 50
136, 51
136, 52
136, 53
136, 54
136, 55
136, 56
136, 57
136, 58
136, 59
136, 60
136, 61
136, 62
136, 63
136, 64
136, 65
136, 66
136, 67
137, 21
137, 22
137, 23
137, 25
137, 26
137, 27
137, 28
137, 29
137, 30
137, 31
137, 32
137, 33
137, 34
137, 35
137, 36
137, 37
137, 38
137, 39
137, 40
137, 41
137, 42
137, 43
137, 44
137, 45
137, 46
137, 47
137, 48
137, 49
137, 50
137, 51
137, 52
137, 53
137, 54
137, 55
137, 56
137, 57
137, 58
137, 59
137, 60
137, 61
137, 62
137, 63
137, 64
137, 65
137, 66
137, 67
137, 68
138, 21
138, 22
138, 23
138, 24
138, 25
138, 26
138, 27
138, 28
138, 29
138, 30
138, 31
138, 32
138, 33
138, 34
138, 35
138, 36
138, 37
138, 38
138, 39
138, 40
138, 41
138, 42
138, 43
138, 44
138, 45
138, 46
138, 47
138, 48
138, 49
138, 50
138, 51
138, 52
138, 53
138, 54
138, 55
138, 56
138, 57
138, 58
138, 59
138, 60
138, 61
138, 62
138, 63
138, 64
138, 65
138, 66
138, 67
138, 68
138, 69
139, 21
139, 22
139, 23
139, 24
139, 25
139, 26
139, 27
139, 28
139, 29
139, 30
139, 31
139, 32
139, 33
139, 34
139, 35
139, 36
139, 37
139, 38
139, 39
139, 40
139, 41
139, 42
139, 43
139, 44
139, 45
139, 46
139, 47
139, 48
139, 49
139, 50
139, 51
139, 52
139, 53
139, 54
139, 55
139, 56
139, 57
139, 58
139, 59
139, 60
139, 61
139, 62
139, 63
139, 64
139, 65
139, 66
139, 67
139, 68
139, 69
139, 70
140, 20
140, 21
140, 22
140, 23
140, 24
140, 25
140, 26
140, 27
140, 28
140, 29
140, 30
140, 31
140, 32
140, 33
140, 34
140, 35
140, 36
140, 37
140, 38
140, 39
140, 40
140, 41
140, 42
140, 43
140, 44
140, 45
140, 46
140, 47
140, 48
140, 49
140, 50
140, 51
140, 52
140, 53
140, 54
140, 55
140, 56
140, 57
140, 58
140, 59
140, 60
140, 61
140, 62
140, 63
140, 64
140, 65
140, 66
140, 67
140, 68
140, 69
140, 70
141, 19
141, 20
141, 21
141, 22
141, 23
141, 24
141, 25
141, 26
141, 27
141, 28
141, 29
141, 30
141, 31
141, 32
141, 33
141, 34
141, 35
141, 36
141, 37
141, 38
141, 39
141, 40
141, 41
141, 42
141, 43
141, 44
141, 45
141, 46
141, 47
141, 48
141, 49
141, 50
141, 51
141, 52
141, 53
141, 54
141, 55
141, 56
141, 57
141, 58
141, 59
141, 60
141, 61
141, 62
141, 63
141, 64
141, 65
141, 66
141, 67
141, 68
141, 69
141, 70
141, 71
142, 19
142, 20
142, 21
142, 22
142, 23
142, 24
142, 25
142, 26
142, 27
142, 28
142, 29
142, 30
142, 31
142, 32
142, 33
142, 34
142, 35
142, 36
142, 37
142, 38
142, 39
142, 40
142, 41
142, 42
142, 43
142, 44
142, 45
142, 46
142, 47
142, 48
142, 49
142, 50
142, 51
142, 52
142, 53
142, 54
142, 55
142, 56
142, 57
142, 58
142, 59
142, 60
142, 61
142, 62
142, 63
142, 64
142, 65
142, 66
142, 67
142, 68
142, 69
142, 70
142, 71
143, 18
143, 19
143, 20
143, 21
143, 22
143, 23
143, 24
143, 25
143, 26
143, 27
143, 28
143, 29
143, 30
143, 31
143, 32
143, 33
143, 34
143, 35
143, 36
143, 37
143, 38
143, 39
143, 40
143, 41
143, 42
143, 43
143, 44
143, 45
143, 46
143, 47
143, 48
143, 49
143, 50
143, 51
143, 52
143, 53
143, 54
143, 55
143, 56
143, 57
143, 58
143, 59
143, 60
143, 61
143, 62
143, 63
143, 64
143, 65
143, 66
143, 67
143, 68
143, 69
143, 70
144, 18
144, 19
144, 20
144, 21
144, 22
144, 23
144, 24
144, 25
144, 26
144, 27
144, 28
144, 29
144, 30
144, 31
144, 32
144, 33
144, 34
144, 35
144, 36
144, 37
144, 38
144, 39
144, 40
144, 41
144, 42
144, 43
144, 44
144, 45
144, 46
144, 47
144, 48
144, 49
144, 50
144, 51
144, 52
144, 53
144, 54
144, 55
144, 56
144, 57
144, 58
144, 59
144, 60
144, 61
144, 62
144, 63
144, 64
144, 65
144, 66
144, 67
144, 68
145, 17
145, 18
145, 19
145, 20
145, 21
145, 22
145, 23
145, 24
145, 25
145, 26
145, 27
145, 28
145, 29
145, 30
145, 31
145, 32
145, 33
145, 34
145, 35
145, 36
145, 37
145, 38
145, 39
145, 40
145, 41
145, 42
145, 43
145, 44
145, 45
145, 46
145, 47
145, 48
145, 49
145, 50
145, 51
145, 52
145, 53
145, 54
145, 55
145, 56
145, 57
145, 58
145, 59
145, 60
145, 61
145, 62
145, 63
145, 64
145, 65
145, 66
145, 67
145, 68
146, 17
146, 18
146, 19
146, 20
146, 21
146, 22
146, 23
146, 24
146, 25
146, 26
146, 27
146, 28
146, 29
146, 30
146, 31
146, 32
146, 33
146, 34
146, 35
146, 36
146, 37
146, 38
146, 39
146, 40
146, 41
146, 42
146, 43
146, 44
146, 45
146, 46
146, 47
146, 48
146, 49
146, 50
146, 51
146, 52
146, 53
146, 54
146, 55
146, 56
146, 57
146, 58
146, 59
146, 60
146, 61
146, 62
146, 63
146, 64
146, 65
146, 66
146, 67
146, 68
147, 16
147, 17
147, 18
147, 19
147, 20
147, 21
147, 22
147, 23
147, 24
147, 25
147, 26
147, 27
147, 28
147, 29
147, 30
147, 31
147, 32
147, 33
147, 34
147, 35
147, 36
147, 37
147, 38
147, 39
147, 40
147, 41
147, 42
147, 43
147, 44
147, 45
147, 46
147, 47
147, 48
147, 49
147, 50
147, 51
147, 52
147, 53
147, 54
147, 55
147, 56
147, 57
147, 58
147, 59
147, 60
147, 61
147, 62
147, 63
147, 64
147, 65
147, 66
147, 67
147, 68
148, 16
148, 17
148, 18
148, 19
148, 20
148, 21
148, 22
148, 23
148, 24
148, 25
148, 26
148, 27
148, 28
148, 29
148, 30
148, 31
148, 32
148, 33
148, 34
148, 35
148, 36
148, 37
148, 38
148, 39
148, 40
148, 41
148, 42
148, 43
148, 44
148, 45
148, 46
148, 47
148, 48
148, 49
148, 50
148, 51
148, 52
148, 53
148, 54
148, 55
148, 56
148, 57
148, 58
148, 59
148, 60
148, 61
148, 62
148, 63
148, 64
148, 65
148, 66
148, 67
148, 68
148, 69
149, 15
149, 16
149, 17
149, 18
149, 19
149, 20
149, 21
149, 22
149, 23
149, 24
149, 25
149, 26
149, 27
149, 28
149, 29
149, 30
149, 31
149, 32
149, 33
149, 34
149, 35
149, 36
149, 37
149, 38
149, 39
149, 40
149, 41
149, 42
149, 43
149, 44
149, 45
149, 46
149, 47
149, 48
149, 49
149, 50
149, 51
149, 52
149, 53
149, 54
149, 55
149, 56
149, 57
149, 58
149, 59
149, 60
149, 61
149, 62
149, 63
149, 64
149, 65
149, 66
149, 67
149, 68
149, 69
149, 70
150, 15
150, 16
150, 17
150, 18
150, 19
150, 20
150, 21
150, 22
150, 23
150, 24
150, 25
150, 26
150, 27
150, 28
150, 29
150, 30
150, 31
150, 32
150, 33
150, 34
150, 35
150, 36
150, 37
150, 38
150, 39
150, 40
150, 41
150, 42
150, 43
150, 44
150, 45
150, 46
150, 47
150, 48
150, 49
150, 50
150, 51
150, 52
150, 53
150, 54
150, 55
150, 56
150, 57
150, 58
150, 59
150, 60
150, 61
150, 62
150, 63
150, 64
150, 65
150, 66
150, 67
150, 68
150, 69
150, 70
150, 71
150, 72
150, 73
150, 74
150, 75
150, 76
151, 15
151, 16
151, 17
151, 18
151, 19
151, 20
151, 21
151, 22
151, 23
151, 24
151, 25
151, 26
151, 27
151, 28
151, 29
151, 30
151, 31
151, 32
151, 33
151, 34
151, 35
151, 36
151, 37
151, 38
151, 39
151, 40
151, 41
151, 42
151, 43
151, 44
151, 45
151, 46
151, 47
151, 48
151, 49
151, 50
151, 51
151, 52
151, 53
151, 54
151, 55
151, 56
151, 57
151, 58
151, 59
151, 60
151, 61
151, 62
151, 63
151, 64
151, 65
151, 66
151, 67
151, 68
151, 69
151, 70
151, 71
151, 72
151, 73
151, 74
151, 75
151, 76
151, 77
151, 78
151, 79
151, 80
151, 81
151, 82
151, 83
152, 15
152, 16
152, 17
152, 18
152, 19
152, 20
152, 21
152, 22
152, 23
152, 24
152, 25
152, 26
152, 27
152, 28
152, 29
152, 30
152, 31
152, 32
152, 33
152, 34
152, 35
152, 36
152, 37
152, 38
152, 39
152, 40
152, 41
152, 42
152, 43
152, 44
152, 45
152, 46
152, 47
152, 48
152, 49
152, 50
152, 51
152, 52
152, 53
152, 54
152, 55
152, 56
152, 57
152, 58
152, 59
152, 60
152, 61
152, 62
152, 63
152, 64
152, 65
152, 66
152, 67
152, 68
152, 69
152, 70
152, 71
152, 72
152, 73
152, 74
152, 75
152, 76
152, 77
152, 78
152, 79
152, 80
152, 81
152, 82
152, 83
152, 84
152, 85
153, 14
153, 15
153, 16
153, 17
153, 18
153, 19
153, 20
153, 21
153, 22
153, 23
153, 24
153, 25
153, 26
153, 27
153, 28
153, 29
153, 30
153, 31
153, 32
153, 33
153, 34
153, 35
153, 36
153, 37
153, 38
153, 39
153, 40
153, 41
153, 42
153, 43
153, 44
153, 45
153, 46
153, 47
153, 48
153, 49
153, 50
153, 51
153, 52
153, 53
153, 54
153, 55
153, 56
153, 57
153, 58
153, 59
153, 60
153, 61
153, 62
153, 63
153, 64
153, 65
153, 66
153, 67
153, 68
153, 69
153, 70
153, 71
153, 72
153, 73
153, 74
153, 75
153, 76
153, 77
153, 78
153, 79
153, 80
153, 81
153, 82
153, 83
153, 84
153, 85
154, 14
154, 15
154, 16
154, 17
154, 18
154, 19
154, 20
154, 21
154, 22
154, 23
154, 24
154, 25
154, 26
154, 27
154, 28
154, 29
154, 30
154, 31
154, 32
154, 33
154, 34
154, 35
154, 36
154, 37
154, 38
154, 39
154, 40
154, 41
154, 42
154, 43
154, 44
154, 45
154, 46
154, 47
154, 48
154, 49
154, 50
154, 51
154, 52
154, 53
154, 54
154, 55
154, 56
154, 57
154, 58
154, 59
154, 60
154, 61
154, 62
154, 63
154, 64
154, 65
154, 66
154, 67
154, 68
154, 69
154, 70
154, 71
154, 72
154, 73
154, 74
154, 75
154, 76
154, 77
154, 78
154, 79
154, 80
154, 81
154, 82
154, 83
154, 84
154, 85
155, 13
155, 14
155, 15
155, 16
155, 17
155, 18
155, 19
155, 20
155, 21
155, 22
155, 23
155, 24
155, 25
155, 26
155, 27
155, 28
155, 29
155, 30
155, 31
155, 32
155, 33
155, 34
155, 35
155, 36
155, 37
155, 38
155, 39
155, 40
155, 41
155, 42
155, 43
155, 44
155, 45
155, 46
155, 47
155, 48
155, 49
155, 50
155, 51
155, 52
155, 53
155, 54
155, 55
155, 56
155, 57
155, 58
155, 59
155, 60
155, 61
155, 62
155, 63
155, 64
155, 65
155, 66
155, 67
155, 68
155, 69
155, 70
155, 71
155, 72
155, 73
155, 74
155, 75
155, 76
155, 77
155, 78
155, 79
155, 80
155, 81
155, 82
155, 83
155, 84
155, 85
156, 13
156, 14
156, 15
156, 16
156, 17
156, 18
156, 19
156, 20
156, 21
156, 22
156, 23
156, 24
156, 25
156, 26
156, 27
156, 28
156, 29
156, 30
156, 31
156, 32
156, 33
156, 34
156, 35
156, 36
156, 37
156, 38
156, 39
156, 40
156, 41
156, 42
156, 43
156, 44
156, 45
156, 46
156, 47
156, 48
156, 49
156, 50
156, 51
156, 52
156, 53
156, 54
156, 55
156, 56
156, 57
156, 58
156, 59
156, 60
156, 61
156, 62
156, 63
156, 64
156, 65
156, 66
156, 67
156, 68
156, 69
156, 70
156, 71
156, 72
156, 73
156, 74
156, 75
156, 76
156, 77
156, 78
156, 79
156, 80
156, 81
156, 82
156, 83
156, 84
156, 85
157, 13
157, 14
157, 15
157, 16
157, 17
157, 18
157, 19
157, 20
157, 21
157, 22
157, 23
157, 24
157, 25
157, 26
157, 27
157, 28
157, 29
157, 30
157, 31
157, 32
157, 33
157, 34
157, 35
157, 36
157, 37
157, 38
157, 39
157, 40
157, 41
157, 42
157, 43
157, 44
157, 45
157, 46
157, 47
157, 48
157, 49
157, 50
157, 51
157, 52
157, 53
157, 54
157, 55
157, 56
157, 57
157, 58
157, 59
157, 60
157, 61
157, 62
157, 63
157, 64
157, 65
157, 66
157, 67
157, 68
157, 69
157, 70
157, 71
157, 72
157, 73
157, 74
157, 75
157, 76
157, 77
157, 78
157, 79
157, 80
157, 81
157, 82
157, 83
157, 84
157, 85
158, 13
158, 14
158, 15
158, 16
158, 17
158, 18
158, 19
158, 20
158, 21
158, 22
158, 23
158, 24
158, 25
158, 26
158, 27
158, 28
158, 29
158, 30
158, 31
158, 32
158, 33
158, 34
158, 35
158, 36
158, 37
158, 38
158, 39
158, 40
158, 41
158, 42
158, 43
158, 44
158, 45
158, 46
158, 47
158, 48
158, 49
158, 50
158, 51
158, 52
158, 53
158, 54
158, 55
158, 56
158, 57
158, 58
158, 59
158, 60
158, 61
158, 62
158, 63
158, 64
158, 65
158, 66
158, 67
158, 68
158, 69
158, 70
158, 71
158, 72
158, 73
158, 74
158, 75
158, 76
158, 77
158, 78
158, 79
158, 80
158, 81
158, 82
158, 83
158, 84
158, 85
159, 13
159, 14
159, 15
159, 16
159, 17
159, 18
159, 19
159, 20
159, 21
159, 22
159, 23
159, 24
159, 25
159, 26
159, 27
159, 28
159, 29
159, 30
159, 31
159, 32
159, 33
159, 34
159, 35
159, 36
159, 37
159, 38
159, 39
159, 40
159, 41
159, 42
159, 43
159, 44
159, 45
159, 46
159, 47
159, 48
159, 49
159, 50
159, 51
159, 52
159, 53
159, 54
159, 55
159, 56
159, 57
159, 58
159, 59
159, 60
159, 61
159, 62
159, 63
159, 64
159, 65
159, 66
159, 67
159, 68
159, 69
159, 70
159, 71
159, 72
159, 73
159, 74
159, 75
159, 76
159, 77
159, 78
159, 79
159, 80
159, 81
159, 82
159, 83
159, 84
159, 85
160, 13
160, 14
160, 15
160, 16
160, 17
160, 18
160, 19
160, 20
160, 21
160, 22
160, 23
160, 24
160, 25
160, 26
160, 27
160, 28
160, 29
160, 30
160, 31
160, 32
160, 33
160, 34
160, 35
160, 36
160, 37
160, 38
160, 39
160, 40
160, 41
160, 42
160, 43
160, 44
160, 45
160, 46
160, 47
160, 48
160, 49
160, 50
160, 51
160, 52
160, 53
160, 54
160, 55
160, 56
160, 57
160, 58
160, 59
160, 60
160, 61
160, 62
160, 63
160, 64
160, 65
160, 66
160, 67
160, 68
160, 69
160, 70
160, 71
160, 72
160, 73
160, 74
160, 75
160, 76
160, 77
160, 78
160, 79
160, 80
160, 81
160, 82
160, 83
160, 84
160, 85
161, 13
161, 14
161, 15
161, 16
161, 17
161, 18
161, 19
161, 20
161, 21
161, 22
161, 23
161, 24
161, 25
161, 26
161, 27
161, 28
161, 29
161, 30
161, 31
161, 32
161, 33
161, 34
161, 35
161, 36
161, 37
161, 38
161, 39
161, 40
161, 41
161, 42
161, 43
161, 44
161, 45
161, 46
161, 47
161, 48
161, 49
161, 50
161, 51
161, 52
161, 53
161, 54
161, 55
161, 56
161, 57
161, 58
161, 59
161, 60
161, 61
161, 62
161, 63
161, 64
161, 65
161, 66
161, 67
161, 68
161, 69
161, 70
161, 71
161, 72
161, 73
161, 74
161, 75
161, 76
161, 77
161, 78
161, 79
161, 80
161, 81
161, 82
161, 83
161, 84
161, 85
162, 12
162, 13
162, 14
162, 15
162, 16
162, 17
162, 18
162, 19
162, 20
162, 21
162, 22
162, 23
162, 24
162, 25
162, 26
162, 27
162, 28
162, 29
162, 30
162, 31
162, 32
162, 33
162, 34
162, 35
162, 36
162, 37
162, 38
162, 39
162, 40
162, 41
162, 42
162, 43
162, 44
162, 45
162, 46
162, 47
162, 48
162, 49
162, 50
162, 51
162, 52
162, 53
162, 54
162, 55
162, 56
162, 57
162, 58
162, 59
162, 60
162, 61
162, 62
162, 63
162, 64
162, 65
162, 66
162, 67
162, 68
162, 69
162, 70
162, 71
162, 72
162, 73
162, 74
162, 75
162, 76
162, 77
162, 78
162, 79
162, 80
162, 81
162, 82
162, 83
162, 84
162, 85
163, 12
163, 13
163, 14
163, 15
163, 16
163, 17
163, 18
163, 19
163, 20
163, 21
163, 22
163, 23
163, 24
163, 25
163, 26
163, 27
163, 28
163, 29
163, 30
163, 31
163, 32
163, 33
163, 34
163, 35
163, 36
163, 37
163, 38
163, 39
163, 40
163, 41
163, 42
163, 43
163, 44
163, 45
163, 46
163, 47
163, 48
163, 49
163, 50
163, 51
163, 52
163, 53
163, 54
163, 55
163, 56
163, 57
163, 58
163, 59
163, 60
163, 61
163, 62
163, 63
163, 64
163, 65
163, 66
163, 67
163, 68
163, 69
163, 70
163, 71
163, 72
163, 73
163, 74
163, 75
163, 76
163, 77
163, 78
163, 79
163, 80
163, 81
163, 82
163, 83
163, 84
163, 85
164, 12
164, 13
164, 14
164, 15
164, 16
164, 17
164, 18
164, 19
164, 20
164, 21
164, 22
164, 23
164, 24
164, 25
164, 26
164, 27
164, 28
164, 29
164, 30
164, 31
164, 32
164, 33
164, 34
164, 35
164, 36
164, 37
164, 38
164, 39
164, 40
164, 41
164, 42
164, 43
164, 44
164, 45
164, 46
164, 47
164, 48
164, 49
164, 50
164, 51
164, 52
164, 53
164, 54
164, 55
164, 56
164, 57
164, 58
164, 59
164, 60
164, 61
164, 62
164, 63
164, 64
164, 65
164, 66
164, 67
164, 68
164, 69
164, 70
164, 71
164, 72
164, 73
164, 74
164, 75
164, 76
164, 77
164, 78
164, 79
164, 80
164, 81
164, 82
164, 83
164, 84
164, 85
165, 12
165, 13
165, 14
165, 15
165, 16
165, 17
165, 18
165, 19
165, 20
165, 21
165, 22
165, 23
165, 24
165, 25
165, 26
165, 27
165, 28
165, 29
165, 30
165, 31
165, 32
165, 33
165, 34
165, 35
165, 36
165, 37
165, 38
165, 39
165, 40
165, 41
165, 42
165, 43
165, 44
165, 45
165, 46
165, 47
165, 48
165, 49
165, 50
165, 51
165, 52
165, 53
165, 54
165, 55
165, 56
165, 57
165, 58
165, 59
165, 60
165, 61
165, 62
165, 63
165, 64
165, 65
165, 66
165, 67
165, 68
165, 69
165, 70
165, 71
165, 72
165, 73
165, 74
165, 75
165, 76
165, 77
165, 78
165, 79
165, 80
165, 81
165, 82
165, 83
165, 84
165, 85
166, 12
166, 13
166, 14
166, 15
166, 16
166, 17
166, 18
166, 19
166, 20
166, 21
166, 22
166, 23
166, 24
166, 25
166, 26
166, 27
166, 28
166, 29
166, 30
166, 31
166, 32
166, 33
166, 34
166, 35
166, 36
166, 37
166, 38
166, 39
166, 40
166, 41
166, 42
166, 43
166, 44
166, 45
166, 46
166, 47
166, 48
166, 49
166, 50
166, 51
166, 52
166, 53
166, 54
166, 55
166, 56
166, 57
166, 58
166, 59
166, 60
166, 61
166, 62
166, 63
166, 64
166, 65
166, 66
166, 67
166, 68
166, 69
166, 70
166, 71
166, 72
166, 73
166, 74
166, 75
166, 76
166, 77
166, 78
166, 79
166, 80
166, 81
166, 82
166, 83
166, 84
166, 85
167, 12
167, 13
167, 14
167, 15
167, 16
167, 17
167, 18
167, 19
167, 20
167, 21
167, 22
167, 23
167, 24
167, 25
167, 26
167, 27
167, 28
167, 29
167, 30
167, 31
167, 32
167, 33
167, 34
167, 35
167, 36
167, 37
167, 38
167, 39
167, 40
167, 41
167, 42
167, 43
167, 44
167, 45
167, 46
167, 47
167, 48
167, 49
167, 50
167, 51
167, 52
167, 53
167, 54
167, 55
167, 56
167, 57
167, 58
167, 59
167, 60
167, 61
167, 62
167, 63
167, 64
167, 65
167, 66
167, 67
167, 68
167, 69
167, 70
167, 71
167, 72
167, 73
167, 74
167, 75
167, 76
167, 77
167, 78
167, 79
167, 80
167, 81
167, 82
167, 83
167, 84
167, 85
168, 12
168, 13
168, 14
168, 15
168, 16
168, 17
168, 18
168, 19
168, 20
168, 21
168, 22
168, 23
168, 24
168, 25
168, 26
168, 27
168, 28
168, 29
168, 30
168, 31
168, 32
168, 33
168, 34
168, 35
168, 36
168, 37
168, 38
168, 39
168, 40
168, 41
168, 42
168, 43
168, 44
168, 45
168, 46
168, 47
168, 48
168, 49
168, 50
168, 51
168, 52
168, 53
168, 54
168, 55
168, 56
168, 57
168, 58
168, 59
168, 60
168, 61
168, 62
168, 63
168, 64
168, 65
168, 66
168, 67
168, 68
168, 69
168, 70
168, 71
168, 72
168, 73
168, 74
168, 75
168, 76
168, 77
168, 78
168, 79
168, 80
168, 81
168, 82
168, 83
168, 84
169, 12
169, 13
169, 14
169, 15
169, 16
169, 17
169, 18
169, 19
169, 20
169, 21
169, 22
169, 23
169, 24
169, 25
169, 26
169, 27
169, 28
169, 29
169, 30
169, 31
169, 32
169, 33
169, 34
169, 35
169, 36
169, 37
169, 38
169, 39
169, 40
169, 41
169, 42
169, 43
169, 44
169, 45
169, 46
169, 47
169, 48
169, 49
169, 50
169, 51
169, 52
169, 53
169, 54
169, 55
169, 56
169, 57
169, 58
169, 59
169, 60
169, 61
169, 62
169, 63
169, 64
169, 65
169, 66
169, 67
169, 68
169, 69
169, 70
169, 71
169, 72
169, 73
169, 74
169, 75
169, 76
169, 77
169, 78
169, 79
169, 80
169, 81
169, 82
169, 83
169, 84
170, 12
170, 13
170, 14
170, 15
170, 16
170, 17
170, 18
170, 19
170, 20
170, 21
170, 22
170, 23
170, 24
170, 25
170, 26
170, 27
170, 28
170, 29
170, 30
170, 31
170, 32
170, 33
170, 34
170, 35
170, 36
170, 37
170, 38
170, 39
170, 40
170, 41
170, 42
170, 43
170, 44
170, 45
170, 46
170, 47
170, 48
170, 49
170, 50
170, 51
170, 52
170, 53
170, 54
170, 55
170, 56
170, 57
170, 58
170, 59
170, 60
170, 61
170, 62
170, 63
170, 64
170, 65
170, 66
170, 67
170, 68
170, 69
170, 70
170, 71
170, 72
170, 73
170, 74
170, 75
170, 76
170, 77
170, 78
170, 79
170, 80
170, 81
170, 82
170, 83
170, 84
171, 12
171, 13
171, 14
171, 15
171, 16
171, 17
171, 18
171, 19
171, 20
171, 21
171, 22
171, 23
171, 24
171, 25
171, 26
171, 27
171, 28
171, 29
171, 30
171, 31
171, 32
171, 33
171, 34
171, 35
171, 36
171, 37
171, 38
171, 39
171, 40
171, 41
171, 42
171, 43
171, 44
171, 45
171, 46
171, 47
171, 48
171, 49
171, 50
171, 51
171, 52
171, 53
171, 54
171, 55
171, 56
171, 57
171, 58
171, 59
171, 60
171, 61
171, 62
171, 63
171, 64
171, 65
171, 66
171, 67
171, 68
171, 69
171, 70
171, 71
171, 72
171, 73
171, 74
171, 75
171, 76
171, 77
171, 78
171, 79
171, 80
171, 81
171, 82
171, 83
171, 84
171, 85
172, 12
172, 13
172, 14
172, 15
172, 16
172, 17
172, 18
172, 19
172, 20
172, 21
172, 22
172, 23
172, 24
172, 25
172, 26
172, 27
172, 28
172, 29
172, 30
172, 31
172, 32
172, 33
172, 34
172, 35
172, 36
172, 37
172, 38
172, 39
172, 40
172, 41
172, 42
172, 43
172, 44
172, 45
172, 46
172, 47
172, 48
172, 49
172, 50
172, 51
172, 52
172, 53
172, 54
172, 55
172, 56
172, 57
172, 58
172, 59
172, 60
172, 61
172, 62
172, 63
172, 64
172, 65
172, 66
172, 67
172, 68
172, 69
172, 70
172, 71
172, 72
172, 73
172, 74
172, 75
172, 76
172, 77
172, 78
172, 79
172, 80
172, 81
172, 82
172, 83
172, 84
172, 85
173, 12
173, 13
173, 14
173, 15
173, 16
173, 17
173, 18
173, 19
173, 20
173, 21
173, 22
173, 23
173, 24
173, 25
173, 26
173, 27
173, 28
173, 29
173, 30
173, 31
173, 32
173, 33
173, 34
173, 35
173, 36
173, 37
173, 38
173, 39
173, 40
173, 41
173, 42
173, 43
173, 44
173, 45
173, 46
173, 47
173, 48
173, 49
173, 50
173, 51
173, 52
173, 53
173, 54
173, 55
173, 56
173, 57
173, 58
173, 59
173, 60
173, 61
173, 62
173, 63
173, 64
173, 65
173, 66
173, 67
173, 68
173, 69
173, 70
173, 71
173, 72
173, 73
173, 74
173, 75
173, 76
173, 77
173, 78
173, 79
173, 80
173, 81
173, 82
173, 83
173, 84
173, 85
174, 12
174, 13
174, 14
174, 15
174, 16
174, 17
174, 18
174, 19
174, 20
174, 21
174, 22
174, 23
174, 24
174, 25
174, 26
174, 27
174, 28
174, 29
174, 30
174, 31
174, 32
174, 33
174, 34
174, 35
174, 36
174, 37
174, 38
174, 39
174, 40
174, 41
174, 42
174, 43
174, 44
174, 45
174, 46
174, 47
174, 48
174, 49
174, 50
174, 51
174, 52
174, 53
174, 54
174, 55
174, 56
174, 57
174, 58
174, 59
174, 60
174, 61
174, 62
174, 63
174, 64
174, 65
174, 66
174, 67
174, 68
174, 69
174, 70
174, 71
174, 72
174, 73
174, 74
174, 75
174, 76
174, 77
174, 78
174, 79
174, 80
174, 81
174, 82
174, 83
174, 84
174, 85
175, 12
175, 13
175, 14
175, 15
175, 16
175, 17
175, 18
175, 19
175, 20
175, 21
175, 22
175, 23
175, 24
175, 25
175, 26
175, 27
175, 28
175, 29
175, 30
175, 31
175, 32
175, 33
175, 34
175, 35
175, 36
175, 37
175, 38
175, 39
175, 40
175, 41
175, 42
175, 43
175, 44
175, 45
175, 46
175, 47
175, 48
175, 49
175, 50
175, 51
175, 52
175, 53
175, 54
175, 55
175, 56
175, 57
175, 58
175, 59
175, 60
175, 61
175, 62
175, 63
175, 64
175, 65
175, 66
175, 67
175, 68
175, 69
175, 70
175, 71
175, 72
175, 73
175, 74
175, 75
175, 76
175, 77
175, 78
175, 79
175, 80
175, 81
175, 82
175, 83
175, 84
175, 85
176, 12
176, 13
176, 14
176, 15
176, 16
176, 17
176, 18
176, 19
176, 20
176, 21
176, 22
176, 23
176, 24
176, 25
176, 26
176, 27
176, 28
176, 29
176, 30
176, 31
176, 32
176, 33
176, 34
176, 35
176, 36
176, 37
176, 38
176, 39
176, 40
176, 41
176, 42
176, 43
176, 44
176, 45
176, 46
176, 47
176, 48
176, 49
176, 50
176, 51
176, 52
176, 53
176, 54
176, 55
176, 56
176, 57
176, 58
176, 59
176, 60
176, 61
176, 62
176, 63
176, 64
176, 65
176, 66
176, 67
176, 68
176, 69
176, 70
176, 71
176, 72
176, 73
176, 74
176, 75
176, 76
176, 77
176, 78
176, 79
176, 80
176, 81
176, 82
176, 83
176, 84
176, 85
177, 12
177, 13
177, 14
177, 15
177, 16
177, 17
177, 18
177, 19
177, 20
177, 21
177, 22
177, 23
177, 24
177, 25
177, 26
177, 27
177, 28
177, 29
177, 30
177, 31
177, 32
177, 33
177, 34
177, 35
177, 36
177, 37
177, 38
177, 39
177, 40
177, 41
177, 42
177, 43
177, 44
177, 45
177, 46
177, 47
177, 48
177, 49
177, 50
177, 51
177, 52
177, 53
177, 54
177, 55
177, 56
177, 57
177, 58
177, 59
177, 60
177, 61
177, 62
177, 63
177, 64
177, 65
177, 66
177, 67
177, 68
177, 69
177, 70
177, 71
177, 72
177, 73
177, 74
177, 75
177, 76
177, 77
177, 78
177, 79
177, 80
177, 81
177, 82
177, 83
177, 84
178, 12
178, 13
178, 14
178, 15
178, 16
178, 17
178, 18
178, 19
178, 20
178, 21
178, 22
178, 23
178, 24
178, 25
178, 26
178, 27
178, 28
178, 29
178, 30
178, 31
178, 32
178, 33
178, 34
178, 35
178, 36
178, 37
178, 38
178, 39
178, 40
178, 41
178, 42
178, 43
178, 44
178, 45
178, 46
178, 47
178, 48
178, 49
178, 50
178, 51
178, 52
178, 53
178, 54
178, 55
178, 56
178, 57
178, 58
178, 59
178, 60
178, 61
178, 62
178, 63
178, 64
178, 65
178, 66
178, 67
178, 68
178, 69
178, 70
178, 71
178, 72
178, 73
178, 74
178, 75
178, 76
178, 77
178, 78
178, 79
178, 80
178, 81
178, 82
178, 83
178, 84
179, 12
179, 13
179, 14
179, 15
179, 16
179, 17
179, 18
179, 19
179, 20
179, 21
179, 22
179, 23
179, 24
179, 25
179, 26
179, 27
179, 28
179, 29
179, 30
179, 31
179, 32
179, 33
179, 34
179, 35
179, 36
179, 37
179, 38
179, 39
179, 40
179, 41
179, 42
179, 43
179, 44
179, 45
179, 46
179, 47
179, 48
179, 49
179, 50
179, 51
179, 52
179, 53
179, 54
179, 55
179, 56
179, 57
179, 58
179, 59
179, 60
179, 61
179, 62
179, 63
179, 64
179, 65
179, 66
179, 67
179, 68
179, 69
179, 70
179, 71
179, 72
179, 73
179, 74
179, 75
179, 76
179, 77
179, 78
179, 79
179, 80
179, 81
179, 82
179, 83
179, 84
180, 12
180, 13
180, 14
180, 15
180, 16
180, 17
180, 18
180, 19
180, 20
180, 21
180, 22
180, 23
180, 24
180, 25
180, 26
180, 27
180, 28
180, 29
180, 30
180, 31
180, 32
180, 33
180, 34
180, 35
180, 36
180, 37
180, 38
180, 39
180, 40
180, 41
180, 42
180, 43
180, 44
180, 45
180, 46
180, 47
180, 48
180, 49
180, 50
180, 51
180, 52
180, 53
180, 54
180, 55
180, 56
180, 57
180, 58
180, 59
180, 60
180, 61
180, 62
180, 63
180, 64
180, 65
180, 66
180, 67
180, 68
180, 69
180, 70
180, 71
180, 72
180, 73
180, 74
180, 75
180, 76
180, 77
180, 78
180, 79
180, 80
180, 81
180, 82
180, 83
180, 84
181, 12
181, 13
181, 14
181, 15
181, 16
181, 17
181, 18
181, 19
181, 20
181, 21
181, 22
181, 23
181, 24
181, 25
181, 26
181, 27
181, 28
181, 29
181, 30
181, 31
181, 32
181, 33
181, 34
181, 35
181, 36
181, 37
181, 38
181, 39
181, 40
181, 41
181, 42
181, 43
181, 44
181, 45
181, 46
181, 47
181, 48
181, 49
181, 50
181, 51
181, 52
181, 53
181, 54
181, 55
181, 56
181, 57
181, 58
181, 59
181, 60
181, 61
181, 62
181, 63
181, 64
181, 65
181, 66
181, 67
181, 68
181, 69
181, 70
181, 71
181, 72
181, 73
181, 74
181, 75
181, 76
181, 77
181, 78
181, 79
181, 80
181, 81
181, 82
181, 83
181, 84
182, 12
182, 13
182, 14
182, 15
182, 16
182, 17
182, 18
182, 19
182, 20
182, 21
182, 22
182, 23
182, 24
182, 25
182, 26
182, 27
182, 28
182, 29
182, 30
182, 31
182, 32
182, 33
182, 34
182, 35
182, 36
182, 37
182, 38
182, 39
182, 40
182, 41
182, 42
182, 43
182, 44
182, 45
182, 46
182, 47
182, 48
182, 49
182, 50
182, 51
182, 52
182, 53
182, 54
182, 55
182, 56
182, 57
182, 58
182, 59
182, 60
182, 61
182, 62
182, 63
182, 64
182, 65
182, 66
182, 67
182, 68
182, 69
182, 70
182, 71
182, 72
182, 73
182, 74
182, 75
182, 76
182, 77
182, 78
182, 79
182, 80
182, 81
182, 82
182, 83
182, 84
183, 12
183, 13
183, 14
183, 15
183, 16
183, 17
183, 18
183, 19
183, 20
183, 21
183, 22
183, 23
183, 24
183, 25
183, 26
183, 27
183, 28
183, 29
183, 30
183, 31
183, 32
183, 33
183, 34
183, 35
183, 36
183, 37
183, 38
183, 39
183, 40
183, 41
183, 42
183, 43
183, 44
183, 45
183, 46
183, 47
183, 48
183, 49
183, 50
183, 51
183, 52
183, 53
183, 54
183, 55
183, 56
183, 57
183, 58
183, 59
183, 60
183, 61
183, 62
183, 63
183, 64
183, 65
183, 66
183, 67
183, 68
183, 69
183, 70
183, 71
183, 72
183, 73
183, 74
183, 75
183, 76
183, 77
183, 78
183, 79
183, 80
183, 81
183, 82
183, 83
183, 84
184, 12
184, 13
184, 14
184, 15
184, 16
184, 17
184, 18
184, 19
184, 20
184, 21
184, 22
184, 23
184, 24
184, 25
184, 26
184, 27
184, 28
184, 29
184, 30
184, 31
184, 32
184, 33
184, 34
184, 35
184, 36
184, 37
184, 38
184, 39
184, 40
184, 41
184, 42
184, 43
184, 44
184, 45
184, 46
184, 47
184, 48
184, 49
184, 50
184, 51
184, 52
184, 53
184, 54
184, 55
184, 56
184, 57
184, 58
184, 59
184, 60
184, 61
184, 62
184, 63
184, 64
184, 65
184, 66
184, 67
184, 68
184, 69
184, 70
184, 71
184, 72
184, 73
184, 74
184, 75
184, 76
184, 77
184, 78
184, 79
184, 80
184, 81
184, 82
184, 83
184, 84
185, 13
185, 14
185, 15
185, 16
185, 17
185, 18
185, 19
185, 20
185, 21
185, 22
185, 23
185, 24
185, 25
185, 26
185, 27
185, 28
185, 29
185, 30
185, 31
185, 32
185, 33
185, 34
185, 35
185, 36
185, 37
185, 38
185, 39
185, 40
185, 41
185, 42
185, 43
185, 44
185, 45
185, 46
185, 47
185, 48
185, 49
185, 50
185, 51
185, 52
185, 53
185, 54
185, 55
185, 56
185, 57
185, 58
185, 59
185, 60
185, 61
185, 62
185, 63
185, 64
185, 65
185, 66
185, 67
185, 68
185, 69
185, 70
185, 71
185, 72
185, 73
185, 74
185, 75
185, 76
185, 77
185, 78
185, 79
185, 80
185, 81
185, 82
185, 83
185, 84
186, 13
186, 14
186, 15
186, 16
186, 17
186, 18
186, 19
186, 20
186, 21
186, 22
186, 23
186, 24
186, 25
186, 26
186, 27
186, 28
186, 29
186, 30
186, 31
186, 32
186, 33
186, 34
186, 35
186, 36
186, 37
186, 38
186, 39
186, 40
186, 41
186, 42
186, 43
186, 44
186, 45
186, 46
186, 47
186, 48
186, 49
186, 50
186, 51
186, 52
186, 53
186, 54
186, 55
186, 56
186, 57
186, 58
186, 59
186, 60
186, 61
186, 62
186, 63
186, 64
186, 65
186, 66
186, 67
186, 68
186, 69
186, 70
186, 71
186, 72
186, 73
186, 74
186, 75
186, 76
186, 77
186, 78
186, 79
186, 80
186, 81
186, 82
186, 83
186, 84
187, 13
187, 14
187, 15
187, 16
187, 17
187, 18
187, 19
187, 20
187, 21
187, 22
187, 23
187, 24
187, 25
187, 26
187, 27
187, 28
187, 29
187, 30
187, 31
187, 32
187, 33
187, 34
187, 35
187, 36
187, 37
187, 38
187, 39
187, 40
187, 41
187, 42
187, 43
187, 44
187, 45
187, 46
187, 47
187, 48
187, 49
187, 50
187, 51
187, 52
187, 53
187, 54
187, 55
187, 56
187, 57
187, 58
187, 59
187, 60
187, 61
187, 62
187, 63
187, 64
187, 65
187, 66
187, 67
187, 68
187, 69
187, 70
187, 71
187, 72
187, 73
187, 74
187, 75
187, 76
187, 77
187, 78
187, 79
187, 80
187, 81
187, 82
187, 83
187, 84
187, 85
188, 13
188, 14
188, 15
188, 16
188, 17
188, 18
188, 19
188, 20
188, 21
188, 22
188, 23
188, 24
188, 25
188, 26
188, 27
188, 28
188, 29
188, 30
188, 31
188, 32
188, 33
188, 34
188, 35
188, 36
188, 37
188, 38
188, 39
188, 40
188, 41
188, 42
188, 43
188, 44
188, 45
188, 46
188, 47
188, 48
188, 49
188, 50
188, 51
188, 52
188, 53
188, 54
188, 55
188, 56
188, 57
188, 58
188, 59
188, 60
188, 61
188, 62
188, 63
188, 64
188, 65
188, 66
188, 67
188, 68
188, 69
188, 70
188, 71
188, 72
188, 73
188, 74
188, 75
188, 76
188, 77
188, 78
188, 79
188, 80
188, 81
188, 82
188, 83
188, 84
188, 85
189, 13
189, 14
189, 15
189, 16
189, 17
189, 18
189, 19
189, 20
189, 21
189, 22
189, 23
189, 24
189, 25
189, 26
189, 27
189, 28
189, 29
189, 30
189, 31
189, 32
189, 33
189, 34
189, 35
189, 36
189, 37
189, 38
189, 39
189, 40
189, 41
189, 42
189, 43
189, 44
189, 45
189, 46
189, 47
189, 48
189, 49
189, 50
189, 51
189, 52
189, 53
189, 54
189, 55
189, 56
189, 57
189, 58
189, 59
189, 60
189, 61
189, 62
189, 63
189, 64
189, 65
189, 66
189, 67
189, 68
189, 69
189, 70
189, 71
189, 72
189, 73
189, 74
189, 75
189, 76
189, 77
189, 78
189, 79
189, 80
189, 81
189, 82
189, 83
189, 84
189, 85
190, 13
190, 14
190, 15
190, 16
190, 17
190, 18
190, 19
190, 20
190, 21
190, 22
190, 23
190, 24
190, 25
190, 26
190, 27
190, 28
190, 29
190, 30
190, 31
190, 32
190, 33
190, 34
190, 35
190, 36
190, 37
190, 38
190, 39
190, 40
190, 41
190, 42
190, 43
190, 44
190, 45
190, 46
190, 47
190, 48
190, 49
190, 50
190, 51
190, 52
190, 53
190, 54
190, 55
190, 56
190, 57
190, 58
190, 59
190, 60
190, 61
190, 62
190, 63
190, 64
190, 65
190, 66
190, 67
190, 68
190, 69
190, 70
190, 71
190, 72
190, 73
190, 74
190, 75
190, 76
190, 77
190, 78
190, 79
190, 80
190, 81
190, 82
190, 83
190, 84
190, 85
190, 86
191, 14
191, 15
191, 16
191, 17
191, 18
191, 19
191, 20
191, 21
191, 22
191, 23
191, 24
191, 25
191, 26
191, 27
191, 28
191, 29
191, 30
191, 31
191, 32
191, 33
191, 34
191, 35
191, 36
191, 37
191, 38
191, 39
191, 40
191, 41
191, 42
191, 43
191, 44
191, 45
191, 46
191, 47
191, 48
191, 49
191, 50
191, 51
191, 52
191, 53
191, 54
191, 55
191, 56
191, 57
191, 58
191, 59
191, 60
191, 61
191, 62
191, 63
191, 64
191, 65
191, 66
191, 67
191, 68
191, 69
191, 70
191, 71
191, 72
191, 73
191, 74
191, 75
191, 76
191, 77
191, 78
191, 79
191, 80
191, 81
191, 82
191, 83
191, 84
191, 85
191, 86
192, 14
192, 15
192, 16
192, 17
192, 18
192, 19
192, 20
192, 21
192, 22
192, 23
192, 24
192, 25
192, 26
192, 27
192, 28
192, 29
192, 30
192, 31
192, 32
192, 33
192, 34
192, 35
192, 36
192, 37
192, 38
192, 39
192, 40
192, 41
192, 42
192, 43
192, 44
192, 45
192, 46
192, 47
192, 48
192, 49
192, 50
192, 51
192, 52
192, 53
192, 54
192, 55
192, 56
192, 57
192, 58
192, 59
192, 60
192, 61
192, 62
192, 63
192, 64
192, 65
192, 66
192, 67
192, 68
192, 69
192, 70
192, 71
192, 72
192, 73
192, 74
192, 75
192, 76
192, 77
192, 78
192, 79
192, 80
192, 81
192, 82
192, 83
192, 84
192, 85
192, 86
193, 15
193, 16
193, 17
193, 18
193, 19
193, 20
193, 21
193, 22
193, 23
193, 24
193, 25
193, 26
193, 27
193, 28
193, 29
193, 30
193, 31
193, 32
193, 33
193, 34
193, 35
193, 36
193, 37
193, 38
193, 39
193, 40
193, 41
193, 42
193, 43
193, 44
193, 45
193, 46
193, 47
193, 48
193, 49
193, 50
193, 51
193, 52
193, 53
193, 54
193, 55
193, 56
193, 57
193, 58
193, 59
193, 60
193, 61
193, 62
193, 63
193, 64
193, 65
193, 66
193, 67
193, 68
193, 69
193, 70
193, 71
193, 72
193, 73
193, 74
193, 75
193, 76
193, 77
193, 78
193, 79
193, 80
193, 81
193, 82
193, 83
193, 84
193, 85
193, 86
194, 15
194, 16
194, 17
194, 18
194, 19
194, 20
194, 21
194, 22
194, 23
194, 24
194, 25
194, 26
194, 27
194, 28
194, 29
194, 30
194, 31
194, 32
194, 33
194, 34
194, 35
194, 36
194, 37
194, 38
194, 39
194, 40
194, 41
194, 42
194, 43
194, 44
194, 45
194, 46
194, 47
194, 48
194, 49
194, 50
194, 51
194, 52
194, 53
194, 54
194, 55
194, 56
194, 57
194, 58
194, 59
194, 60
194, 61
194, 62
194, 63
194, 64
194, 65
194, 66
194, 67
194, 68
194, 69
194, 70
194, 71
194, 72
194, 73
194, 74
194, 75
194, 76
194, 77
194, 78
194, 79
194, 80
194, 81
194, 82
194, 83
194, 84
194, 85
194, 86
195, 15
195, 16
195, 17
195, 18
195, 19
195, 20
195, 21
195, 22
195, 23
195, 24
195, 25
195, 26
195, 27
195, 28
195, 29
195, 30
195, 31
195, 32
195, 33
195, 34
195, 35
195, 36
195, 37
195, 38
195, 39
195, 40
195, 41
195, 42
195, 43
195, 44
195, 45
195, 46
195, 47
195, 48
195, 49
195, 50
195, 51
195, 52
195, 53
195, 54
195, 55
195, 56
195, 57
195, 58
195, 59
195, 60
195, 61
195, 62
195, 63
195, 64
195, 65
195, 66
195, 67
195, 68
195, 69
195, 70
195, 71
195, 72
195, 73
195, 74
195, 75
195, 76
195, 77
195, 78
195, 79
195, 80
195, 81
195, 82
195, 83
195, 84
195, 85
195, 86
195, 87
196, 15
196, 16
196, 17
196, 18
196, 19
196, 20
196, 21
196, 22
196, 23
196, 24
196, 25
196, 26
196, 27
196, 28
196, 29
196, 30
196, 31
196, 32
196, 33
196, 34
196, 35
196, 36
196, 37
196, 38
196, 39
196, 40
196, 41
196, 42
196, 43
196, 44
196, 45
196, 46
196, 47
196, 48
196, 49
196, 50
196, 51
196, 52
196, 53
196, 54
196, 55
196, 56
196, 57
196, 58
196, 59
196, 60
196, 61
196, 62
196, 63
196, 64
196, 65
196, 66
196, 67
196, 68
196, 69
196, 70
196, 71
196, 72
196, 73
196, 74
196, 75
196, 76
196, 77
196, 78
196, 79
196, 80
196, 81
196, 82
196, 83
196, 84
196, 85
196, 86
196, 87
197, 16
197, 17
197, 18
197, 19
197, 20
197, 21
197, 22
197, 23
197, 24
197, 25
197, 26
197, 27
197, 28
197, 29
197, 30
197, 31
197, 32
197, 33
197, 34
197, 35
197, 36
197, 37
197, 38
197, 39
197, 40
197, 41
197, 42
197, 43
197, 44
197, 45
197, 46
197, 47
197, 48
197, 49
197, 50
197, 51
197, 52
197, 53
197, 54
197, 55
197, 56
197, 57
197, 58
197, 59
197, 60
197, 61
197, 62
197, 63
197, 64
197, 65
197, 66
197, 67
197, 68
197, 69
197, 70
197, 71
197, 72
197, 73
197, 74
197, 75
197, 76
197, 77
197, 78
197, 79
197, 80
197, 81
197, 82
197, 83
197, 84
197, 85
197, 86
197, 87
197, 88
198, 16
198, 17
198, 18
198, 19
198, 20
198, 21
198, 22
198, 23
198, 24
198, 25
198, 26
198, 27
198, 28
198, 29
198, 30
198, 31
198, 32
198, 33
198, 34
198, 35
198, 36
198, 37
198, 38
198, 39
198, 40
198, 41
198, 42
198, 43
198, 44
198, 45
198, 46
198, 47
198, 48
198, 49
198, 50
198, 51
198, 52
198, 53
198, 54
198, 55
198, 56
198, 57
198, 58
198, 59
198, 60
198, 61
198, 62
198, 63
198, 64
198, 65
198, 66
198, 67
198, 68
198, 69
198, 70
198, 71
198, 72
198, 73
198, 74
198, 75
198, 76
198, 77
198, 78
198, 79
198, 80
198, 81
198, 82
198, 83
198, 84
198, 85
198, 86
198, 87
198, 88
199, 16
199, 17
199, 18
199, 19
199, 20
199, 21
199, 22
199, 23
199, 24
199, 25
199, 26
199, 27
199, 28
199, 29
199, 30
199, 31
199, 32
199, 33
199, 34
199, 35
199, 36
199, 37
199, 38
199, 39
199, 40
199, 41
199, 42
199, 43
199, 44
199, 45
199, 46
199, 47
199, 48
199, 49
199, 50
199, 51
199, 52
199, 53
199, 54
199, 55
199, 56
199, 57
199, 58
199, 59
199, 60
199, 61
199, 62
199, 63
199, 64
199, 65
199, 66
199, 67
199, 68
199, 69
199, 70
199, 71
199, 72
199, 73
199, 74
199, 75
199, 76
199, 77
199, 78
199, 79
199, 80
199, 81
199, 82
199, 83
199, 84
199, 85
199, 86
199, 87
199, 88
200, 16
200, 17
200, 18
200, 19
200, 20
200, 21
200, 22
200, 23
200, 24
200, 25
200, 26
200, 27
200, 28
200, 29
200, 30
200, 31
200, 32
200, 33
200, 34
200, 35
200, 36
200, 37
200, 38
200, 39
200, 40
200, 41
200, 42
200, 43
200, 44
200, 45
200, 46
200, 47
200, 48
200, 49
200, 50
200, 51
200, 52
200, 53
200, 54
200, 55
200, 56
200, 57
200, 58
200, 59
200, 60
200, 61
200, 62
200, 63
200, 64
200, 65
200, 66
200, 67
200, 68
200, 69
200, 70
200, 71
200, 72
200, 73
200, 74
200, 75
200, 76
200, 77
200, 78
200, 79
200, 80
200, 81
200, 82
200, 83
200, 84
200, 85
200, 86
200, 87
200, 88
201, 16
201, 17
201, 18
201, 19
201, 20
201, 21
201, 22
201, 23
201, 24
201, 25
201, 26
201, 27
201, 28
201, 29
201, 30
201, 31
201, 32
201, 33
201, 34
201, 35
201, 36
201, 37
201, 38
201, 39
201, 40
201, 41
201, 42
201, 43
201, 44
201, 45
201, 46
201, 47
201, 48
201, 49
201, 50
201, 51
201, 52
201, 53
201, 54
201, 55
201, 56
201, 57
201, 58
201, 59
201, 60
201, 61
201, 62
201, 63
201, 64
201, 65
201, 66
201, 67
201, 68
201, 69
201, 70
201, 71
201, 72
201, 73
201, 74
201, 75
201, 76
201, 77
201, 78
201, 79
201, 80
201, 81
201, 82
201, 83
201, 84
201, 85
201, 86
201, 87
201, 88
202, 16
202, 17
202, 18
202, 19
202, 20
202, 21
202, 22
202, 23
202, 24
202, 25
202, 26
202, 27
202, 28
202, 29
202, 30
202, 31
202, 32
202, 33
202, 34
202, 35
202, 36
202, 37
202, 38
202, 39
202, 40
202, 41
202, 42
202, 43
202, 44
202, 45
202, 46
202, 47
202, 48
202, 49
202, 50
202, 51
202, 52
202, 53
202, 54
202, 55
202, 56
202, 57
202, 58
202, 59
202, 60
202, 61
202, 62
202, 63
202, 64
202, 65
202, 66
202, 67
202, 68
202, 69
202, 70
202, 71
202, 72
202, 73
202, 74
202, 75
202, 76
202, 77
202, 78
202, 79
202, 80
202, 81
202, 82
202, 83
202, 84
202, 85
202, 86
202, 87
202, 88
203, 16
203, 17
203, 18
203, 19
203, 20
203, 21
203, 22
203, 23
203, 24
203, 25
203, 26
203, 27
203, 28
203, 29
203, 30
203, 31
203, 32
203, 33
203, 34
203, 35
203, 36
203, 37
203, 38
203, 39
203, 40
203, 41
203, 42
203, 43
203, 44
203, 45
203, 46
203, 47
203, 48
203, 49
203, 50
203, 51
203, 52
203, 53
203, 54
203, 55
203, 56
203, 57
203, 58
203, 59
203, 60
203, 61
203, 62
203, 63
203, 64
203, 65
203, 66
203, 67
203, 68
203, 69
203, 70
203, 71
203, 72
203, 73
203, 74
203, 75
203, 76
203, 77
203, 78
203, 79
203, 80
203, 81
203, 82
203, 83
203, 84
203, 85
203, 86
203, 87
203, 88
203, 89
204, 19
204, 20
204, 21
204, 22
204, 23
204, 24
204, 25
204, 26
204, 27
204, 28
204, 29
204, 30
204, 31
204, 32
204, 33
204, 34
204, 35
204, 36
204, 37
204, 38
204, 39
204, 40
204, 41
204, 42
204, 43
204, 44
204, 45
204, 46
204, 47
204, 48
204, 49
204, 50
204, 51
204, 52
204, 53
204, 54
204, 55
204, 56
204, 57
204, 58
204, 59
204, 60
204, 61
204, 62
204, 63
204, 64
204, 65
204, 66
204, 67
204, 68
204, 69
204, 70
204, 71
204, 72
204, 73
204, 74
204, 75
204, 76
204, 77
204, 78
204, 79
204, 80
204, 81
204, 82
204, 83
204, 84
204, 85
204, 86
204, 87
204, 88
204, 89
205, 19
205, 20
205, 21
205, 22
205, 23
205, 24
205, 25
205, 26
205, 27
205, 28
205, 29
205, 30
205, 31
205, 32
205, 33
205, 34
205, 35
205, 36
205, 37
205, 38
205, 39
205, 40
205, 41
205, 42
205, 43
205, 44
205, 45
205, 46
205, 47
205, 48
205, 49
205, 50
205, 51
205, 52
205, 53
205, 54
205, 55
205, 56
205, 57
205, 58
205, 59
205, 60
205, 61
205, 62
205, 63
205, 64
205, 65
205, 66
205, 67
205, 68
205, 69
205, 70
205, 71
205, 72
205, 73
205, 74
205, 75
205, 76
205, 77
205, 78
205, 79
205, 80
205, 81
205, 82
205, 83
205, 84
205, 85
205, 86
205, 87
205, 88
205, 89
206, 19
206, 20
206, 21
206, 22
206, 23
206, 24
206, 25
206, 26
206, 27
206, 28
206, 29
206, 30
206, 31
206, 32
206, 33
206, 34
206, 35
206, 36
206, 37
206, 38
206, 39
206, 40
206, 41
206, 42
206, 43
206, 44
206, 45
206, 46
206, 47
206, 48
206, 49
206, 50
206, 51
206, 52
206, 53
206, 54
206, 55
206, 56
206, 57
206, 58
206, 59
206, 60
206, 61
206, 62
206, 63
206, 64
206, 65
206, 66
206, 67
206, 68
206, 69
206, 70
206, 71
206, 72
206, 73
206, 74
206, 75
206, 76
206, 77
206, 78
206, 79
206, 80
206, 81
206, 82
206, 83
206, 84
206, 85
206, 86
206, 87
206, 88
206, 89
207, 19
207, 20
207, 21
207, 22
207, 23
207, 24
207, 25
207, 26
207, 27
207, 28
207, 29
207, 30
207, 31
207, 32
207, 33
207, 34
207, 35
207, 36
207, 37
207, 38
207, 39
207, 40
207, 41
207, 42
207, 43
207, 44
207, 45
207, 46
207, 47
207, 48
207, 49
207, 50
207, 51
207, 52
207, 53
207, 54
207, 55
207, 56
207, 57
207, 58
207, 59
207, 60
207, 61
207, 62
207, 63
207, 64
207, 65
207, 66
207, 67
207, 68
207, 69
207, 70
207, 71
207, 72
207, 73
207, 74
207, 75
207, 76
207, 77
207, 78
207, 79
207, 80
207, 81
207, 82
207, 83
207, 84
207, 85
207, 86
207, 87
207, 88
207, 89
208, 19
208, 20
208, 21
208, 22
208, 23
208, 24
208, 25
208, 26
208, 27
208, 28
208, 29
208, 30
208, 31
208, 32
208, 33
208, 34
208, 35
208, 36
208, 37
208, 38
208, 39
208, 40
208, 41
208, 42
208, 43
208, 44
208, 45
208, 46
208, 47
208, 48
208, 49
208, 50
208, 51
208, 52
208, 53
208, 54
208, 55
208, 56
208, 57
208, 58
208, 59
208, 60
208, 61
208, 62
208, 63
208, 64
208, 65
208, 66
208, 67
208, 68
208, 69
208, 70
208, 71
208, 72
208, 73
208, 74
208, 75
208, 76
208, 77
208, 78
208, 79
208, 80
208, 81
208, 82
208, 83
208, 84
208, 85
208, 86
208, 87
208, 88
208, 89
208, 90
209, 19
209, 20
209, 21
209, 22
209, 23
209, 24
209, 25
209, 26
209, 27
209, 28
209, 29
209, 30
209, 31
209, 32
209, 33
209, 34
209, 35
209, 36
209, 37
209, 38
209, 39
209, 40
209, 41
209, 42
209, 43
209, 44
209, 45
209, 46
209, 47
209, 48
209, 49
209, 50
209, 51
209, 52
209, 53
209, 56
209, 57
209, 58
209, 59
209, 60
209, 61
209, 62
209, 63
209, 64
209, 65
209, 66
209, 67
209, 68
209, 69
209, 70
209, 71
209, 72
209, 73
209, 74
209, 75
209, 76
209, 77
209, 78
209, 79
209, 80
209, 81
209, 82
209, 83
209, 84
209, 85
209, 86
209, 87
209, 88
209, 89
209, 90
210, 20
210, 21
210, 22
210, 23
210, 24
210, 25
210, 26
210, 27
210, 28
210, 29
210, 30
210, 31
210, 32
210, 33
210, 34
210, 35
210, 36
210, 37
210, 38
210, 39
210, 40
210, 41
210, 42
210, 43
210, 44
210, 45
210, 46
210, 47
210, 48
210, 49
210, 50
210, 51
210, 52
210, 56
210, 57
210, 58
210, 59
210, 60
210, 61
210, 62
210, 63
210, 64
210, 65
210, 66
210, 67
210, 68
210, 69
210, 70
210, 71
210, 72
210, 73
210, 74
210, 75
210, 76
210, 77
210, 78
210, 79
210, 80
210, 81
210, 82
210, 83
210, 84
210, 85
210, 86
210, 87
210, 88
210, 89
210, 90
211, 20
211, 21
211, 22
211, 23
211, 24
211, 25
211, 26
211, 27
211, 28
211, 29
211, 30
211, 31
211, 32
211, 33
211, 34
211, 35
211, 36
211, 37
211, 38
211, 39
211, 40
211, 41
211, 42
211, 43
211, 44
211, 45
211, 46
211, 47
211, 48
211, 49
211, 50
211, 51
211, 52
211, 56
211, 57
211, 58
211, 59
211, 60
211, 61
211, 62
211, 63
211, 64
211, 65
211, 66
211, 67
211, 68
211, 69
211, 70
211, 71
211, 72
211, 73
211, 74
211, 75
211, 76
211, 77
211, 78
211, 79
211, 80
211, 81
211, 82
211, 83
211, 84
211, 85
211, 86
211, 87
211, 88
211, 89
211, 90
212, 20
212, 21
212, 22
212, 23
212, 24
212, 25
212, 26
212, 27
212, 28
212, 29
212, 30
212, 31
212, 32
212, 33
212, 34
212, 35
212, 36
212, 37
212, 38
212, 39
212, 40
212, 41
212, 42
212, 43
212, 44
212, 45
212, 46
212, 47
212, 48
212, 49
212, 50
212, 51
212, 57
212, 58
212, 59
212, 60
212, 61
212, 62
212, 63
212, 64
212, 65
212, 66
212, 67
212, 68
212, 69
212, 70
212, 71
212, 72
212, 73
212, 74
212, 75
212, 76
212, 77
212, 78
212, 79
212, 80
212, 81
212, 82
212, 83
212, 84
212, 85
212, 86
212, 87
212, 88
212, 89
212, 90
213, 20
213, 21
213, 22
213, 23
213, 24
213, 25
213, 26
213, 27
213, 28
213, 29
213, 30
213, 31
213, 32
213, 33
213, 34
213, 35
213, 36
213, 37
213, 38
213, 39
213, 40
213, 41
213, 42
213, 43
213, 44
213, 45
213, 46
213, 47
213, 48
213, 49
213, 50
213, 51
213, 57
213, 58
213, 59
213, 60
213, 61
213, 62
213, 63
213, 64
213, 65
213, 66
213, 67
213, 68
213, 69
213, 70
213, 71
213, 72
213, 73
213, 74
213, 75
213, 76
213, 77
213, 78
213, 79
213, 80
213, 81
213, 82
213, 83
213, 84
213, 85
213, 86
213, 87
213, 88
213, 89
213, 90
214, 20
214, 21
214, 22
214, 23
214, 24
214, 25
214, 26
214, 27
214, 28
214, 29
214, 30
214, 31
214, 32
214, 33
214, 34
214, 35
214, 36
214, 37
214, 38
214, 39
214, 40
214, 41
214, 42
214, 43
214, 44
214, 45
214, 46
214, 47
214, 48
214, 49
214, 50
214, 51
214, 57
214, 58
214, 59
214, 60
214, 61
214, 62
214, 63
214, 64
214, 65
214, 66
214, 67
214, 68
214, 69
214, 70
214, 71
214, 72
214, 73
214, 74
214, 75
214, 76
214, 77
214, 78
214, 79
214, 80
214, 81
214, 82
214, 83
214, 84
214, 85
214, 86
214, 87
214, 88
214, 89
214, 90
215, 20
215, 21
215, 22
215, 23
215, 24
215, 25
215, 26
215, 27
215, 28
215, 29
215, 30
215, 31
215, 32
215, 33
215, 34
215, 35
215, 36
215, 37
215, 38
215, 39
215, 40
215, 41
215, 42
215, 43
215, 44
215, 45
215, 46
215, 47
215, 48
215, 49
215, 50
215, 57
215, 58
215, 59
215, 60
215, 61
215, 62
215, 63
215, 64
215, 65
215, 66
215, 67
215, 68
215, 69
215, 70
215, 71
215, 72
215, 73
215, 74
215, 75
215, 76
215, 77
215, 78
215, 79
215, 80
215, 81
215, 82
215, 83
215, 84
215, 85
215, 86
215, 87
215, 88
215, 89
215, 90
216, 20
216, 21
216, 22
216, 23
216, 24
216, 25
216, 26
216, 27
216, 28
216, 29
216, 30
216, 31
216, 32
216, 33
216, 34
216, 35
216, 36
216, 37
216, 38
216, 39
216, 40
216, 41
216, 42
216, 43
216, 44
216, 45
216, 46
216, 47
216, 48
216, 49
216, 50
216, 58
216, 59
216, 60
216, 61
216, 62
216, 63
216, 64
216, 65
216, 66
216, 67
216, 68
216, 69
216, 70
216, 71
216, 72
216, 73
216, 74
216, 75
216, 76
216, 77
216, 78
216, 79
216, 80
216, 81
216, 82
216, 83
216, 84
216, 85
216, 86
216, 87
216, 88
216, 89
216, 90
217, 20
217, 21
217, 22
217, 23
217, 24
217, 25
217, 26
217, 27
217, 28
217, 29
217, 30
217, 31
217, 32
217, 33
217, 34
217, 35
217, 36
217, 37
217, 38
217, 39
217, 40
217, 41
217, 42
217, 43
217, 44
217, 45
217, 46
217, 47
217, 48
217, 49
217, 50
217, 58
217, 59
217, 60
217, 61
217, 62
217, 63
217, 64
217, 65
217, 66
217, 67
217, 68
217, 69
217, 70
217, 71
217, 72
217, 73
217, 74
217, 75
217, 76
217, 77
217, 78
217, 79
217, 80
217, 81
217, 82
217, 83
217, 84
217, 85
217, 86
217, 87
217, 88
217, 89
217, 90
218, 20
218, 21
218, 22
218, 23
218, 24
218, 25
218, 26
218, 27
218, 28
218, 29
218, 30
218, 31
218, 32
218, 33
218, 34
218, 35
218, 36
218, 37
218, 38
218, 39
218, 40
218, 41
218, 42
218, 43
218, 44
218, 45
218, 46
218, 47
218, 48
218, 49
218, 50
218, 58
218, 59
218, 60
218, 61
218, 62
218, 63
218, 64
218, 65
218, 66
218, 67
218, 68
218, 69
218, 70
218, 71
218, 72
218, 73
218, 74
218, 75
218, 76
218, 77
218, 78
218, 79
218, 80
218, 81
218, 82
218, 83
218, 84
218, 85
218, 86
218, 87
218, 88
218, 89
218, 90
219, 20
219, 21
219, 22
219, 23
219, 24
219, 25
219, 26
219, 27
219, 28
219, 29
219, 30
219, 31
219, 32
219, 33
219, 34
219, 35
219, 36
219, 37
219, 38
219, 39
219, 40
219, 41
219, 42
219, 43
219, 44
219, 45
219, 46
219, 47
219, 48
219, 49
219, 50
219, 59
219, 60
219, 61
219, 62
219, 63
219, 64
219, 65
219, 66
219, 67
219, 68
219, 69
219, 70
219, 71
219, 72
219, 73
219, 74
219, 75
219, 76
219, 77
219, 78
219, 79
219, 80
219, 81
219, 82
219, 83
219, 84
219, 85
219, 86
219, 87
219, 88
219, 89
219, 90
219, 91
220, 20
220, 21
220, 22
220, 23
220, 24
220, 25
220, 26
220, 27
220, 28
220, 29
220, 30
220, 31
220, 32
220, 33
220, 34
220, 35
220, 36
220, 37
220, 38
220, 39
220, 40
220, 41
220, 42
220, 43
220, 44
220, 45
220, 46
220, 47
220, 48
220, 49
220, 50
220, 59
220, 60
220, 61
220, 62
220, 63
220, 64
220, 65
220, 66
220, 67
220, 68
220, 69
220, 70
220, 71
220, 72
220, 73
220, 74
220, 75
220, 76
220, 77
220, 78
220, 79
220, 80
220, 81
220, 82
220, 83
220, 84
220, 85
220, 86
220, 87
220, 88
220, 89
220, 90
220, 91
221, 20
221, 21
221, 22
221, 23
221, 24
221, 25
221, 26
221, 27
221, 28
221, 29
221, 30
221, 31
221, 32
221, 33
221, 34
221, 35
221, 36
221, 37
221, 38
221, 39
221, 40
221, 41
221, 42
221, 43
221, 44
221, 45
221, 46
221, 47
221, 48
221, 49
221, 59
221, 60
221, 61
221, 62
221, 63
221, 64
221, 65
221, 66
221, 67
221, 68
221, 69
221, 70
221, 71
221, 72
221, 73
221, 74
221, 75
221, 76
221, 77
221, 78
221, 79
221, 80
221, 81
221, 82
221, 83
221, 84
221, 85
221, 86
221, 87
221, 88
221, 89
221, 90
221, 91
222, 20
222, 21
222, 22
222, 23
222, 24
222, 25
222, 26
222, 27
222, 28
222, 29
222, 30
222, 31
222, 32
222, 33
222, 34
222, 35
222, 36
222, 37
222, 38
222, 39
222, 40
222, 41
222, 42
222, 43
222, 44
222, 45
222, 46
222, 47
222, 48
222, 49
222, 59
222, 60
222, 61
222, 62
222, 63
222, 64
222, 65
222, 66
222, 67
222, 68
222, 69
222, 70
222, 71
222, 72
222, 73
222, 74
222, 75
222, 76
222, 77
222, 78
222, 79
222, 80
222, 81
222, 82
222, 83
222, 84
222, 85
222, 86
222, 87
222, 88
222, 89
222, 90
222, 91
223, 20
223, 21
223, 22
223, 23
223, 24
223, 25
223, 26
223, 27
223, 28
223, 29
223, 30
223, 31
223, 32
223, 33
223, 34
223, 35
223, 36
223, 37
223, 38
223, 39
223, 40
223, 41
223, 42
223, 43
223, 44
223, 45
223, 46
223, 47
223, 48
223, 49
223, 60
223, 61
223, 62
223, 63
223, 64
223, 65
223, 66
223, 67
223, 68
223, 69
223, 70
223, 71
223, 72
223, 73
223, 74
223, 75
223, 76
223, 77
223, 78
223, 79
223, 80
223, 81
223, 82
223, 83
223, 84
223, 85
223, 86
223, 87
223, 88
223, 89
223, 90
223, 91
224, 20
224, 21
224, 22
224, 23
224, 24
224, 25
224, 26
224, 27
224, 28
224, 29
224, 30
224, 31
224, 32
224, 33
224, 34
224, 35
224, 36
224, 37
224, 38
224, 39
224, 40
224, 41
224, 42
224, 43
224, 44
224, 45
224, 46
224, 47
224, 48
224, 49
224, 60
224, 61
224, 62
224, 63
224, 64
224, 65
224, 66
224, 67
224, 68
224, 69
224, 70
224, 71
224, 72
224, 73
224, 74
224, 75
224, 76
224, 77
224, 78
224, 79
224, 80
224, 81
224, 82
224, 83
224, 84
224, 85
224, 86
224, 87
224, 88
224, 89
224, 90
224, 91
225, 20
225, 21
225, 22
225, 23
225, 24
225, 25
225, 26
225, 27
225, 28
225, 29
225, 30
225, 31
225, 32
225, 33
225, 34
225, 35
225, 36
225, 37
225, 38
225, 39
225, 40
225, 41
225, 42
225, 43
225, 44
225, 45
225, 46
225, 47
225, 48
225, 49
225, 60
225, 61
225, 62
225, 63
225, 64
225, 65
225, 66
225, 67
225, 68
225, 69
225, 70
225, 71
225, 72
225, 73
225, 74
225, 75
225, 76
225, 77
225, 78
225, 79
225, 80
225, 81
225, 82
225, 83
225, 84
225, 85
225, 86
225, 87
225, 88
225, 89
225, 90
225, 91
226, 21
226, 22
226, 23
226, 24
226, 25
226, 26
226, 27
226, 28
226, 29
226, 30
226, 31
226, 32
226, 33
226, 34
226, 35
226, 36
226, 37
226, 38
226, 39
226, 40
226, 41
226, 42
226, 43
226, 44
226, 45
226, 46
226, 47
226, 48
226, 49
226, 60
226, 61
226, 62
226, 63
226, 64
226, 65
226, 66
226, 67
226, 68
226, 69
226, 70
226, 71
226, 72
226, 73
226, 74
226, 75
226, 76
226, 77
226, 78
226, 79
226, 80
226, 81
226, 82
226, 83
226, 84
226, 85
226, 86
226, 87
226, 88
226, 89
226, 90
226, 91
227, 21
227, 22
227, 23
227, 24
227, 25
227, 26
227, 27
227, 28
227, 29
227, 30
227, 31
227, 32
227, 33
227, 34
227, 35
227, 36
227, 37
227, 38
227, 39
227, 40
227, 41
227, 42
227, 43
227, 44
227, 45
227, 46
227, 47
227, 48
227, 49
227, 61
227, 62
227, 63
227, 64
227, 65
227, 66
227, 67
227, 68
227, 69
227, 70
227, 71
227, 72
227, 73
227, 74
227, 75
227, 76
227, 77
227, 78
227, 79
227, 80
227, 81
227, 82
227, 83
227, 84
227, 85
227, 86
227, 87
227, 88
227, 89
227, 90
227, 91
228, 21
228, 22
228, 23
228, 24
228, 25
228, 26
228, 27
228, 28
228, 29
228, 30
228, 31
228, 32
228, 33
228, 34
228, 35
228, 36
228, 37
228, 38
228, 39
228, 40
228, 41
228, 42
228, 43
228, 44
228, 45
228, 46
228, 47
228, 48
228, 49
228, 61
228, 62
228, 63
228, 64
228, 65
228, 66
228, 67
228, 68
228, 69
228, 70
228, 71
228, 72
228, 73
228, 74
228, 75
228, 76
228, 77
228, 78
228, 79
228, 80
228, 81
228, 82
228, 83
228, 84
228, 85
228, 86
228, 87
228, 88
228, 89
228, 90
228, 91
228, 92
229, 21
229, 22
229, 23
229, 24
229, 25
229, 26
229, 27
229, 28
229, 29
229, 30
229, 31
229, 32
229, 33
229, 34
229, 35
229, 36
229, 37
229, 38
229, 39
229, 40
229, 41
229, 42
229, 43
229, 44
229, 45
229, 46
229, 47
229, 48
229, 49
229, 61
229, 62
229, 63
229, 64
229, 65
229, 66
229, 67
229, 68
229, 69
229, 70
229, 71
229, 72
229, 73
229, 74
229, 75
229, 76
229, 77
229, 78
229, 79
229, 80
229, 81
229, 82
229, 83
229, 84
229, 85
229, 86
229, 87
229, 88
229, 89
229, 90
229, 91
229, 92
230, 21
230, 22
230, 23
230, 24
230, 25
230, 26
230, 27
230, 28
230, 29
230, 30
230, 31
230, 32
230, 33
230, 34
230, 35
230, 36
230, 37
230, 38
230, 39
230, 40
230, 41
230, 42
230, 43
230, 44
230, 45
230, 46
230, 47
230, 48
230, 49
230, 61
230, 62
230, 63
230, 64
230, 65
230, 66
230, 67
230, 68
230, 69
230, 70
230, 71
230, 72
230, 73
230, 74
230, 75
230, 76
230, 77
230, 78
230, 79
230, 80
230, 81
230, 82
230, 83
230, 84
230, 85
230, 86
230, 87
230, 88
230, 89
230, 90
230, 91
230, 92
231, 21
231, 22
231, 23
231, 24
231, 25
231, 26
231, 27
231, 28
231, 29
231, 30
231, 31
231, 32
231, 33
231, 34
231, 35
231, 36
231, 37
231, 38
231, 39
231, 40
231, 41
231, 42
231, 43
231, 44
231, 45
231, 46
231, 47
231, 48
231, 62
231, 63
231, 64
231, 65
231, 66
231, 67
231, 68
231, 69
231, 70
231, 71
231, 72
231, 73
231, 74
231, 75
231, 76
231, 77
231, 78
231, 79
231, 80
231, 81
231, 82
231, 83
231, 84
231, 85
231, 86
231, 87
231, 88
231, 89
231, 90
231, 91
231, 92
232, 21
232, 22
232, 23
232, 24
232, 25
232, 26
232, 27
232, 28
232, 29
232, 30
232, 31
232, 32
232, 33
232, 34
232, 35
232, 36
232, 37
232, 38
232, 39
232, 40
232, 41
232, 42
232, 43
232, 44
232, 45
232, 46
232, 47
232, 48
232, 62
232, 63
232, 64
232, 65
232, 66
232, 67
232, 68
232, 69
232, 70
232, 71
232, 72
232, 73
232, 74
232, 75
232, 76
232, 77
232, 78
232, 79
232, 80
232, 81
232, 82
232, 83
232, 84
232, 85
232, 86
232, 87
232, 88
232, 89
232, 90
232, 91
232, 92
233, 21
233, 22
233, 23
233, 24
233, 25
233, 26
233, 27
233, 28
233, 29
233, 30
233, 31
233, 32
233, 33
233, 34
233, 35
233, 36
233, 37
233, 38
233, 39
233, 40
233, 41
233, 42
233, 43
233, 44
233, 45
233, 46
233, 47
233, 48
233, 62
233, 63
233, 64
233, 65
233, 66
233, 67
233, 68
233, 69
233, 70
233, 71
233, 72
233, 73
233, 74
233, 75
233, 76
233, 77
233, 78
233, 79
233, 80
233, 81
233, 82
233, 83
233, 84
233, 85
233, 86
233, 87
233, 88
233, 89
233, 90
233, 91
233, 92
234, 21
234, 22
234, 23
234, 24
234, 25
234, 26
234, 27
234, 28
234, 29
234, 30
234, 31
234, 32
234, 33
234, 34
234, 35
234, 36
234, 37
234, 38
234, 39
234, 40
234, 41
234, 42
234, 43
234, 44
234, 45
234, 46
234, 47
234, 48
234, 62
234, 63
234, 64
234, 65
234, 66
234, 67
234, 68
234, 69
234, 70
234, 71
234, 72
234, 73
234, 74
234, 75
234, 76
234, 77
234, 78
234, 79
234, 80
234, 81
234, 82
234, 83
234, 84
234, 85
234, 86
234, 87
234, 88
234, 89
234, 90
234, 91
234, 92
235, 21
235, 22
235, 23
235, 24
235, 25
235, 26
235, 27
235, 28
235, 29
235, 30
235, 31
235, 32
235, 33
235, 34
235, 35
235, 36
235, 37
235, 38
235, 39
235, 40
235, 41
235, 42
235, 43
235, 44
235, 45
235, 46
235, 47
235, 48
235, 62
235, 63
235, 64
235, 65
235, 66
235, 67
235, 68
235, 69
235, 70
235, 71
235, 72
235, 73
235, 74
235, 75
235, 76
235, 77
235, 78
235, 79
235, 80
235, 81
235, 82
235, 83
235, 84
235, 85
235, 86
235, 87
235, 88
235, 89
235, 90
235, 91
235, 92
236, 21
236, 22
236, 23
236, 24
236, 25
236, 26
236, 27
236, 28
236, 29
236, 30
236, 31
236, 32
236, 33
236, 34
236, 35
236, 36
236, 37
236, 38
236, 39
236, 40
236, 41
236, 42
236, 43
236, 44
236, 45
236, 46
236, 47
236, 48
236, 62
236, 63
236, 64
236, 65
236, 66
236, 67
236, 68
236, 69
236, 70
236, 71
236, 72
236, 73
236, 74
236, 75
236, 76
236, 77
236, 78
236, 79
236, 80
236, 81
236, 82
236, 83
236, 84
236, 85
236, 86
236, 87
236, 88
236, 89
236, 90
236, 91
236, 92
237, 21
237, 22
237, 23
237, 24
237, 25
237, 26
237, 27
237, 28
237, 29
237, 30
237, 31
237, 32
237, 33
237, 34
237, 35
237, 36
237, 37
237, 38
237, 39
237, 40
237, 41
237, 42
237, 43
237, 44
237, 45
237, 46
237, 47
237, 48
237, 63
237, 64
237, 65
237, 66
237, 67
237, 68
237, 69
237, 70
237, 71
237, 72
237, 73
237, 74
237, 75
237, 76
237, 77
237, 78
237, 79
237, 80
237, 81
237, 82
237, 83
237, 84
237, 85
237, 86
237, 87
237, 88
237, 89
237, 90
237, 91
237, 92
238, 22
238, 23
238, 24
238, 25
238, 26
238, 27
238, 28
238, 29
238, 30
238, 31
238, 32
238, 33
238, 34
238, 35
238, 36
238, 37
238, 38
238, 39
238, 40
238, 41
238, 42
238, 43
238, 44
238, 45
238, 46
238, 47
238, 48
238, 63
238, 64
238, 65
238, 66
238, 67
238, 68
238, 69
238, 70
238, 71
238, 72
238, 73
238, 74
238, 75
238, 76
238, 77
238, 78
238, 79
238, 80
238, 81
238, 82
238, 83
238, 84
238, 85
238, 86
238, 87
238, 88
238, 89
238, 90
238, 91
238, 92
239, 22
239, 23
239, 24
239, 25
239, 26
239, 27
239, 28
239, 29
239, 30
239, 31
239, 32
239, 33
239, 34
239, 35
239, 36
239, 37
239, 38
239, 39
239, 40
239, 41
239, 42
239, 43
239, 44
239, 45
239, 46
239, 47
239, 48
239, 63
239, 64
239, 65
239, 66
239, 67
239, 68
239, 69
239, 70
239, 71
239, 72
239, 73
239, 74
239, 75
239, 76
239, 77
239, 78
239, 79
239, 80
239, 81
239, 82
239, 83
239, 84
239, 85
239, 86
239, 87
239, 88
239, 89
239, 90
239, 91
239, 92
239, 93
240, 22
240, 23
240, 24
240, 25
240, 26
240, 27
240, 28
240, 29
240, 30
240, 31
240, 32
240, 33
240, 34
240, 35
240, 36
240, 37
240, 38
240, 39
240, 40
240, 41
240, 42
240, 43
240, 44
240, 45
240, 46
240, 47
240, 48
240, 64
240, 65
240, 66
240, 67
240, 68
240, 69
240, 70
240, 71
240, 72
240, 73
240, 74
240, 75
240, 76
240, 77
240, 78
240, 79
240, 80
240, 81
240, 82
240, 83
240, 84
240, 85
240, 86
240, 87
240, 88
240, 89
240, 90
240, 91
240, 92
240, 93
241, 22
241, 23
241, 24
241, 25
241, 26
241, 27
241, 28
241, 29
241, 30
241, 31
241, 32
241, 33
241, 34
241, 35
241, 36
241, 37
241, 38
241, 39
241, 40
241, 41
241, 42
241, 43
241, 44
241, 45
241, 46
241, 47
241, 48
241, 64
241, 65
241, 66
241, 67
241, 68
241, 69
241, 70
241, 71
241, 72
241, 73
241, 74
241, 75
241, 76
241, 77
241, 78
241, 79
241, 80
241, 81
241, 82
241, 83
241, 84
241, 85
241, 86
241, 87
241, 88
241, 89
241, 90
241, 91
241, 92
241, 93
242, 22
242, 23
242, 24
242, 25
242, 26
242, 27
242, 28
242, 29
242, 30
242, 31
242, 32
242, 33
242, 34
242, 35
242, 36
242, 37
242, 38
242, 39
242, 40
242, 41
242, 42
242, 43
242, 44
242, 45
242, 46
242, 47
242, 48
242, 64
242, 65
242, 66
242, 67
242, 68
242, 69
242, 70
242, 71
242, 72
242, 73
242, 74
242, 75
242, 76
242, 77
242, 78
242, 79
242, 80
242, 81
242, 82
242, 83
242, 84
242, 85
242, 86
242, 87
242, 88
242, 89
242, 90
242, 91
242, 92
242, 93
243, 22
243, 23
243, 24
243, 25
243, 26
243, 27
243, 28
243, 29
243, 30
243, 31
243, 32
243, 33
243, 34
243, 35
243, 36
243, 37
243, 38
243, 39
243, 40
243, 41
243, 42
243, 43
243, 44
243, 45
243, 46
243, 47
243, 48
243, 65
243, 66
243, 67
243, 68
243, 69
243, 70
243, 71
243, 72
243, 73
243, 74
243, 75
243, 76
243, 77
243, 78
243, 79
243, 80
243, 81
243, 82
243, 83
243, 84
243, 85
243, 86
243, 87
243, 88
243, 89
243, 90
243, 91
243, 92
243, 93
244, 23
244, 24
244, 25
244, 26
244, 27
244, 28
244, 29
244, 30
244, 31
244, 32
244, 33
244, 34
244, 35
244, 36
244, 37
244, 38
244, 39
244, 40
244, 41
244, 42
244, 43
244, 44
244, 45
244, 46
244, 47
244, 48
244, 65
244, 66
244, 67
244, 68
244, 69
244, 70
244, 71
244, 72
244, 73
244, 74
244, 75
244, 76
244, 77
244, 78
244, 79
244, 80
244, 81
244, 82
244, 83
244, 84
244, 85
244, 86
244, 87
244, 88
244, 89
244, 90
244, 91
244, 92
244, 93
245, 23
245, 24
245, 25
245, 26
245, 27
245, 28
245, 29
245, 30
245, 31
245, 32
245, 33
245, 34
245, 35
245, 36
245, 37
245, 38
245, 39
245, 40
245, 41
245, 42
245, 43
245, 44
245, 45
245, 46
245, 47
245, 48
245, 65
245, 66
245, 67
245, 68
245, 69
245, 70
245, 71
245, 72
245, 73
245, 74
245, 75
245, 76
245, 77
245, 78
245, 79
245, 80
245, 81
245, 82
245, 83
245, 84
245, 85
245, 86
245, 87
245, 88
245, 89
245, 90
245, 91
245, 92
245, 93
246, 22
246, 23
246, 24
246, 25
246, 26
246, 27
246, 28
246, 29
246, 30
246, 31
246, 32
246, 33
246, 34
246, 35
246, 36
246, 37
246, 38
246, 39
246, 40
246, 41
246, 42
246, 43
246, 44
246, 45
246, 46
246, 47
246, 48
246, 66
246, 67
246, 68
246, 69
246, 70
246, 71
246, 72
246, 73
246, 74
246, 75
246, 76
246, 77
246, 78
246, 79
246, 80
246, 81
246, 82
246, 83
246, 84
246, 85
246, 86
246, 87
246, 88
246, 89
246, 90
246, 91
246, 92
246, 93
247, 22
247, 23
247, 24
247, 25
247, 26
247, 27
247, 28
247, 29
247, 30
247, 31
247, 32
247, 33
247, 34
247, 35
247, 36
247, 37
247, 38
247, 39
247, 40
247, 41
247, 42
247, 43
247, 44
247, 45
247, 46
247, 47
247, 48
247, 66
247, 67
247, 68
247, 69
247, 70
247, 71
247, 72
247, 73
247, 74
247, 75
247, 76
247, 77
247, 78
247, 79
247, 80
247, 81
247, 82
247, 83
247, 84
247, 85
247, 86
247, 87
247, 88
247, 89
247, 90
247, 91
247, 92
247, 93
248, 22
248, 23
248, 24
248, 25
248, 26
248, 27
248, 28
248, 29
248, 30
248, 31
248, 32
248, 33
248, 34
248, 35
248, 36
248, 37
248, 38
248, 39
248, 40
248, 41
248, 42
248, 43
248, 44
248, 45
248, 46
248, 47
248, 48
248, 66
248, 67
248, 68
248, 69
248, 70
248, 71
248, 72
248, 73
248, 74
248, 75
248, 76
248, 77
248, 78
248, 79
248, 80
248, 81
248, 82
248, 83
248, 84
248, 85
248, 86
248, 87
248, 88
248, 89
248, 90
248, 91
248, 92
248, 93
249, 22
249, 23
249, 24
249, 25
249, 26
249, 27
249, 28
249, 29
249, 30
249, 31
249, 32
249, 33
249, 34
249, 35
249, 36
249, 37
249, 38
249, 39
249, 40
249, 41
249, 42
249, 43
249, 44
249, 45
249, 46
249, 47
249, 48
249, 66
249, 67
249, 68
249, 69
249, 70
249, 71
249, 72
249, 73
249, 74
249, 75
249, 76
249, 77
249, 78
249, 79
249, 80
249, 81
249, 82
249, 83
249, 84
249, 85
249, 86
249, 87
249, 88
249, 89
249, 90
249, 91
249, 92
249, 93
250, 22
250, 23
250, 24
250, 25
250, 26
250, 27
250, 28
250, 29
250, 30
250, 31
250, 32
250, 33
250, 34
250, 35
250, 36
250, 37
250, 38
250, 39
250, 40
250, 41
250, 42
250, 43
250, 44
250, 45
250, 46
250, 47
250, 48
250, 66
250, 67
250, 68
250, 69
250, 70
250, 71
250, 72
250, 73
250, 74
250, 75
250, 76
250, 77
250, 78
250, 79
250, 80
250, 81
250, 82
250, 83
250, 84
250, 85
250, 86
250, 87
250, 88
250, 89
250, 90
250, 91
250, 92
250, 93
251, 22
251, 23
251, 24
251, 25
251, 26
251, 27
251, 28
251, 29
251, 30
251, 31
251, 32
251, 33
251, 34
251, 35
251, 36
251, 37
251, 38
251, 39
251, 40
251, 41
251, 42
251, 43
251, 44
251, 45
251, 46
251, 47
251, 48
251, 67
251, 68
251, 69
251, 70
251, 71
251, 72
251, 73
251, 74
251, 75
251, 76
251, 77
251, 78
251, 79
251, 80
251, 81
251, 82
251, 83
251, 84
251, 85
251, 86
251, 87
251, 88
251, 89
251, 90
251, 91
251, 92
251, 93
252, 22
252, 23
252, 24
252, 25
252, 26
252, 27
252, 28
252, 29
252, 30
252, 31
252, 32
252, 33
252, 34
252, 35
252, 36
252, 37
252, 38
252, 39
252, 40
252, 41
252, 42
252, 43
252, 44
252, 45
252, 46
252, 47
252, 48
252, 67
252, 68
252, 69
252, 70
252, 71
252, 72
252, 73
252, 74
252, 75
252, 76
252, 77
252, 78
252, 79
252, 80
252, 81
252, 82
252, 83
252, 84
252, 85
252, 86
252, 87
252, 88
252, 89
252, 90
252, 91
252, 92
252, 93
253, 22
253, 23
253, 24
253, 25
253, 26
253, 27
253, 28
253, 29
253, 30
253, 31
253, 32
253, 33
253, 34
253, 35
253, 36
253, 37
253, 38
253, 39
253, 40
253, 41
253, 42
253, 43
253, 44
253, 45
253, 46
253, 47
253, 48
253, 68
253, 69
253, 70
253, 71
253, 72
253, 73
253, 74
253, 75
253, 76
253, 77
253, 78
253, 79
253, 80
253, 81
253, 82
253, 83
253, 84
253, 85
253, 86
253, 87
253, 88
253, 89
253, 90
253, 91
253, 92
253, 93
254, 23
254, 24
254, 25
254, 26
254, 27
254, 28
254, 29
254, 30
254, 31
254, 32
254, 33
254, 34
254, 35
254, 36
254, 37
254, 38
254, 39
254, 40
254, 41
254, 42
254, 43
254, 44
254, 45
254, 46
254, 47
254, 48
254, 68
254, 69
254, 70
254, 71
254, 72
254, 73
254, 74
254, 75
254, 76
254, 77
254, 78
254, 79
254, 80
254, 81
254, 82
254, 83
254, 84
254, 85
254, 86
254, 87
254, 88
254, 89
254, 90
254, 91
254, 92
254, 93
255, 23
255, 24
255, 25
255, 26
255, 27
255, 28
255, 29
255, 30
255, 31
255, 32
255, 33
255, 34
255, 35
255, 36
255, 37
255, 38
255, 39
255, 40
255, 41
255, 42
255, 43
255, 44
255, 45
255, 46
255, 47
255, 48
255, 69
255, 70
255, 71
255, 72
255, 73
255, 74
255, 75
255, 76
255, 77
255, 78
255, 79
255, 80
255, 81
255, 82
255, 83
255, 84
255, 85
255, 86
255, 87
255, 88
255, 89
255, 90
255, 91
255, 92
255, 93
256, 23
256, 24
256, 25
256, 26
256, 27
256, 28
256, 29
256, 30
256, 31
256, 32
256, 33
256, 34
256, 35
256, 36
256, 37
256, 38
256, 39
256, 40
256, 41
256, 42
256, 43
256, 44
256, 45
256, 46
256, 47
256, 48
256, 69
256, 70
256, 71
256, 72
256, 73
256, 74
256, 75
256, 76
256, 77
256, 78
256, 79
256, 80
256, 81
256, 82
256, 83
256, 84
256, 85
256, 86
256, 87
256, 88
256, 89
256, 90
256, 91
256, 92
256, 93
257, 23
257, 24
257, 25
257, 26
257, 27
257, 28
257, 29
257, 30
257, 31
257, 32
257, 33
257, 34
257, 35
257, 36
257, 37
257, 38
257, 39
257, 40
257, 41
257, 42
257, 43
257, 44
257, 45
257, 46
257, 47
257, 48
257, 70
257, 71
257, 72
257, 73
257, 74
257, 75
257, 76
257, 77
257, 78
257, 79
257, 80
257, 81
257, 82
257, 83
257, 84
257, 85
257, 86
257, 87
257, 88
257, 89
257, 90
257, 91
257, 92
257, 93
257, 94
258, 23
258, 24
258, 25
258, 26
258, 27
258, 28
258, 29
258, 30
258, 31
258, 32
258, 33
258, 34
258, 35
258, 36
258, 37
258, 38
258, 39
258, 40
258, 41
258, 42
258, 43
258, 44
258, 45
258, 46
258, 47
258, 48
258, 49
258, 70
258, 71
258, 72
258, 73
258, 74
258, 75
258, 76
258, 77
258, 78
258, 79
258, 80
258, 81
258, 82
258, 83
258, 84
258, 85
258, 86
258, 87
258, 88
258, 89
258, 90
258, 91
258, 92
258, 93
258, 94
259, 23
259, 24
259, 25
259, 26
259, 27
259, 28
259, 29
259, 30
259, 31
259, 32
259, 33
259, 34
259, 35
259, 36
259, 37
259, 38
259, 39
259, 40
259, 41
259, 42
259, 43
259, 44
259, 45
259, 46
259, 47
259, 48
259, 49
259, 70
259, 71
259, 72
259, 73
259, 74
259, 75
259, 76
259, 77
259, 78
259, 79
259, 80
259, 81
259, 82
259, 83
259, 84
259, 85
259, 86
259, 87
259, 88
259, 89
259, 90
259, 91
259, 92
259, 93
259, 94
260, 23
260, 24
260, 25
260, 26
260, 27
260, 28
260, 29
260, 30
260, 31
260, 32
260, 33
260, 34
260, 35
260, 36
260, 37
260, 38
260, 39
260, 40
260, 41
260, 42
260, 43
260, 44
260, 45
260, 46
260, 47
260, 48
260, 49
260, 70
260, 71
260, 72
260, 73
260, 74
260, 75
260, 76
260, 77
260, 78
260, 79
260, 80
260, 81
260, 82
260, 83
260, 84
260, 85
260, 86
260, 87
260, 88
260, 89
260, 90
260, 91
260, 92
260, 93
260, 94
261, 23
261, 24
261, 25
261, 26
261, 27
261, 28
261, 29
261, 30
261, 31
261, 32
261, 33
261, 34
261, 35
261, 36
261, 37
261, 38
261, 39
261, 40
261, 41
261, 42
261, 43
261, 44
261, 45
261, 46
261, 47
261, 48
261, 49
261, 70
261, 71
261, 72
261, 73
261, 74
261, 75
261, 76
261, 77
261, 78
261, 79
261, 80
261, 81
261, 82
261, 83
261, 84
261, 85
261, 86
261, 87
261, 88
261, 89
261, 90
261, 91
261, 92
261, 93
261, 94
262, 23
262, 24
262, 25
262, 26
262, 27
262, 28
262, 29
262, 30
262, 31
262, 32
262, 33
262, 34
262, 35
262, 36
262, 37
262, 38
262, 39
262, 40
262, 41
262, 42
262, 43
262, 44
262, 45
262, 46
262, 47
262, 48
262, 49
262, 71
262, 72
262, 73
262, 74
262, 75
262, 76
262, 77
262, 78
262, 79
262, 80
262, 81
262, 82
262, 83
262, 84
262, 85
262, 86
262, 87
262, 88
262, 89
262, 90
262, 91
262, 92
262, 93
262, 94
263, 23
263, 24
263, 25
263, 26
263, 27
263, 28
263, 29
263, 30
263, 31
263, 32
263, 33
263, 34
263, 35
263, 36
263, 37
263, 38
263, 39
263, 40
263, 41
263, 42
263, 43
263, 44
263, 45
263, 46
263, 47
263, 48
263, 49
263, 71
263, 72
263, 73
263, 74
263, 75
263, 76
263, 77
263, 78
263, 79
263, 80
263, 81
263, 82
263, 83
263, 84
263, 85
263, 86
263, 87
263, 88
263, 89
263, 90
263, 91
263, 92
263, 93
263, 94
264, 23
264, 24
264, 25
264, 26
264, 27
264, 28
264, 29
264, 30
264, 31
264, 32
264, 33
264, 34
264, 35
264, 36
264, 37
264, 38
264, 39
264, 40
264, 41
264, 42
264, 43
264, 44
264, 45
264, 46
264, 47
264, 48
264, 49
264, 71
264, 72
264, 73
264, 74
264, 75
264, 76
264, 77
264, 78
264, 79
264, 80
264, 81
264, 82
264, 83
264, 84
264, 85
264, 86
264, 87
264, 88
264, 89
264, 90
264, 91
264, 92
264, 93
265, 22
265, 23
265, 24
265, 25
265, 26
265, 27
265, 28
265, 29
265, 30
265, 31
265, 32
265, 33
265, 34
265, 35
265, 36
265, 37
265, 38
265, 39
265, 40
265, 41
265, 42
265, 43
265, 44
265, 45
265, 46
265, 47
265, 48
265, 49
265, 71
265, 72
265, 73
265, 74
265, 75
265, 76
265, 77
265, 78
265, 79
265, 80
265, 81
265, 82
265, 83
265, 84
265, 85
265, 86
265, 87
265, 88
265, 89
265, 90
265, 91
265, 92
265, 93
265, 94
266, 22
266, 23
266, 24
266, 25
266, 26
266, 27
266, 28
266, 29
266, 30
266, 31
266, 32
266, 33
266, 34
266, 35
266, 36
266, 37
266, 38
266, 39
266, 40
266, 41
266, 42
266, 43
266, 44
266, 45
266, 46
266, 47
266, 48
266, 49
266, 71
266, 72
266, 73
266, 74
266, 75
266, 76
266, 77
266, 78
266, 79
266, 80
266, 81
266, 82
266, 83
266, 84
266, 85
266, 86
266, 87
266, 88
266, 89
266, 90
266, 91
266, 92
266, 93
266, 94
267, 22
267, 23
267, 24
267, 25
267, 26
267, 27
267, 28
267, 29
267, 30
267, 31
267, 32
267, 33
267, 34
267, 35
267, 36
267, 37
267, 38
267, 39
267, 40
267, 41
267, 42
267, 43
267, 44
267, 45
267, 46
267, 47
267, 48
267, 49
267, 71
267, 72
267, 73
267, 74
267, 75
267, 76
267, 77
267, 78
267, 79
267, 80
267, 81
267, 82
267, 83
267, 84
267, 85
267, 86
267, 87
267, 88
267, 89
267, 90
267, 91
267, 92
267, 93
267, 94
268, 22
268, 23
268, 24
268, 25
268, 26
268, 27
268, 28
268, 29
268, 30
268, 31
268, 32
268, 33
268, 34
268, 35
268, 36
268, 37
268, 38
268, 39
268, 40
268, 41
268, 42
268, 43
268, 44
268, 45
268, 46
268, 47
268, 48
268, 49
268, 71
268, 72
268, 73
268, 74
268, 75
268, 76
268, 77
268, 78
268, 79
268, 80
268, 81
268, 82
268, 83
268, 84
268, 85
268, 86
268, 87
268, 88
268, 89
268, 90
268, 91
268, 92
268, 93
268, 94
269, 22
269, 23
269, 24
269, 25
269, 26
269, 27
269, 28
269, 29
269, 30
269, 31
269, 32
269, 33
269, 34
269, 35
269, 36
269, 37
269, 38
269, 39
269, 40
269, 41
269, 42
269, 43
269, 44
269, 45
269, 46
269, 47
269, 48
269, 49
269, 72
269, 73
269, 74
269, 75
269, 76
269, 77
269, 78
269, 79
269, 80
269, 81
269, 82
269, 83
269, 84
269, 85
269, 86
269, 87
269, 88
269, 89
269, 90
269, 91
269, 92
269, 93
269, 94
270, 22
270, 23
270, 24
270, 25
270, 26
270, 27
270, 28
270, 29
270, 30
270, 31
270, 32
270, 33
270, 34
270, 35
270, 36
270, 37
270, 38
270, 39
270, 40
270, 41
270, 42
270, 43
270, 44
270, 45
270, 46
270, 47
270, 48
270, 49
270, 72
270, 73
270, 74
270, 75
270, 76
270, 77
270, 78
270, 79
270, 80
270, 81
270, 82
270, 83
270, 84
270, 85
270, 86
270, 87
270, 88
270, 89
270, 90
270, 91
270, 92
270, 93
270, 94
271, 22
271, 23
271, 24
271, 25
271, 26
271, 27
271, 28
271, 29
271, 30
271, 31
271, 32
271, 33
271, 34
271, 35
271, 36
271, 37
271, 38
271, 39
271, 40
271, 41
271, 42
271, 43
271, 44
271, 45
271, 46
271, 47
271, 48
271, 49
271, 72
271, 73
271, 74
271, 75
271, 76
271, 77
271, 78
271, 79
271, 80
271, 81
271, 82
271, 83
271, 84
271, 85
271, 86
271, 87
271, 88
271, 89
271, 90
271, 91
271, 92
271, 93
271, 94
272, 22
272, 23
272, 24
272, 25
272, 26
272, 27
272, 28
272, 29
272, 30
272, 31
272, 32
272, 33
272, 34
272, 35
272, 36
272, 37
272, 38
272, 39
272, 40
272, 41
272, 42
272, 43
272, 44
272, 45
272, 46
272, 47
272, 48
272, 49
272, 72
272, 73
272, 74
272, 75
272, 76
272, 77
272, 78
272, 79
272, 80
272, 81
272, 82
272, 83
272, 84
272, 85
272, 86
272, 87
272, 88
272, 89
272, 90
272, 91
272, 92
272, 93
272, 94
273, 22
273, 23
273, 24
273, 25
273, 26
273, 27
273, 28
273, 29
273, 30
273, 31
273, 32
273, 33
273, 34
273, 35
273, 36
273, 37
273, 38
273, 39
273, 40
273, 41
273, 42
273, 43
273, 44
273, 45
273, 46
273, 47
273, 48
273, 49
273, 72
273, 73
273, 74
273, 75
273, 76
273, 77
273, 78
273, 79
273, 80
273, 81
273, 82
273, 83
273, 84
273, 85
273, 86
273, 87
273, 88
273, 89
273, 90
273, 91
273, 92
273, 93
273, 94
274, 21
274, 22
274, 23
274, 24
274, 25
274, 26
274, 27
274, 28
274, 29
274, 30
274, 31
274, 32
274, 33
274, 34
274, 35
274, 36
274, 37
274, 38
274, 39
274, 40
274, 41
274, 42
274, 43
274, 44
274, 45
274, 46
274, 47
274, 48
274, 49
274, 72
274, 73
274, 74
274, 75
274, 76
274, 77
274, 78
274, 79
274, 80
274, 81
274, 82
274, 83
274, 84
274, 85
274, 86
274, 87
274, 88
274, 89
274, 90
274, 91
274, 92
274, 93
274, 94
275, 21
275, 22
275, 23
275, 24
275, 25
275, 26
275, 27
275, 28
275, 29
275, 30
275, 31
275, 32
275, 33
275, 34
275, 35
275, 36
275, 37
275, 38
275, 39
275, 40
275, 41
275, 42
275, 43
275, 44
275, 45
275, 46
275, 47
275, 48
275, 49
275, 73
275, 74
275, 75
275, 76
275, 77
275, 78
275, 79
275, 80
275, 81
275, 82
275, 83
275, 84
275, 85
275, 86
275, 87
275, 88
275, 89
275, 90
275, 91
275, 92
275, 93
275, 94
276, 21
276, 22
276, 23
276, 24
276, 25
276, 26
276, 27
276, 28
276, 29
276, 30
276, 31
276, 32
276, 33
276, 34
276, 35
276, 36
276, 37
276, 38
276, 39
276, 40
276, 41
276, 42
276, 43
276, 44
276, 45
276, 46
276, 47
276, 48
276, 49
276, 73
276, 74
276, 75
276, 76
276, 77
276, 78
276, 79
276, 80
276, 81
276, 82
276, 83
276, 84
276, 85
276, 86
276, 87
276, 88
276, 89
276, 90
276, 91
276, 92
276, 93
276, 94
277, 21
277, 22
277, 23
277, 24
277, 25
277, 26
277, 27
277, 28
277, 29
277, 30
277, 31
277, 32
277, 33
277, 34
277, 35
277, 36
277, 37
277, 38
277, 39
277, 40
277, 41
277, 42
277, 43
277, 44
277, 45
277, 46
277, 47
277, 48
277, 49
277, 73
277, 74
277, 75
277, 76
277, 77
277, 78
277, 79
277, 80
277, 81
277, 82
277, 83
277, 84
277, 85
277, 86
277, 87
277, 88
277, 89
277, 90
277, 91
277, 92
277, 93
277, 94
278, 21
278, 22
278, 23
278, 24
278, 25
278, 26
278, 27
278, 28
278, 29
278, 30
278, 31
278, 32
278, 33
278, 34
278, 35
278, 36
278, 37
278, 38
278, 39
278, 40
278, 41
278, 42
278, 43
278, 44
278, 45
278, 46
278, 47
278, 48
278, 49
278, 73
278, 74
278, 75
278, 76
278, 77
278, 78
278, 79
278, 80
278, 81
278, 82
278, 83
278, 84
278, 85
278, 86
278, 87
278, 88
278, 89
278, 90
278, 91
278, 92
278, 93
278, 94
279, 21
279, 22
279, 23
279, 24
279, 25
279, 26
279, 27
279, 28
279, 29
279, 30
279, 31
279, 32
279, 33
279, 34
279, 35
279, 36
279, 37
279, 38
279, 39
279, 40
279, 41
279, 42
279, 43
279, 44
279, 45
279, 46
279, 47
279, 48
279, 49
279, 73
279, 74
279, 75
279, 76
279, 77
279, 78
279, 79
279, 80
279, 81
279, 82
279, 83
279, 84
279, 85
279, 86
279, 87
279, 88
279, 89
279, 90
279, 91
279, 92
279, 93
279, 94
280, 21
280, 22
280, 23
280, 24
280, 25
280, 26
280, 27
280, 28
280, 29
280, 30
280, 31
280, 32
280, 33
280, 34
280, 35
280, 36
280, 37
280, 38
280, 39
280, 40
280, 41
280, 42
280, 43
280, 44
280, 45
280, 46
280, 47
280, 48
280, 49
280, 74
280, 75
280, 76
280, 77
280, 78
280, 79
280, 80
280, 81
280, 82
280, 83
280, 84
280, 85
280, 86
280, 87
280, 88
280, 89
280, 90
280, 91
280, 92
280, 93
280, 94
281, 21
281, 22
281, 23
281, 24
281, 25
281, 26
281, 27
281, 28
281, 29
281, 30
281, 31
281, 32
281, 33
281, 34
281, 35
281, 36
281, 37
281, 38
281, 39
281, 40
281, 41
281, 42
281, 43
281, 44
281, 45
281, 46
281, 47
281, 48
281, 49
281, 74
281, 75
281, 76
281, 77
281, 78
281, 79
281, 80
281, 81
281, 82
281, 83
281, 84
281, 85
281, 86
281, 87
281, 88
281, 89
281, 90
281, 91
281, 92
281, 93
281, 94
282, 21
282, 22
282, 23
282, 24
282, 25
282, 26
282, 27
282, 28
282, 29
282, 30
282, 31
282, 32
282, 33
282, 34
282, 35
282, 36
282, 37
282, 38
282, 39
282, 40
282, 41
282, 42
282, 43
282, 44
282, 45
282, 46
282, 47
282, 48
282, 49
282, 75
282, 76
282, 77
282, 78
282, 79
282, 80
282, 81
282, 82
282, 83
282, 84
282, 85
282, 86
282, 87
282, 88
282, 89
282, 90
282, 91
282, 92
282, 93
282, 94
283, 21
283, 22
283, 23
283, 24
283, 25
283, 26
283, 27
283, 28
283, 29
283, 30
283, 31
283, 32
283, 33
283, 34
283, 35
283, 36
283, 37
283, 38
283, 39
283, 40
283, 41
283, 42
283, 43
283, 44
283, 45
283, 46
283, 47
283, 48
283, 49
283, 76
283, 77
283, 78
283, 79
283, 80
283, 81
283, 82
283, 83
283, 84
283, 85
283, 86
283, 87
283, 88
283, 89
283, 90
283, 91
283, 92
283, 93
283, 94
284, 20
284, 21
284, 22
284, 23
284, 24
284, 25
284, 26
284, 27
284, 28
284, 29
284, 30
284, 31
284, 32
284, 33
284, 34
284, 35
284, 36
284, 37
284, 38
284, 39
284, 40
284, 41
284, 42
284, 43
284, 44
284, 45
284, 46
284, 47
284, 48
284, 49
284, 76
284, 77
284, 78
284, 79
284, 80
284, 81
284, 82
284, 83
284, 84
284, 85
284, 86
284, 87
284, 88
284, 89
284, 90
284, 91
284, 92
284, 93
284, 94
285, 20
285, 21
285, 22
285, 23
285, 24
285, 25
285, 26
285, 27
285, 28
285, 29
285, 30
285, 31
285, 32
285, 33
285, 34
285, 35
285, 36
285, 37
285, 38
285, 39
285, 40
285, 41
285, 42
285, 43
285, 44
285, 45
285, 46
285, 47
285, 48
285, 49
285, 77
285, 78
285, 79
285, 80
285, 81
285, 82
285, 83
285, 84
285, 85
285, 86
285, 87
285, 88
285, 89
285, 90
285, 91
285, 92
285, 93
285, 94
286, 20
286, 21
286, 22
286, 23
286, 24
286, 25
286, 26
286, 27
286, 28
286, 29
286, 30
286, 31
286, 32
286, 33
286, 34
286, 35
286, 36
286, 37
286, 38
286, 39
286, 40
286, 41
286, 42
286, 43
286, 44
286, 45
286, 46
286, 47
286, 48
286, 49
286, 77
286, 78
286, 79
286, 80
286, 81
286, 82
286, 83
286, 84
286, 85
286, 86
286, 87
286, 88
286, 89
286, 90
286, 91
286, 92
286, 93
286, 94
287, 20
287, 21
287, 22
287, 23
287, 24
287, 25
287, 26
287, 27
287, 28
287, 29
287, 30
287, 31
287, 32
287, 33
287, 34
287, 35
287, 36
287, 37
287, 38
287, 39
287, 40
287, 41
287, 42
287, 43
287, 44
287, 45
287, 46
287, 47
287, 48
287, 49
287, 77
287, 78
287, 79
287, 80
287, 81
287, 82
287, 83
287, 84
287, 85
287, 86
287, 87
287, 88
287, 89
287, 90
287, 91
287, 92
287, 93
287, 94
288, 20
288, 21
288, 22
288, 23
288, 24
288, 25
288, 26
288, 27
288, 28
288, 29
288, 30
288, 31
288, 32
288, 33
288, 34
288, 35
288, 36
288, 37
288, 38
288, 39
288, 40
288, 41
288, 42
288, 43
288, 44
288, 45
288, 46
288, 47
288, 48
288, 49
288, 77
288, 78
288, 79
288, 80
288, 81
288, 82
288, 83
288, 84
288, 85
288, 86
288, 87
288, 88
288, 89
288, 90
288, 91
288, 92
288, 93
288, 94
289, 20
289, 21
289, 22
289, 23
289, 24
289, 25
289, 26
289, 27
289, 28
289, 29
289, 30
289, 31
289, 32
289, 33
289, 34
289, 35
289, 36
289, 37
289, 38
289, 39
289, 40
289, 41
289, 42
289, 43
289, 44
289, 45
289, 46
289, 47
289, 48
289, 49
289, 77
289, 78
289, 79
289, 80
289, 81
289, 82
289, 83
289, 84
289, 85
289, 86
289, 87
289, 88
289, 89
289, 90
289, 91
289, 92
289, 93
289, 94
290, 20
290, 21
290, 22
290, 23
290, 24
290, 25
290, 26
290, 27
290, 28
290, 29
290, 30
290, 31
290, 32
290, 33
290, 34
290, 35
290, 36
290, 37
290, 38
290, 39
290, 40
290, 41
290, 42
290, 43
290, 44
290, 45
290, 46
290, 47
290, 48
290, 49
290, 77
290, 78
290, 79
290, 80
290, 81
290, 82
290, 83
290, 84
290, 85
290, 86
290, 87
290, 88
290, 89
290, 90
290, 91
290, 92
290, 93
290, 94
291, 20
291, 21
291, 22
291, 23
291, 24
291, 25
291, 26
291, 27
291, 28
291, 29
291, 30
291, 31
291, 32
291, 33
291, 34
291, 35
291, 36
291, 37
291, 38
291, 39
291, 40
291, 41
291, 42
291, 43
291, 44
291, 45
291, 46
291, 47
291, 48
291, 49
291, 78
291, 79
291, 80
291, 81
291, 82
291, 83
291, 84
291, 85
291, 86
291, 87
291, 88
291, 89
291, 90
291, 91
291, 92
291, 93
291, 94
292, 20
292, 21
292, 22
292, 23
292, 24
292, 25
292, 26
292, 27
292, 28
292, 29
292, 30
292, 31
292, 32
292, 33
292, 34
292, 35
292, 36
292, 37
292, 38
292, 39
292, 40
292, 41
292, 42
292, 43
292, 44
292, 45
292, 46
292, 47
292, 48
292, 49
292, 78
292, 79
292, 80
292, 81
292, 82
292, 83
292, 84
292, 85
292, 86
292, 87
292, 88
292, 89
292, 90
292, 91
292, 92
292, 93
292, 94
293, 20
293, 21
293, 22
293, 23
293, 24
293, 25
293, 26
293, 27
293, 28
293, 29
293, 30
293, 31
293, 32
293, 33
293, 34
293, 35
293, 36
293, 37
293, 38
293, 39
293, 40
293, 41
293, 42
293, 43
293, 44
293, 45
293, 46
293, 47
293, 48
293, 49
293, 50
293, 78
293, 79
293, 80
293, 81
293, 82
293, 83
293, 84
293, 85
293, 86
293, 87
293, 88
293, 89
293, 90
293, 91
293, 92
293, 93
293, 94
294, 20
294, 21
294, 22
294, 23
294, 24
294, 25
294, 26
294, 27
294, 28
294, 29
294, 30
294, 31
294, 32
294, 33
294, 34
294, 35
294, 36
294, 37
294, 38
294, 39
294, 40
294, 41
294, 42
294, 43
294, 44
294, 45
294, 46
294, 47
294, 48
294, 49
294, 50
294, 78
294, 79
294, 80
294, 81
294, 82
294, 83
294, 84
294, 85
294, 86
294, 87
294, 88
294, 89
294, 90
294, 91
294, 92
294, 93
294, 94
295, 19
295, 20
295, 21
295, 22
295, 23
295, 24
295, 25
295, 26
295, 27
295, 28
295, 29
295, 30
295, 31
295, 32
295, 33
295, 34
295, 35
295, 36
295, 37
295, 38
295, 39
295, 40
295, 41
295, 42
295, 43
295, 44
295, 45
295, 46
295, 47
295, 48
295, 49
295, 50
295, 78
295, 79
295, 80
295, 81
295, 82
295, 83
295, 84
295, 85
295, 86
295, 87
295, 88
295, 89
295, 90
295, 91
295, 92
295, 93
295, 94
296, 19
296, 20
296, 21
296, 22
296, 23
296, 24
296, 25
296, 26
296, 27
296, 28
296, 29
296, 30
296, 31
296, 32
296, 33
296, 34
296, 35
296, 36
296, 37
296, 38
296, 39
296, 40
296, 41
296, 42
296, 43
296, 44
296, 45
296, 46
296, 47
296, 48
296, 49
296, 50
296, 78
296, 79
296, 80
296, 81
296, 82
296, 83
296, 84
296, 85
296, 86
296, 87
296, 88
296, 89
296, 90
296, 91
296, 92
296, 93
296, 94
297, 19
297, 20
297, 21
297, 22
297, 23
297, 24
297, 25
297, 26
297, 27
297, 28
297, 29
297, 30
297, 31
297, 32
297, 33
297, 34
297, 35
297, 36
297, 37
297, 38
297, 39
297, 40
297, 41
297, 42
297, 43
297, 44
297, 45
297, 46
297, 47
297, 48
297, 49
297, 50
297, 78
297, 79
297, 80
297, 81
297, 82
297, 83
297, 84
297, 85
297, 86
297, 87
297, 88
297, 89
297, 90
297, 91
297, 92
297, 93
297, 94
298, 19
298, 20
298, 21
298, 22
298, 23
298, 24
298, 25
298, 26
298, 27
298, 28
298, 29
298, 30
298, 31
298, 32
298, 33
298, 34
298, 35
298, 36
298, 37
298, 38
298, 39
298, 40
298, 41
298, 42
298, 43
298, 44
298, 45
298, 46
298, 47
298, 48
298, 49
298, 50
298, 78
298, 79
298, 80
298, 81
298, 82
298, 83
298, 84
298, 85
298, 86
298, 87
298, 88
298, 89
298, 90
298, 91
298, 92
298, 93
298, 94
299, 19
299, 20
299, 21
299, 22
299, 23
299, 24
299, 25
299, 26
299, 27
299, 28
299, 29
299, 30
299, 31
299, 32
299, 33
299, 34
299, 35
299, 36
299, 37
299, 38
299, 39
299, 40
299, 41
299, 42
299, 43
299, 44
299, 45
299, 46
299, 47
299, 48
299, 49
299, 50
299, 78
299, 79
299, 80
299, 81
299, 82
299, 83
299, 84
299, 85
299, 86
299, 87
299, 88
299, 89
299, 90
299, 91
299, 92
299, 93
299, 94
300, 19
300, 20
300, 21
300, 22
300, 23
300, 24
300, 25
300, 26
300, 27
300, 28
300, 29
300, 30
300, 31
300, 32
300, 33
300, 34
300, 35
300, 36
300, 37
300, 38
300, 39
300, 40
300, 41
300, 42
300, 43
300, 44
300, 45
300, 46
300, 47
300, 48
300, 49
300, 50
300, 79
300, 80
300, 81
300, 82
300, 83
300, 84
300, 85
300, 86
300, 87
300, 88
300, 89
300, 90
300, 91
300, 92
300, 93
300, 94
301, 19
301, 20
301, 21
301, 22
301, 23
301, 24
301, 25
301, 26
301, 27
301, 28
301, 29
301, 30
301, 31
301, 32
301, 33
301, 34
301, 35
301, 36
301, 37
301, 38
301, 39
301, 40
301, 41
301, 42
301, 43
301, 44
301, 45
301, 46
301, 47
301, 48
301, 49
301, 50
301, 80
301, 81
301, 82
301, 83
301, 84
301, 85
301, 86
301, 87
301, 88
301, 89
301, 90
301, 91
301, 92
301, 93
301, 94
302, 19
302, 20
302, 21
302, 22
302, 23
302, 24
302, 25
302, 26
302, 27
302, 28
302, 29
302, 30
302, 31
302, 32
302, 33
302, 34
302, 35
302, 36
302, 37
302, 38
302, 39
302, 40
302, 41
302, 42
302, 43
302, 44
302, 45
302, 46
302, 47
302, 48
302, 49
302, 50
302, 80
302, 81
302, 82
302, 83
302, 84
302, 85
302, 86
302, 87
302, 88
302, 89
302, 90
302, 91
302, 92
302, 93
303, 19
303, 20
303, 21
303, 22
303, 23
303, 24
303, 25
303, 26
303, 27
303, 28
303, 29
303, 30
303, 31
303, 32
303, 33
303, 34
303, 35
303, 36
303, 37
303, 38
303, 39
303, 40
303, 41
303, 42
303, 43
303, 44
303, 45
303, 46
303, 47
303, 48
303, 49
303, 50
303, 81
303, 82
303, 83
303, 84
303, 85
303, 86
303, 87
303, 88
303, 89
303, 90
303, 91
303, 92
303, 93
304, 19
304, 20
304, 21
304, 22
304, 23
304, 24
304, 25
304, 26
304, 27
304, 28
304, 29
304, 30
304, 31
304, 32
304, 33
304, 34
304, 35
304, 36
304, 37
304, 38
304, 39
304, 40
304, 41
304, 42
304, 43
304, 44
304, 45
304, 46
304, 47
304, 48
304, 49
304, 50
304, 81
304, 82
304, 83
304, 84
304, 85
304, 86
304, 87
304, 88
304, 89
304, 90
304, 91
304, 92
304, 93
305, 19
305, 20
305, 21
305, 22
305, 23
305, 24
305, 25
305, 26
305, 27
305, 28
305, 29
305, 30
305, 31
305, 32
305, 33
305, 34
305, 35
305, 36
305, 37
305, 38
305, 39
305, 40
305, 41
305, 42
305, 43
305, 44
305, 45
305, 46
305, 47
305, 48
305, 49
305, 50
305, 82
305, 83
305, 84
305, 85
305, 86
305, 87
305, 88
305, 89
305, 90
305, 91
305, 92
305, 93
306, 19
306, 20
306, 21
306, 22
306, 23
306, 24
306, 25
306, 26
306, 27
306, 28
306, 29
306, 30
306, 31
306, 32
306, 33
306, 34
306, 35
306, 36
306, 37
306, 38
306, 39
306, 40
306, 41
306, 42
306, 43
306, 44
306, 45
306, 46
306, 47
306, 48
306, 49
306, 50
306, 86
306, 87
306, 88
306, 89
306, 90
306, 91
306, 92
306, 93
307, 19
307, 20
307, 21
307, 22
307, 23
307, 24
307, 25
307, 26
307, 27
307, 28
307, 29
307, 30
307, 31
307, 32
307, 33
307, 34
307, 35
307, 36
307, 37
307, 38
307, 39
307, 40
307, 41
307, 42
307, 43
307, 44
307, 45
307, 46
307, 47
307, 48
307, 49
307, 50
308, 19
308, 20
308, 21
308, 22
308, 23
308, 24
308, 25
308, 26
308, 27
308, 28
308, 29
308, 30
308, 31
308, 32
308, 33
308, 34
308, 35
308, 36
308, 37
308, 38
308, 39
308, 40
308, 41
308, 42
308, 43
308, 44
308, 45
308, 46
308, 47
308, 48
308, 49
308, 50
309, 19
309, 20
309, 21
309, 22
309, 23
309, 24
309, 25
309, 26
309, 27
309, 28
309, 29
309, 30
309, 31
309, 32
309, 33
309, 34
309, 35
309, 36
309, 37
309, 38
309, 39
309, 40
309, 41
309, 42
309, 43
309, 44
309, 45
309, 46
309, 47
309, 48
309, 49
309, 50
309, 51
310, 19
310, 20
310, 21
310, 22
310, 23
310, 24
310, 25
310, 26
310, 27
310, 28
310, 29
310, 30
310, 31
310, 32
310, 33
310, 34
310, 35
310, 36
310, 37
310, 38
310, 39
310, 40
310, 41
310, 42
310, 43
310, 44
310, 45
310, 46
310, 47
310, 48
310, 49
310, 50
310, 51
311, 19
311, 20
311, 21
311, 22
311, 23
311, 24
311, 25
311, 26
311, 27
311, 28
311, 29
311, 30
311, 31
311, 32
311, 33
311, 34
311, 35
311, 36
311, 37
311, 38
311, 39
311, 40
311, 41
311, 42
311, 43
311, 44
311, 45
311, 46
311, 47
311, 48
311, 49
311, 50
311, 51
312, 19
312, 20
312, 21
312, 22
312, 23
312, 24
312, 25
312, 26
312, 27
312, 28
312, 29
312, 30
312, 31
312, 32
312, 33
312, 34
312, 35
312, 36
312, 37
312, 38
312, 39
312, 40
312, 41
312, 42
312, 43
312, 44
312, 45
312, 46
312, 47
312, 48
312, 49
312, 50
312, 51
313, 19
313, 20
313, 21
313, 22
313, 23
313, 24
313, 25
313, 26
313, 27
313, 28
313, 29
313, 30
313, 31
313, 32
313, 33
313, 34
313, 35
313, 36
313, 37
313, 38
313, 39
313, 40
313, 41
313, 42
313, 43
313, 44
313, 45
313, 46
313, 47
313, 48
313, 49
313, 50
313, 51
314, 19
314, 20
314, 21
314, 22
314, 23
314, 24
314, 25
314, 26
314, 27
314, 28
314, 29
314, 30
314, 31
314, 32
314, 33
314, 34
314, 35
314, 36
314, 37
314, 38
314, 39
314, 40
314, 41
314, 42
314, 43
314, 44
314, 45
314, 46
314, 47
314, 48
314, 49
314, 50
314, 51
315, 19
315, 20
315, 21
315, 22
315, 23
315, 24
315, 25
315, 26
315, 27
315, 28
315, 29
315, 30
315, 31
315, 32
315, 33
315, 34
315, 35
315, 36
315, 37
315, 38
315, 39
315, 40
315, 41
315, 42
315, 43
315, 44
315, 45
315, 46
315, 47
315, 48
315, 49
315, 50
315, 51
316, 19
316, 20
316, 21
316, 22
316, 23
316, 24
316, 25
316, 26
316, 27
316, 28
316, 29
316, 30
316, 31
316, 32
316, 33
316, 34
316, 35
316, 36
316, 37
316, 38
316, 39
316, 40
316, 41
316, 42
316, 43
316, 44
316, 45
316, 46
316, 47
316, 48
316, 49
316, 50
316, 51
317, 19
317, 20
317, 21
317, 22
317, 23
317, 24
317, 25
317, 26
317, 27
317, 28
317, 29
317, 30
317, 31
317, 32
317, 33
317, 34
317, 35
317, 36
317, 37
317, 38
317, 39
317, 40
317, 41
317, 42
317, 43
317, 44
317, 45
317, 46
317, 47
317, 48
317, 49
317, 50
317, 51
318, 19
318, 20
318, 21
318, 22
318, 23
318, 24
318, 25
318, 26
318, 27
318, 28
318, 29
318, 30
318, 31
318, 32
318, 33
318, 34
318, 35
318, 36
318, 37
318, 38
318, 39
318, 40
318, 41
318, 42
318, 43
318, 44
318, 45
318, 46
318, 47
318, 48
318, 49
318, 50
318, 51
319, 20
319, 21
319, 22
319, 23
319, 24
319, 25
319, 26
319, 27
319, 28
319, 29
319, 30
319, 31
319, 32
319, 33
319, 34
319, 35
319, 36
319, 37
319, 38
319, 39
319, 40
319, 41
319, 42
319, 43
319, 44
319, 45
319, 46
319, 47
319, 48
319, 49
319, 50
320, 20
320, 21
320, 22
320, 23
320, 24
320, 25
320, 26
320, 27
320, 28
320, 29
320, 30
320, 31
320, 32
320, 33
320, 34
320, 35
320, 36
320, 37
320, 38
320, 39
320, 40
320, 41
320, 42
320, 43
320, 44
320, 45
320, 46
320, 47
320, 48
320, 49
321, 23
321, 24
321, 25
321, 26
321, 27
321, 28
321, 29
321, 30
321, 31
321, 32
321, 33
321, 34
321, 35
321, 36
321, 37
321, 38
321, 39
321, 40
321, 41
321, 42
321, 43
321, 44
