272, 35
272, 36
272, 37
272, 38
272, 39
272, 40
272, 41
272, 42
272, 43
272, 44
273, 33
273, 34
273, 35
273, 36
273, 37
273, 38
273, 39
273, 40
273, 41
273, 42
273, 43
273, 44
273, 45
273, 46
273, 47
273, 48
273, 49
273, 50
273, 51
273, 52
273, 53
273, 57
274, 32
274, 33
274, 34
274, 35
274, 36
274, 37
274, 38
274, 39
274, 40
274, 41
274, 42
274, 43
274, 44
274, 45
274, 46
274, 47
274, 48
274, 49
274, 50
274, 51
274, 52
274, 53
274, 54
274, 55
274, 56
274, 57
274, 58
274, 59
274, 67
274, 68
274, 69
275, 31
275, 32
275, 33
275, 34
275, 35
275, 36
275, 37
275, 38
275, 39
275, 40
275, 41
275, 42
275, 43
275, 44
275, 45
275, 46
275, 47
275, 48
275, 49
275, 50
275, 51
275, 52
275, 53
275, 54
275, 55
275, 56
275, 57
275, 58
275, 59
275, 60
275, 65
275, 66
275, 67
275, 68
275, 69
275, 70
275, 71
276, 30
276, 31
276, 32
276, 33
276, 34
276, 35
276, 36
276, 37
276, 38
276, 39
276, 40
276, 41
276, 42
276, 43
276, 44
276, 45
276, 46
276, 47
276, 48
276, 49
276, 50
276, 51
276, 52
276, 53
276, 54
276, 55
276, 56
276, 57
276, 58
276, 59
276, 60
276, 61
276, 62
276, 63
276, 64
276, 65
276, 66
276, 67
276, 68
276, 69
276, 70
276, 71
276, 72
276, 73
277, 30
277, 31
277, 32
277, 33
277, 34
277, 35
277, 36
277, 37
277, 38
277, 39
277, 40
277, 41
277, 42
277, 43
277, 44
277, 45
277, 46
277, 47
277, 48
277, 49
277, 50
277, 51
277, 52
277, 53
277, 54
277, 55
277, 56
277, 57
277, 58
277, 59
277, 60
277, 61
277, 62
277, 63
277, 64
277, 65
277, 66
277, 67
277, 68
277, 69
277, 70
277, 71
277, 72
277, 73
277, 74
278, 29
278, 30
278, 31
278, 32
278, 33
278, 34
278, 35
278, 36
278, 37
278, 38
278, 39
278, 40
278, 41
278, 42
278, 43
278, 44
278, 45
278, 46
278, 47
278, 48
278, 49
278, 50
278, 51
278, 52
278, 53
278, 54
278, 55
278, 56
278, 57
278, 58
278, 59
278, 60
278, 61
278, 62
278, 63
278, 64
278, 65
278, 66
278, 67
278, 68
278, 69
278, 70
278, 71
278, 72
278, 73
278, 74
278, 75
279, 29
279, 30
279, 31
279, 32
279, 33
279, 34
279, 35
279, 36
279, 37
279, 38
279, 39
279, 40
279, 41
279, 42
279, 43
279, 44
279, 45
279, 46
279, 47
279, 48
279, 49
279, 50
279, 51
279, 52
279, 53
279, 54
279, 55
279, 56
279, 57
279, 58
279, 59
279, 60
279, 61
279, 62
279, 63
279, 64
279, 65
279, 66
279, 67
279, 68
279, 69
279, 70
279, 71
279, 72
279, 73
279, 74
279, 75
279, 76
280, 28
280, 29
280, 30
280, 31
280, 32
280, 33
280, 34
280, 35
280, 36
280, 37
280, 38
280, 39
280, 40
280, 41
280, 42
280, 43
280, 44
280, 45
280, 46
280, 47
280, 48
280, 49
280, 50
280, 51
280, 52
280, 53
280, 54
280, 55
280, 56
280, 57
280, 58
280, 59
280, 60
280, 61
280, 62
280, 63
280, 64
280, 65
280, 66
280, 67
280, 68
280, 69
280, 70
280, 71
280, 72
280, 73
280, 74
281, 28
281, 29
281, 30
281, 31
281, 32
281, 33
281, 34
281, 35
281, 36
281, 37
281, 38
281, 39
281, 40
281, 41
281, 42
281, 43
281, 44
281, 45
281, 46
281, 47
281, 48
281, 49
281, 50
281, 51
281, 52
281, 53
281, 54
281, 55
281, 56
281, 57
281, 58
281, 59
281, 60
281, 61
281, 62
281, 63
281, 64
281, 65
281, 66
281, 67
281, 68
281, 69
281, 70
281, 71
281, 72
281, 73
282, 28
282, 29
282, 30
282, 31
282, 32
282, 33
282, 34
282, 35
282, 36
282, 37
282, 38
282, 39
282, 40
282, 41
282, 42
282, 43
282, 44
282, 45
282, 46
282, 47
282, 48
282, 51
282, 52
282, 53
282, 54
282, 55
282, 56
282, 61
282, 65
282, 66
282, 67
282, 68
282, 69
282, 70
282, 71
282, 72
283, 28
283, 29
283, 30
283, 31
283, 32
283, 33
283, 34
283, 35
283, 36
283, 37
283, 38
283, 39
283, 40
283, 41
283, 42
283, 43
283, 66
283, 67
283, 68
283, 69
283, 70
283, 71
284, 27
284, 28
284, 29
284, 30
284, 31
284, 32
284, 33
284, 34
284, 35
284, 36
284, 37
284, 38
284, 67
284, 68
284, 69
284, 70
285, 27
285, 28
285, 29
285, 30
285, 31
285, 32
285, 33
285, 34
285, 35
285, 36
285, 37
285, 38
285, 67
285, 68
285, 69
285, 70
285, 71
286, 27
286, 28
286, 29
286, 30
286, 31
286, 32
286, 33
286, 34
286, 35
286, 36
286, 37
286, 38
286, 66
286, 67
286, 68
286, 69
286, 70
286, 71
286, 72
287, 27
287, 28
287, 29
287, 30
287, 31
287, 32
287, 33
287, 34
287, 35
287, 36
287, 37
287, 38
287, 61
287, 62
287, 63
287, 64
287, 65
287, 66
287, 67
287, 68
287, 69
287, 70
287, 71
287, 72
287, 73
288, 27
288, 28
288, 29
288, 30
288, 31
288, 32
288, 33
288, 34
288, 35
288, 36
288, 37
288, 38
288, 60
288, 61
288, 62
288, 63
288, 64
288, 65
288, 66
288, 67
288, 68
288, 69
288, 70
288, 71
288, 72
288, 73
288, 74
288, 75
289, 27
289, 28
289, 29
289, 30
289, 31
289, 32
289, 33
289, 34
289, 35
289, 36
289, 37
289, 38
289, 59
289, 60
289, 61
289, 62
289, 63
289, 64
289, 65
289, 66
289, 67
289, 68
289, 69
289, 70
289, 71
289, 72
289, 73
289, 74
289, 75
289, 76
290, 27
290, 28
290, 29
290, 30
290, 31
290, 32
290, 33
290, 34
290, 35
290, 36
290, 37
290, 38
290, 54
290, 55
290, 56
290, 57
290, 58
290, 59
290, 60
290, 61
290, 62
290, 63
290, 64
290, 65
290, 66
290, 67
290, 68
290, 69
290, 70
290, 71
290, 72
290, 73
290, 74
290, 75
290, 76
290, 77
290, 90
290, 91
290, 97
290, 98
290, 99
290, 100
290, 101
290, 102
290, 103
290, 104
290, 105
290, 106
290, 107
290, 108
291, 27
291, 28
291, 29
291, 30
291, 31
291, 32
291, 33
291, 34
291, 35
291, 36
291, 37
291, 53
291, 54
291, 55
291, 56
291, 57
291, 58
291, 59
291, 60
291, 61
291, 62
291, 63
291, 64
291, 65
291, 66
291, 67
291, 68
291, 69
291, 70
291, 71
291, 72
291, 73
291, 74
291, 75
291, 76
291, 77
291, 78
291, 79
291, 80
291, 81
291, 82
291, 83
291, 89
291, 90
291, 91
291, 92
291, 93
291, 94
291, 95
291, 96
291, 97
291, 98
291, 99
291, 100
291, 101
291, 102
291, 103
291, 104
291, 105
291, 106
291, 107
291, 108
291, 109
291, 110
291, 111
291, 112
291, 113
291, 114
292, 26
292, 27
292, 28
292, 29
292, 30
292, 31
292, 32
292, 33
292, 34
292, 35
292, 36
292, 37
292, 53
292, 54
292, 55
292, 56
292, 57
292, 58
292, 59
292, 60
292, 61
292, 62
292, 63
292, 64
292, 65
292, 66
292, 67
292, 68
292, 69
292, 70
292, 71
292, 72
292, 73
292, 74
292, 75
292, 76
292, 77
292, 78
292, 79
292, 80
292, 81
292, 82
292, 83
292, 84
292, 88
292, 89
292, 90
292, 91
292, 92
292, 93
292, 94
292, 95
292, 96
292, 97
292, 98
292, 99
292, 100
292, 101
292, 102
292, 103
292, 104
292, 105
292, 106
292, 107
292, 108
292, 109
292, 110
292, 111
292, 112
292, 113
292, 114
292, 115
292, 116
293, 26
293, 27
293, 28
293, 29
293, 30
293, 31
293, 32
293, 33
293, 34
293, 35
293, 36
293, 37
293, 53
293, 54
293, 55
293, 56
293, 57
293, 58
293, 59
293, 60
293, 61
293, 62
293, 63
293, 64
293, 65
293, 66
293, 67
293, 68
293, 69
293, 70
293, 71
293, 72
293, 73
293, 74
293, 75
293, 76
293, 77
293, 78
293, 79
293, 80
293, 81
293, 82
293, 83
293, 84
293, 85
293, 86
293, 87
293, 88
293, 89
293, 90
293, 91
293, 92
293, 93
293, 94
293, 95
293, 96
293, 97
293, 98
293, 99
293, 100
293, 101
293, 102
293, 103
293, 104
293, 105
293, 106
293, 107
293, 108
293, 109
293, 110
293, 111
293, 112
293, 113
293, 114
293, 115
293, 116
294, 26
294, 27
294, 28
294, 29
294, 30
294, 31
294, 32
294, 33
294, 34
294, 35
294, 36
294, 37
294, 52
294, 53
294, 54
294, 55
294, 56
294, 57
294, 58
294, 59
294, 60
294, 61
294, 62
294, 63
294, 64
294, 65
294, 66
294, 67
294, 68
294, 69
294, 70
294, 71
294, 72
294, 73
294, 74
294, 75
294, 76
294, 77
294, 78
294, 79
294, 80
294, 81
294, 82
294, 83
294, 84
294, 85
294, 86
294, 87
294, 88
294, 89
294, 90
294, 91
294, 92
294, 93
294, 94
294, 95
294, 96
294, 97
294, 98
294, 99
294, 100
294, 101
294, 102
294, 103
294, 104
294, 105
294, 106
294, 107
294, 108
294, 109
294, 110
294, 111
294, 112
294, 113
294, 114
294, 115
294, 116
294, 117
295, 26
295, 27
295, 28
295, 29
295, 30
295, 31
295, 32
295, 33
295, 34
295, 35
295, 36
295, 52
295, 53
295, 54
295, 55
295, 56
295, 57
295, 58
295, 59
295, 60
295, 61
295, 62
295, 63
295, 64
295, 65
295, 66
295, 67
295, 68
295, 69
295, 70
295, 71
295, 72
295, 73
295, 74
295, 75
295, 76
295, 77
295, 78
295, 79
295, 80
295, 81
295, 82
295, 83
295, 84
295, 85
295, 86
295, 87
295, 88
295, 89
295, 90
295, 91
295, 92
295, 93
295, 94
295, 95
295, 96
295, 97
295, 98
295, 99
295, 100
295, 101
295, 102
295, 103
295, 104
295, 105
295, 106
295, 107
295, 108
295, 109
295, 110
295, 111
295, 112
295, 113
295, 114
295, 115
295, 116
295, 117
296, 26
296, 27
296, 28
296, 29
296, 30
296, 31
296, 32
296, 33
296, 34
296, 35
296, 36
296, 52
296, 53
296, 54
296, 55
296, 56
296, 57
296, 58
296, 59
296, 60
296, 61
296, 62
296, 63
296, 64
296, 65
296, 66
296, 67
296, 68
296, 69
296, 70
296, 71
296, 72
296, 73
296, 74
296, 75
296, 76
296, 77
296, 78
296, 79
296, 80
296, 81
296, 82
296, 83
296, 84
296, 85
296, 86
296, 87
296, 88
296, 89
296, 90
296, 91
296, 92
296, 93
296, 94
296, 95
296, 96
296, 97
296, 98
296, 99
296, 100
296, 101
296, 102
296, 103
296, 104
296, 105
296, 106
296, 107
296, 108
296, 109
296, 110
296, 111
296, 112
296, 113
296, 114
296, 115
296, 116
296, 117
297, 26
297, 27
297, 28
297, 29
297, 30
297, 31
297, 32
297, 33
297, 34
297, 35
297, 36
297, 51
297, 52
297, 53
297, 54
297, 55
297, 56
297, 57
297, 58
297, 59
297, 60
297, 61
297, 62
297, 63
297, 64
297, 65
297, 66
297, 67
297, 68
297, 69
297, 70
297, 71
297, 72
297, 73
297, 74
297, 75
297, 76
297, 77
297, 78
297, 79
297, 80
297, 81
297, 82
297, 83
297, 84
297, 85
297, 86
297, 87
297, 88
297, 89
297, 90
297, 91
297, 92
297, 93
297, 94
297, 95
297, 96
297, 97
297, 98
297, 99
297, 100
297, 101
297, 102
297, 103
297, 104
297, 105
297, 106
297, 107
297, 108
297, 109
297, 110
297, 111
297, 112
297, 113
297, 114
297, 115
297, 116
297, 117
298, 26
298, 27
298, 28
298, 29
298, 30
298, 31
298, 32
298, 33
298, 34
298, 35
298, 36
298, 37
298, 51
298, 52
298, 53
298, 54
298, 55
298, 56
298, 57
298, 58
298, 59
298, 60
298, 61
298, 62
298, 63
298, 64
298, 65
298, 66
298, 67
298, 68
298, 69
298, 70
298, 71
298, 72
298, 73
298, 74
298, 75
298, 76
298, 77
298, 78
298, 79
298, 80
298, 81
298, 82
298, 83
298, 84
298, 85
298, 86
298, 87
298, 88
298, 89
298, 90
298, 91
298, 92
298, 93
298, 94
298, 95
298, 96
298, 97
298, 98
298, 99
298, 100
298, 101
298, 102
298, 103
298, 104
298, 105
298, 106
298, 107
298, 108
298, 109
298, 110
298, 111
298, 112
298, 113
298, 114
298, 115
298, 116
298, 117
299, 26
299, 27
299, 28
299, 29
299, 30
299, 31
299, 32
299, 33
299, 34
299, 35
299, 36
299, 37
299, 46
299, 51
299, 52
299, 53
299, 54
299, 55
299, 56
299, 57
299, 58
299, 59
299, 60
299, 61
299, 62
299, 63
299, 64
299, 65
299, 66
299, 67
299, 68
299, 69
299, 70
299, 71
299, 72
299, 73
299, 74
299, 75
299, 76
299, 77
299, 78
299, 79
299, 80
299, 81
299, 82
299, 83
299, 84
299, 85
299, 86
299, 87
299, 88
299, 89
299, 90
299, 91
299, 92
299, 93
299, 94
299, 95
299, 96
299, 97
299, 98
299, 99
299, 100
299, 101
299, 102
299, 103
299, 104
299, 105
299, 106
299, 107
299, 108
299, 109
299, 110
299, 111
299, 112
299, 113
299, 114
299, 115
299, 116
299, 117
300, 26
300, 27
300, 28
300, 29
300, 30
300, 31
300, 32
300, 33
300, 34
300, 35
300, 36
300, 37
300, 46
300, 47
300, 48
300, 49
300, 50
300, 51
300, 52
300, 53
300, 54
300, 55
300, 56
300, 57
300, 58
300, 59
300, 60
300, 61
300, 62
300, 63
300, 64
300, 65
300, 66
300, 67
300, 68
300, 69
300, 70
300, 71
300, 72
300, 73
300, 74
300, 75
300, 76
300, 77
300, 78
300, 79
300, 80
300, 81
300, 82
300, 83
300, 84
300, 85
300, 86
300, 87
300, 88
300, 89
300, 90
300, 91
300, 92
300, 93
300, 94
300, 95
300, 96
300, 97
300, 98
300, 99
300, 100
300, 101
300, 102
300, 103
300, 104
300, 105
300, 106
300, 107
300, 108
300, 109
300, 110
300, 111
300, 112
300, 113
300, 114
300, 115
300, 116
300, 117
301, 26
301, 27
301, 28
301, 29
301, 30
301, 31
301, 32
301, 33
301, 34
301, 35
301, 36
301, 37
301, 46
301, 47
301, 48
301, 50
301, 51
301, 52
301, 53
301, 54
301, 55
301, 56
301, 57
301, 58
301, 59
301, 60
301, 61
301, 62
301, 63
301, 64
301, 65
301, 66
301, 67
301, 68
301, 69
301, 70
301, 71
301, 72
301, 73
301, 74
301, 75
301, 76
301, 77
301, 78
301, 79
301, 80
301, 81
301, 82
301, 83
301, 84
301, 85
301, 86
301, 87
301, 88
301, 89
301, 90
301, 91
301, 92
301, 93
301, 94
301, 95
301, 96
301, 97
301, 98
301, 99
301, 100
301, 101
301, 102
301, 103
301, 104
301, 105
301, 106
301, 107
301, 108
301, 109
301, 110
301, 111
301, 112
301, 113
301, 114
301, 115
301, 116
301, 117
301, 118
302, 26
302, 27
302, 28
302, 29
302, 30
302, 31
302, 32
302, 33
302, 34
302, 35
302, 36
302, 37
302, 51
302, 52
302, 53
302, 54
302, 55
302, 56
302, 57
302, 58
302, 59
302, 60
302, 61
302, 62
302, 63
302, 64
302, 65
302, 66
302, 67
302, 68
302, 69
302, 70
302, 71
302, 72
302, 73
302, 74
302, 75
302, 76
302, 77
302, 78
302, 79
302, 80
302, 81
302, 82
302, 83
302, 84
302, 85
302, 86
302, 87
302, 88
302, 89
302, 90
302, 91
302, 92
302, 93
302, 94
302, 95
302, 96
302, 97
302, 98
302, 99
302, 100
302, 101
302, 102
302, 103
302, 104
302, 105
302, 106
302, 107
302, 108
302, 109
302, 110
302, 111
302, 112
302, 113
302, 114
302, 115
302, 116
302, 117
302, 118
303, 26
303, 27
303, 28
303, 29
303, 30
303, 31
303, 32
303, 33
303, 34
303, 35
303, 36
303, 37
303, 51
303, 52
303, 53
303, 54
303, 55
303, 56
303, 57
303, 58
303, 59
303, 60
303, 61
303, 62
303, 63
303, 64
303, 65
303, 66
303, 67
303, 68
303, 69
303, 70
303, 71
303, 72
303, 73
303, 74
303, 75
303, 76
303, 77
303, 78
303, 79
303, 80
303, 81
303, 82
303, 83
303, 84
303, 85
303, 86
303, 87
303, 88
303, 89
303, 90
303, 91
303, 92
303, 93
303, 94
303, 95
303, 96
303, 97
303, 98
303, 99
303, 100
303, 101
303, 102
303, 103
303, 104
303, 105
303, 106
303, 107
303, 108
303, 109
303, 110
303, 111
303, 112
303, 113
303, 114
303, 115
303, 116
303, 117
303, 118
304, 26
304, 27
304, 28
304, 29
304, 30
304, 31
304, 32
304, 33
304, 34
304, 35
304, 36
304, 37
304, 52
304, 53
304, 54
304, 55
304, 56
304, 57
304, 58
304, 59
304, 60
304, 61
304, 62
304, 63
304, 64
304, 65
304, 66
304, 67
304, 68
304, 69
304, 70
304, 71
304, 72
304, 73
304, 74
304, 75
304, 76
304, 77
304, 78
304, 79
304, 80
304, 81
304, 82
304, 83
304, 84
304, 85
304, 86
304, 87
304, 88
304, 89
304, 90
304, 91
304, 92
304, 93
304, 94
304, 95
304, 96
304, 97
304, 98
304, 99
304, 100
304, 101
304, 102
304, 103
304, 104
304, 105
304, 106
304, 107
304, 108
304, 109
304, 110
304, 111
304, 112
304, 113
304, 114
304, 115
304, 116
304, 117
304, 118
305, 26
305, 27
305, 28
305, 29
305, 30
305, 31
305, 32
305, 33
305, 34
305, 35
305, 36
305, 37
305, 52
305, 53
305, 54
305, 55
305, 56
305, 57
305, 58
305, 59
305, 60
305, 61
305, 62
305, 63
305, 64
305, 65
305, 66
305, 67
305, 68
305, 69
305, 70
305, 71
305, 72
305, 73
305, 74
305, 75
305, 76
305, 77
305, 78
305, 79
305, 80
305, 81
305, 82
305, 83
305, 84
305, 85
305, 86
305, 87
305, 88
305, 89
305, 90
305, 91
305, 92
305, 93
305, 94
305, 95
305, 96
305, 97
305, 98
305, 99
305, 100
305, 101
305, 102
305, 103
305, 104
305, 105
305, 106
305, 107
305, 108
305, 109
305, 110
305, 111
305, 112
305, 113
305, 114
305, 115
305, 116
305, 117
305, 118
306, 26
306, 27
306, 28
306, 29
306, 30
306, 31
306, 32
306, 33
306, 34
306, 35
306, 36
306, 37
306, 52
306, 53
306, 54
306, 55
306, 56
306, 57
306, 58
306, 59
306, 60
306, 61
306, 62
306, 63
306, 64
306, 65
306, 66
306, 67
306, 68
306, 69
306, 70
306, 71
306, 72
306, 73
306, 74
306, 75
306, 76
306, 77
306, 78
306, 79
306, 80
306, 81
306, 82
306, 83
306, 84
306, 85
306, 86
306, 87
306, 88
306, 89
306, 90
306, 91
306, 92
306, 93
306, 94
306, 95
306, 96
306, 97
306, 98
306, 99
306, 100
306, 101
306, 102
306, 103
306, 104
306, 105
306, 106
306, 107
306, 108
306, 109
306, 110
306, 111
306, 112
306, 113
306, 114
306, 115
306, 116
306, 117
306, 118
307, 25
307, 26
307, 27
307, 28
307, 29
307, 30
307, 31
307, 32
307, 33
307, 34
307, 35
307, 36
307, 37
307, 52
307, 53
307, 54
307, 55
307, 56
307, 57
307, 58
307, 59
307, 60
307, 61
307, 62
307, 63
307, 64
307, 65
307, 66
307, 67
307, 68
307, 69
307, 70
307, 71
307, 72
307, 73
307, 74
307, 75
307, 76
307, 77
307, 78
307, 79
307, 80
307, 81
307, 82
307, 83
307, 84
307, 85
307, 86
307, 87
307, 88
307, 89
307, 90
307, 91
307, 92
307, 93
307, 94
307, 95
307, 96
307, 97
307, 98
307, 99
307, 100
307, 101
307, 102
307, 103
307, 104
307, 105
307, 106
307, 107
307, 108
307, 109
307, 110
307, 111
307, 112
307, 113
307, 114
307, 115
307, 116
307, 117
307, 118
308, 25
308, 26
308, 27
308, 28
308, 29
308, 30
308, 31
308, 32
308, 33
308, 34
308, 35
308, 36
308, 37
308, 38
308, 51
308, 52
308, 53
308, 54
308, 55
308, 56
308, 57
308, 58
308, 59
308, 60
308, 61
308, 62
308, 63
308, 64
308, 65
308, 66
308, 67
308, 68
308, 69
308, 70
308, 71
308, 72
308, 73
308, 74
308, 75
308, 76
308, 77
308, 78
308, 79
308, 80
308, 81
308, 82
308, 83
308, 84
308, 85
308, 86
308, 87
308, 88
308, 89
308, 90
308, 91
308, 92
308, 93
308, 94
308, 95
308, 96
308, 97
308, 98
308, 99
308, 100
308, 101
308, 102
308, 103
308, 104
308, 105
308, 106
308, 107
308, 108
308, 109
308, 110
308, 111
308, 112
308, 113
308, 114
308, 115
308, 116
308, 117
308, 118
309, 25
309, 26
309, 27
309, 28
309, 29
309, 30
309, 31
309, 32
309, 33
309, 34
309, 35
309, 36
309, 37
309, 38
309, 51
309, 52
309, 53
309, 54
309, 55
309, 56
309, 57
309, 58
309, 59
309, 60
309, 61
309, 62
309, 63
309, 64
309, 65
309, 66
309, 67
309, 68
309, 69
309, 70
309, 71
309, 72
309, 73
309, 74
309, 75
309, 76
309, 77
309, 78
309, 79
309, 80
309, 81
309, 82
309, 83
309, 84
309, 85
309, 86
309, 87
309, 88
309, 89
309, 90
309, 91
309, 92
309, 93
309, 94
309, 95
309, 96
309, 97
309, 98
309, 99
309, 100
309, 101
309, 102
309, 103
309, 104
309, 105
309, 106
309, 107
309, 108
309, 109
309, 110
309, 111
309, 112
309, 113
309, 114
309, 115
309, 116
309, 117
309, 118
310, 24
310, 25
310, 26
310, 27
310, 28
310, 29
310, 30
310, 31
310, 32
310, 33
310, 34
310, 35
310, 36
310, 37
310, 38
310, 39
310, 46
310, 47
310, 51
310, 52
310, 53
310, 54
310, 55
310, 56
310, 57
310, 58
310, 59
310, 60
310, 61
310, 62
310, 63
310, 64
310, 65
310, 66
310, 67
310, 68
310, 69
310, 70
310, 71
310, 72
310, 73
310, 74
310, 75
310, 76
310, 77
310, 78
310, 79
310, 80
310, 81
310, 82
310, 83
310, 84
310, 85
310, 86
310, 87
310, 88
310, 89
310, 90
310, 91
310, 92
310, 93
310, 94
310, 95
310, 96
310, 97
310, 98
310, 99
310, 100
310, 101
310, 102
310, 103
310, 104
310, 105
310, 106
310, 107
310, 108
310, 109
310, 110
310, 111
310, 112
310, 113
310, 114
310, 115
310, 116
310, 117
310, 118
311, 24
311, 25
311, 26
311, 27
311, 28
311, 29
311, 30
311, 31
311, 32
311, 33
311, 34
311, 35
311, 36
311, 37
311, 38
311, 39
311, 40
311, 45
311, 46
311, 47
311, 48
311, 49
311, 50
311, 51
311, 52
311, 53
311, 54
311, 55
311, 56
311, 57
311, 58
311, 59
311, 60
311, 61
311, 62
311, 63
311, 64
311, 65
311, 66
311, 67
311, 68
311, 69
311, 70
311, 71
311, 72
311, 73
311, 74
311, 75
311, 76
311, 77
311, 78
311, 79
311, 80
311, 81
311, 82
311, 83
311, 84
311, 85
311, 86
311, 87
311, 88
311, 89
311, 90
311, 91
311, 92
311, 93
311, 94
311, 95
311, 96
311, 97
311, 98
311, 99
311, 100
311, 101
311, 102
311, 103
311, 104
311, 105
311, 106
311, 107
311, 108
311, 109
311, 110
311, 111
311, 112
311, 113
311, 114
311, 115
311, 116
311, 117
311, 118
312, 24
312, 25
312, 26
312, 27
312, 28
312, 29
312, 30
312, 31
312, 32
312, 33
312, 34
312, 35
312, 36
312, 37
312, 38
312, 39
312, 40
312, 41
312, 42
312, 43
312, 44
312, 45
312, 46
312, 47
312, 48
312, 49
312, 50
312, 51
312, 52
312, 53
312, 54
312, 55
312, 56
312, 57
312, 58
312, 59
312, 60
312, 61
312, 62
312, 63
312, 64
312, 65
312, 66
312, 67
312, 68
312, 69
312, 70
312, 71
312, 72
312, 73
312, 74
312, 75
312, 76
312, 77
312, 78
312, 79
312, 80
312, 81
312, 82
312, 83
312, 84
312, 85
312, 86
312, 87
312, 88
312, 89
312, 90
312, 91
312, 92
312, 93
312, 94
312, 95
312, 96
312, 97
312, 98
312, 99
312, 100
312, 101
312, 102
312, 103
312, 104
312, 105
312, 106
312, 107
312, 108
312, 109
312, 110
312, 111
312, 112
312, 113
312, 114
312, 115
312, 116
312, 117
312, 118
313, 24
313, 25
313, 26
313, 27
313, 28
313, 29
313, 30
313, 31
313, 32
313, 33
313, 34
313, 35
313, 36
313, 37
313, 38
313, 39
313, 40
313, 41
313, 42
313, 43
313, 44
313, 45
313, 46
313, 47
313, 48
313, 49
313, 50
313, 51
313, 52
313, 53
313, 54
313, 55
313, 56
313, 57
313, 58
313, 59
313, 60
313, 61
313, 62
313, 63
313, 64
313, 65
313, 66
313, 67
313, 68
313, 69
313, 70
313, 71
313, 72
313, 73
313, 74
313, 75
313, 76
313, 77
313, 78
313, 79
313, 80
313, 81
313, 82
313, 83
313, 84
313, 85
313, 86
313, 87
313, 88
313, 89
313, 90
313, 91
313, 92
313, 93
313, 94
313, 95
313, 96
313, 97
313, 98
313, 99
313, 100
313, 101
313, 102
313, 103
313, 104
313, 105
313, 106
313, 107
313, 108
313, 109
313, 110
313, 111
313, 112
313, 113
313, 114
313, 115
313, 116
313, 117
313, 118
314, 24
314, 25
314, 26
314, 27
314, 28
314, 29
314, 30
314, 31
314, 32
314, 33
314, 34
314, 35
314, 36
314, 37
314, 38
314, 39
314, 40
314, 41
314, 42
314, 43
314, 44
314, 45
314, 46
314, 47
314, 48
314, 49
314, 50
314, 51
314, 52
314, 53
314, 54
314, 55
314, 56
314, 57
314, 58
314, 59
314, 60
314, 61
314, 62
314, 63
314, 64
314, 65
314, 66
314, 67
314, 68
314, 69
314, 70
314, 71
314, 72
314, 73
314, 74
314, 75
314, 76
314, 77
314, 78
314, 79
314, 80
314, 81
314, 82
314, 83
314, 84
314, 85
314, 86
314, 87
314, 88
314, 89
314, 90
314, 91
314, 92
314, 93
314, 94
314, 95
314, 96
314, 97
314, 98
314, 99
314, 100
314, 101
314, 102
314, 103
314, 104
314, 105
314, 106
314, 107
314, 108
314, 109
314, 110
314, 111
314, 112
314, 113
314, 114
314, 115
314, 116
314, 117
314, 118
315, 24
315, 25
315, 26
315, 27
315, 28
315, 29
315, 30
315, 31
315, 32
315, 33
315, 34
315, 35
315, 36
315, 37
315, 38
315, 39
315, 40
315, 41
315, 42
315, 43
315, 44
315, 45
315, 46
315, 47
315, 48
315, 49
315, 50
315, 51
315, 52
315, 53
315, 54
315, 55
315, 56
315, 57
315, 58
315, 59
315, 60
315, 61
315, 62
315, 63
315, 64
315, 65
315, 66
315, 67
315, 68
315, 69
315, 70
315, 71
315, 72
315, 73
315, 74
315, 75
315, 76
315, 77
315, 78
315, 79
315, 80
315, 81
315, 82
315, 83
315, 84
315, 85
315, 86
315, 87
315, 88
315, 89
315, 90
315, 91
315, 92
315, 93
315, 94
315, 95
315, 96
315, 97
315, 98
315, 99
315, 100
315, 101
315, 102
315, 103
315, 104
315, 105
315, 106
315, 107
315, 108
315, 109
315, 110
315, 111
315, 112
315, 113
315, 114
315, 115
315, 116
315, 117
315, 118
316, 24
316, 25
316, 26
316, 27
316, 28
316, 29
316, 30
316, 31
316, 32
316, 33
316, 34
316, 35
316, 36
316, 37
316, 38
316, 39
316, 40
316, 41
316, 42
316, 43
316, 44
316, 45
316, 46
316, 47
316, 48
316, 49
316, 50
316, 51
316, 52
316, 53
316, 54
316, 55
316, 56
316, 57
316, 58
316, 59
316, 60
316, 61
316, 62
316, 63
316, 64
316, 65
316, 66
316, 67
316, 68
316, 69
316, 70
316, 71
316, 72
316, 73
316, 74
316, 75
316, 76
316, 77
316, 78
316, 79
316, 80
316, 81
316, 82
316, 83
316, 84
316, 85
316, 86
316, 87
316, 88
316, 89
316, 90
316, 91
316, 92
316, 93
316, 94
316, 95
316, 96
316, 97
316, 98
316, 99
316, 100
316, 101
316, 102
316, 103
316, 104
316, 105
316, 106
316, 107
316, 108
316, 109
316, 110
316, 111
316, 112
316, 113
316, 114
316, 115
316, 116
316, 117
316, 118
317, 23
317, 24
317, 25
317, 26
317, 27
317, 28
317, 29
317, 30
317, 31
317, 32
317, 33
317, 34
317, 35
317, 36
317, 37
317, 38
317, 39
317, 40
317, 41
317, 42
317, 43
317, 44
317, 45
317, 46
317, 47
317, 48
317, 49
317, 50
317, 51
317, 52
317, 53
317, 54
317, 55
317, 56
317, 57
317, 58
317, 59
317, 60
317, 61
317, 62
317, 63
317, 64
317, 65
317, 66
317, 67
317, 68
317, 69
317, 70
317, 71
317, 72
317, 73
317, 74
317, 75
317, 76
317, 77
317, 78
317, 79
317, 80
317, 81
317, 82
317, 83
317, 84
317, 85
317, 86
317, 87
317, 88
317, 89
317, 90
317, 91
317, 92
317, 93
317, 94
317, 95
317, 96
317, 97
317, 98
317, 99
317, 100
317, 101
317, 102
317, 103
317, 104
317, 105
317, 106
317, 107
317, 108
317, 109
317, 110
317, 111
317, 112
317, 113
317, 114
317, 115
317, 116
317, 117
317, 118
318, 23
318, 24
318, 25
318, 26
318, 27
318, 28
318, 29
318, 30
318, 31
318, 32
318, 33
318, 34
318, 35
318, 36
318, 37
318, 38
318, 39
318, 40
318, 41
318, 42
318, 43
318, 44
318, 45
318, 46
318, 47
318, 48
318, 49
318, 50
318, 51
318, 52
318, 53
318, 54
318, 55
318, 56
318, 57
318, 58
318, 59
318, 60
318, 61
318, 62
318, 63
318, 64
318, 65
318, 66
318, 67
318, 68
318, 69
318, 70
318, 71
318, 72
318, 73
318, 74
318, 75
318, 76
318, 77
318, 78
318, 79
318, 80
318, 81
318, 82
318, 83
318, 84
318, 85
318, 86
318, 87
318, 88
318, 89
318, 90
318, 91
318, 92
318, 93
318, 94
318, 95
318, 96
318, 97
318, 98
318, 99
318, 100
318, 101
318, 102
318, 103
318, 104
318, 105
318, 106
318, 107
318, 108
318, 109
318, 110
318, 111
318, 112
318, 113
318, 114
318, 115
318, 116
318, 117
318, 118
319, 23
319, 24
319, 25
319, 26
319, 27
319, 28
319, 29
319, 30
319, 31
319, 32
319, 33
319, 34
319, 35
319, 36
319, 37
319, 38
319, 39
319, 40
319, 41
319, 42
319, 43
319, 44
319, 45
319, 46
319, 47
319, 48
319, 49
319, 50
319, 51
319, 52
319, 53
319, 54
319, 55
319, 56
319, 57
319, 58
319, 59
319, 60
319, 61
319, 62
319, 63
319, 64
319, 65
319, 66
319, 67
319, 68
319, 69
319, 70
319, 71
319, 72
319, 73
319, 74
319, 75
319, 76
319, 77
319, 78
319, 79
319, 80
319, 81
319, 82
319, 83
319, 84
319, 85
319, 86
319, 87
319, 88
319, 89
319, 90
319, 91
319, 92
319, 93
319, 94
319, 95
319, 96
319, 97
319, 98
319, 99
319, 100
319, 101
319, 102
319, 103
319, 104
319, 105
319, 106
319, 107
319, 108
319, 109
319, 110
319, 111
319, 112
319, 113
319, 114
319, 115
319, 116
319, 117
319, 118
320, 23
320, 24
320, 25
320, 26
320, 27
320, 28
320, 29
320, 30
320, 31
320, 32
320, 33
320, 34
320, 35
320, 36
320, 37
320, 38
320, 39
320, 40
320, 41
320, 42
320, 43
320, 44
320, 45
320, 46
320, 47
320, 48
320, 49
320, 50
320, 51
320, 52
320, 53
320, 54
320, 55
320, 56
320, 57
320, 58
320, 59
320, 60
320, 61
320, 62
320, 63
320, 64
320, 65
320, 66
320, 67
320, 68
320, 69
320, 70
320, 71
320, 72
320, 73
320, 74
320, 75
320, 76
320, 77
320, 78
320, 79
320, 80
320, 81
320, 82
320, 83
320, 84
320, 85
320, 86
320, 87
320, 88
320, 89
320, 90
320, 91
320, 92
320, 93
320, 94
320, 95
320, 96
320, 97
320, 98
320, 99
320, 100
320, 101
320, 102
320, 103
320, 104
320, 105
320, 106
320, 107
320, 108
320, 109
320, 110
320, 111
320, 112
320, 113
320, 114
320, 115
320, 116
320, 117
320, 118
321, 23
321, 24
321, 25
321, 26
321, 27
321, 28
321, 29
321, 30
321, 31
321, 32
321, 33
321, 34
321, 35
321, 36
321, 37
321, 38
321, 39
321, 40
321, 41
321, 42
321, 43
321, 44
321, 45
321, 46
321, 47
321, 48
321, 49
321, 50
321, 51
321, 52
321, 53
321, 54
321, 55
321, 56
321, 57
321, 58
321, 59
321, 60
321, 61
321, 62
321, 63
321, 64
321, 65
321, 66
321, 67
321, 68
321, 69
321, 70
321, 71
321, 72
321, 73
321, 74
321, 75
321, 76
321, 77
321, 78
321, 79
321, 80
321, 81
321, 82
321, 83
321, 84
321, 85
321, 86
321, 87
321, 88
321, 89
321, 90
321, 91
321, 92
321, 93
321, 94
321, 95
321, 96
321, 97
321, 98
321, 99
321, 100
321, 101
321, 102
321, 103
321, 104
321, 105
321, 106
321, 107
321, 108
321, 109
321, 110
321, 111
321, 112
321, 113
321, 114
321, 115
321, 116
321, 117
321, 118
322, 22
322, 23
322, 24
322, 25
322, 26
322, 27
322, 28
322, 29
322, 30
322, 31
322, 32
322, 33
322, 34
322, 35
322, 36
322, 37
322, 38
322, 39
322, 40
322, 41
322, 42
322, 43
322, 44
322, 45
322, 46
322, 47
322, 48
322, 49
322, 50
322, 51
322, 52
322, 53
322, 54
322, 55
322, 56
322, 57
322, 58
322, 59
322, 60
322, 61
322, 62
322, 63
322, 64
322, 65
322, 66
322, 67
322, 68
322, 69
322, 70
322, 71
322, 72
322, 73
322, 74
322, 75
322, 76
322, 77
322, 78
322, 79
322, 80
322, 81
322, 82
322, 83
322, 84
322, 85
322, 86
322, 87
322, 88
322, 89
322, 90
322, 91
322, 92
322, 93
322, 94
322, 95
322, 96
322, 97
322, 98
322, 99
322, 100
322, 101
322, 102
322, 103
322, 104
322, 105
322, 106
322, 107
322, 108
322, 109
322, 110
322, 111
322, 112
322, 113
322, 114
322, 115
322, 116
322, 117
322, 118
323, 22
323, 23
323, 24
323, 25
323, 26
323, 27
323, 28
323, 29
323, 30
323, 31
323, 32
323, 33
323, 34
323, 35
323, 36
323, 37
323, 38
323, 39
323, 40
323, 41
323, 42
323, 43
323, 44
323, 45
323, 46
323, 47
323, 48
323, 49
323, 50
323, 51
323, 52
323, 53
323, 54
323, 55
323, 56
323, 57
323, 58
323, 59
323, 60
323, 61
323, 62
323, 63
323, 64
323, 65
323, 66
323, 67
323, 68
323, 69
323, 70
323, 71
323, 72
323, 73
323, 74
323, 75
323, 76
323, 77
323, 78
323, 79
323, 80
323, 81
323, 82
323, 83
323, 84
323, 85
323, 86
323, 87
323, 88
323, 89
323, 90
323, 91
323, 92
323, 93
323, 94
323, 95
323, 96
323, 97
323, 98
323, 99
323, 100
323, 101
323, 102
323, 103
323, 104
323, 105
323, 106
323, 107
323, 108
323, 109
323, 110
323, 111
323, 112
323, 113
323, 114
323, 115
323, 116
323, 117
323, 118
324, 22
324, 23
324, 24
324, 25
324, 26
324, 27
324, 28
324, 29
324, 30
324, 31
324, 32
324, 33
324, 34
324, 35
324, 36
324, 37
324, 38
324, 39
324, 40
324, 41
324, 42
324, 43
324, 44
324, 45
324, 46
324, 47
324, 48
324, 49
324, 50
324, 51
324, 52
324, 53
324, 54
324, 55
324, 56
324, 57
324, 58
324, 59
324, 60
324, 61
324, 62
324, 63
324, 64
324, 65
324, 66
324, 67
324, 68
324, 69
324, 70
324, 71
324, 72
324, 73
324, 74
324, 75
324, 76
324, 77
324, 78
324, 79
324, 80
324, 81
324, 82
324, 83
324, 84
324, 85
324, 86
324, 87
324, 88
324, 89
324, 90
324, 91
324, 92
324, 93
324, 94
324, 95
324, 96
324, 97
324, 98
324, 99
324, 100
324, 101
324, 102
324, 103
324, 104
324, 105
324, 106
324, 107
324, 108
324, 109
324, 110
324, 111
324, 112
324, 113
324, 114
324, 115
324, 116
324, 117
324, 118
325, 22
325, 23
325, 24
325, 25
325, 26
325, 27
325, 28
325, 29
325, 30
325, 31
325, 32
325, 33
325, 34
325, 35
325, 36
325, 37
325, 38
325, 39
325, 40
325, 41
325, 42
325, 43
325, 44
325, 45
325, 46
325, 47
325, 48
325, 49
325, 50
325, 51
325, 52
325, 53
325, 54
325, 55
325, 56
325, 57
325, 58
325, 59
325, 60
325, 61
325, 62
325, 63
325, 64
325, 65
325, 66
325, 67
325, 68
325, 69
325, 70
325, 71
325, 72
325, 73
325, 74
325, 75
325, 76
325, 77
325, 78
325, 79
325, 80
325, 81
325, 82
325, 83
325, 84
325, 85
325, 86
325, 87
325, 88
325, 89
325, 90
325, 91
325, 92
325, 93
325, 94
325, 95
325, 96
325, 97
325, 98
325, 99
325, 100
325, 101
325, 102
325, 103
325, 104
325, 105
325, 106
325, 107
325, 108
325, 109
325, 110
325, 111
325, 112
325, 113
325, 114
325, 115
325, 116
325, 117
325, 118
326, 21
326, 22
326, 23
326, 24
326, 25
326, 26
326, 27
326, 28
326, 29
326, 30
326, 31
326, 32
326, 33
326, 34
326, 35
326, 36
326, 37
326, 38
326, 39
326, 40
326, 41
326, 42
326, 43
326, 44
326, 45
326, 46
326, 47
326, 48
326, 49
326, 50
326, 51
326, 52
326, 53
326, 54
326, 55
326, 56
326, 57
326, 58
326, 59
326, 60
326, 61
326, 62
326, 63
326, 64
326, 65
326, 66
326, 67
326, 68
326, 69
326, 70
326, 71
326, 72
326, 73
326, 74
326, 75
326, 76
326, 77
326, 78
326, 79
326, 80
326, 81
326, 82
326, 83
326, 84
326, 85
326, 86
326, 87
326, 88
326, 89
326, 90
326, 91
326, 92
326, 93
326, 94
326, 95
326, 96
326, 97
326, 98
326, 99
326, 100
326, 101
326, 102
326, 103
326, 104
326, 105
326, 106
326, 107
326, 108
326, 109
326, 110
326, 111
326, 112
326, 113
326, 114
326, 115
326, 116
326, 117
326, 118
327, 21
327, 22
327, 23
327, 24
327, 25
327, 26
327, 27
327, 28
327, 29
327, 30
327, 31
327, 32
327, 33
327, 34
327, 35
327, 36
327, 37
327, 38
327, 39
327, 40
327, 41
327, 42
327, 43
327, 44
327, 45
327, 46
327, 47
327, 48
327, 49
327, 50
327, 51
327, 52
327, 53
327, 54
327, 55
327, 56
327, 57
327, 58
327, 59
327, 60
327, 61
327, 62
327, 63
327, 64
327, 65
327, 66
327, 67
327, 68
327, 69
327, 70
327, 71
327, 72
327, 73
327, 74
327, 75
327, 76
327, 77
327, 78
327, 79
327, 80
327, 81
327, 82
327, 83
327, 84
327, 85
327, 86
327, 87
327, 88
327, 89
327, 90
327, 91
327, 92
327, 93
327, 94
327, 95
327, 96
327, 97
327, 98
327, 99
327, 100
327, 101
327, 102
327, 103
327, 104
327, 105
327, 106
327, 107
327, 108
327, 109
327, 110
327, 111
327, 112
327, 113
327, 114
327, 115
327, 116
327, 117
327, 118
328, 20
328, 21
328, 22
328, 23
328, 24
328, 25
328, 26
328, 27
328, 28
328, 29
328, 30
328, 31
328, 32
328, 33
328, 34
328, 35
328, 36
328, 37
328, 38
328, 39
328, 40
328, 41
328, 42
328, 43
328, 44
328, 45
328, 46
328, 47
328, 48
328, 49
328, 50
328, 51
328, 52
328, 53
328, 54
328, 55
328, 56
328, 57
328, 58
328, 59
328, 60
328, 61
328, 62
328, 63
328, 64
328, 65
328, 66
328, 67
328, 68
328, 69
328, 70
328, 71
328, 72
328, 73
328, 74
328, 75
328, 76
328, 77
328, 78
328, 79
328, 80
328, 81
328, 82
328, 83
328, 84
328, 85
328, 86
328, 87
328, 88
328, 89
328, 90
328, 91
328, 92
328, 93
328, 94
328, 95
328, 96
328, 97
328, 98
328, 99
328, 100
328, 101
328, 102
328, 103
328, 104
328, 105
328, 106
328, 107
328, 108
328, 109
328, 110
328, 111
328, 112
328, 113
328, 114
328, 115
328, 116
328, 117
328, 118
329, 20
329, 21
329, 22
329, 23
329, 24
329, 25
329, 26
329, 27
329, 28
329, 29
329, 30
329, 31
329, 32
329, 33
329, 34
329, 35
329, 36
329, 37
329, 38
329, 39
329, 40
329, 41
329, 42
329, 43
329, 44
329, 45
329, 46
329, 47
329, 48
329, 49
329, 50
329, 51
329, 52
329, 53
329, 54
329, 55
329, 56
329, 57
329, 58
329, 59
329, 60
329, 61
329, 62
329, 63
329, 64
329, 65
329, 66
329, 67
329, 68
329, 69
329, 70
329, 71
329, 72
329, 73
329, 74
329, 75
329, 76
329, 77
329, 78
329, 79
329, 80
329, 81
329, 82
329, 83
329, 84
329, 85
329, 86
329, 87
329, 88
329, 89
329, 90
329, 91
329, 92
329, 93
329, 94
329, 95
329, 96
329, 97
329, 98
329, 99
329, 100
329, 101
329, 102
329, 103
329, 104
329, 105
329, 106
329, 107
329, 108
329, 109
329, 110
329, 111
329, 112
329, 113
329, 114
329, 115
329, 116
329, 117
329, 118
330, 20
330, 21
330, 22
330, 23
330, 24
330, 25
330, 26
330, 27
330, 28
330, 29
330, 30
330, 31
330, 32
330, 33
330, 34
330, 35
330, 36
330, 37
330, 38
330, 39
330, 40
330, 41
330, 42
330, 43
330, 44
330, 45
330, 46
330, 47
330, 48
330, 49
330, 50
330, 51
330, 52
330, 53
330, 54
330, 55
330, 56
330, 57
330, 58
330, 59
330, 60
330, 61
330, 62
330, 63
330, 64
330, 65
330, 66
330, 67
330, 68
330, 69
330, 70
330, 71
330, 72
330, 73
330, 74
330, 75
330, 76
330, 77
330, 78
330, 79
330, 80
330, 81
330, 82
330, 83
330, 84
330, 85
330, 86
330, 87
330, 88
330, 89
330, 90
330, 91
330, 92
330, 93
330, 94
330, 95
330, 96
330, 97
330, 98
330, 99
330, 100
330, 101
330, 102
330, 103
330, 104
330, 105
330, 106
330, 107
330, 108
330, 109
330, 110
330, 111
330, 112
330, 113
330, 114
330, 115
330, 116
330, 117
330, 118
331, 19
331, 20
331, 21
331, 22
331, 23
331, 24
331, 25
331, 26
331, 27
331, 28
331, 29
331, 30
331, 31
331, 32
331, 33
331, 34
331, 35
331, 36
331, 37
331, 38
331, 39
331, 40
331, 41
331, 42
331, 43
331, 44
331, 45
331, 46
331, 47
331, 48
331, 49
331, 50
331, 51
331, 52
331, 53
331, 54
331, 55
331, 56
331, 57
331, 58
331, 59
331, 60
331, 61
331, 62
331, 63
331, 64
331, 65
331, 66
331, 67
331, 68
331, 69
331, 70
331, 71
331, 72
331, 73
331, 74
331, 75
331, 76
331, 77
331, 78
331, 79
331, 80
331, 81
331, 82
331, 83
331, 84
331, 85
331, 86
331, 87
331, 88
331, 89
331, 90
331, 91
331, 92
331, 93
331, 94
331, 95
331, 96
331, 97
331, 98
331, 99
331, 100
331, 101
331, 102
331, 103
331, 104
331, 105
331, 106
331, 107
331, 108
331, 109
331, 110
331, 111
331, 112
331, 113
331, 114
331, 115
331, 116
331, 117
331, 118
332, 19
332, 20
332, 21
332, 22
332, 23
332, 24
332, 25
332, 26
332, 27
332, 28
332, 29
332, 30
332, 31
332, 32
332, 33
332, 34
332, 35
332, 36
332, 37
332, 38
332, 39
332, 40
332, 41
332, 42
332, 43
332, 44
332, 45
332, 46
332, 47
332, 48
332, 49
332, 50
332, 51
332, 52
332, 53
332, 54
332, 55
332, 56
332, 57
332, 58
332, 59
332, 60
332, 61
332, 62
332, 63
332, 64
332, 65
332, 66
332, 67
332, 68
332, 69
332, 70
332, 71
332, 72
332, 73
332, 74
332, 75
332, 76
332, 77
332, 78
332, 79
332, 80
332, 81
332, 82
332, 83
332, 84
332, 85
332, 86
332, 87
332, 88
332, 89
332, 90
332, 91
332, 92
332, 93
332, 94
332, 95
332, 96
332, 97
332, 98
332, 99
332, 100
332, 101
332, 102
332, 103
332, 104
332, 105
332, 106
332, 107
332, 108
332, 109
332, 110
332, 111
332, 112
332, 113
332, 114
332, 115
332, 116
332, 117
332, 118
333, 19
333, 20
333, 21
333, 22
333, 23
333, 24
333, 25
333, 26
333, 27
333, 28
333, 29
333, 30
333, 31
333, 32
333, 33
333, 34
333, 35
333, 36
333, 37
333, 38
333, 39
333, 40
333, 41
333, 42
333, 43
333, 44
333, 45
333, 46
333, 47
333, 48
333, 49
333, 50
333, 51
333, 52
333, 53
333, 54
333, 55
333, 56
333, 57
333, 58
333, 59
333, 60
333, 61
333, 62
333, 63
333, 64
333, 65
333, 66
333, 67
333, 68
333, 69
333, 70
333, 71
333, 72
333, 73
333, 74
333, 75
333, 76
333, 77
333, 78
333, 79
333, 80
333, 81
333, 82
333, 83
333, 84
333, 85
333, 86
333, 87
333, 88
333, 89
333, 90
333, 91
333, 92
333, 93
333, 94
333, 95
333, 96
333, 97
333, 98
333, 99
333, 100
333, 101
333, 102
333, 103
333, 104
333, 105
333, 106
333, 107
333, 108
333, 109
333, 110
333, 111
333, 112
333, 113
333, 114
333, 115
333, 116
333, 117
333, 118
334, 19
334, 20
334, 21
334, 22
334, 23
334, 24
334, 25
334, 26
334, 27
334, 28
334, 29
334, 30
334, 31
334, 32
334, 33
334, 34
334, 35
334, 36
334, 37
334, 38
334, 39
334, 40
334, 41
334, 42
334, 43
334, 44
334, 45
334, 46
334, 47
334, 48
334, 49
334, 50
334, 51
334, 52
334, 53
334, 54
334, 55
334, 56
334, 57
334, 58
334, 59
334, 60
334, 61
334, 62
334, 63
334, 64
334, 65
334, 66
334, 67
334, 68
334, 69
334, 70
334, 71
334, 72
334, 73
334, 74
334, 75
334, 76
334, 77
334, 78
334, 79
334, 80
334, 81
334, 82
334, 83
334, 84
334, 85
334, 86
334, 87
334, 88
334, 89
334, 90
334, 91
334, 92
334, 93
334, 94
334, 95
334, 96
334, 97
334, 98
334, 99
334, 100
334, 101
334, 102
334, 103
334, 104
334, 105
334, 106
334, 107
334, 108
334, 109
334, 110
334, 111
334, 112
334, 113
334, 114
334, 115
334, 116
334, 117
334, 118
335, 19
335, 20
335, 21
335, 22
335, 23
335, 24
335, 25
335, 26
335, 27
335, 28
335, 29
335, 30
335, 31
335, 32
335, 33
335, 34
335, 35
335, 36
335, 37
335, 38
335, 39
335, 40
335, 41
335, 42
335, 43
335, 44
335, 45
335, 46
335, 47
335, 48
335, 49
335, 50
335, 51
335, 52
335, 53
335, 54
335, 55
335, 56
335, 57
335, 58
335, 59
335, 60
335, 61
335, 62
335, 63
335, 64
335, 65
335, 66
335, 67
335, 68
335, 69
335, 70
335, 71
335, 72
335, 73
335, 74
335, 75
335, 76
335, 77
335, 78
335, 79
335, 80
335, 81
335, 82
335, 83
335, 84
335, 85
335, 86
335, 87
335, 88
335, 89
335, 90
335, 91
335, 92
335, 93
335, 94
335, 95
335, 96
335, 97
335, 98
335, 99
335, 100
335, 101
335, 102
335, 103
335, 104
335, 105
335, 106
335, 107
335, 108
335, 109
335, 110
335, 111
335, 112
335, 113
335, 114
335, 115
335, 116
335, 117
335, 118
336, 19
336, 20
336, 21
336, 22
336, 23
336, 24
336, 25
336, 26
336, 27
336, 28
336, 29
336, 30
336, 31
336, 32
336, 33
336, 34
336, 35
336, 36
336, 37
336, 38
336, 39
336, 40
336, 41
336, 42
336, 43
336, 44
336, 45
336, 46
336, 47
336, 48
336, 49
336, 50
336, 51
336, 52
336, 53
336, 54
336, 55
336, 56
336, 57
336, 58
336, 59
336, 60
336, 61
336, 62
336, 63
336, 64
336, 65
336, 66
336, 67
336, 68
336, 69
336, 70
336, 71
336, 72
336, 73
336, 74
336, 75
336, 76
336, 77
336, 78
336, 79
336, 80
336, 81
336, 82
336, 83
336, 84
336, 85
336, 86
336, 87
336, 88
336, 89
336, 90
336, 91
336, 92
336, 93
336, 94
336, 95
336, 96
336, 97
336, 98
336, 99
336, 100
336, 101
336, 102
336, 103
336, 104
336, 105
336, 106
336, 107
336, 108
336, 109
336, 110
336, 111
336, 112
336, 113
336, 114
336, 115
336, 116
336, 117
336, 118
337, 19
337, 20
337, 21
337, 22
337, 23
337, 24
337, 25
337, 26
337, 27
337, 28
337, 29
337, 30
337, 31
337, 32
337, 33
337, 34
337, 35
337, 36
337, 37
337, 38
337, 39
337, 40
337, 41
337, 42
337, 43
337, 44
337, 45
337, 46
337, 47
337, 48
337, 49
337, 50
337, 51
337, 52
337, 53
337, 54
337, 55
337, 56
337, 57
337, 58
337, 59
337, 60
337, 61
337, 62
337, 63
337, 64
337, 65
337, 66
337, 67
337, 68
337, 69
337, 70
337, 71
337, 72
337, 73
337, 74
337, 75
337, 76
337, 77
337, 78
337, 79
337, 80
337, 81
337, 82
337, 83
337, 84
337, 85
337, 86
337, 87
337, 88
337, 89
337, 90
337, 91
337, 92
337, 93
337, 94
337, 95
337, 96
337, 97
337, 98
337, 99
337, 100
337, 101
337, 102
337, 103
337, 104
337, 105
337, 106
337, 107
337, 108
337, 109
337, 110
337, 111
337, 112
337, 113
337, 114
337, 115
337, 116
337, 117
337, 118
338, 18
338, 19
338, 20
338, 21
338, 22
338, 23
338, 24
338, 25
338, 26
338, 27
338, 28
338, 29
338, 30
338, 31
338, 32
338, 33
338, 34
338, 35
338, 36
338, 37
338, 38
338, 39
338, 40
338, 41
338, 42
338, 43
338, 44
338, 45
338, 46
338, 47
338, 48
338, 49
338, 50
338, 51
338, 52
338, 53
338, 54
338, 55
338, 56
338, 57
338, 58
338, 59
338, 60
338, 61
338, 62
338, 63
338, 64
338, 65
338, 66
338, 67
338, 68
338, 69
338, 70
338, 71
338, 72
338, 73
338, 74
338, 75
338, 76
338, 77
338, 78
338, 79
338, 80
338, 81
338, 82
338, 83
338, 84
338, 85
338, 86
338, 87
338, 88
338, 89
338, 90
338, 91
338, 92
338, 93
338, 94
338, 95
338, 96
338, 97
338, 98
338, 99
338, 100
338, 101
338, 102
338, 103
338, 104
338, 105
338, 106
338, 107
338, 108
338, 109
338, 110
338, 111
338, 112
338, 113
338, 114
338, 115
338, 116
338, 117
338, 118
339, 18
339, 19
339, 20
339, 21
339, 22
339, 23
339, 24
339, 25
339, 26
339, 27
339, 28
339, 29
339, 30
339, 31
339, 32
339, 33
339, 34
339, 35
339, 36
339, 37
339, 38
339, 39
339, 40
339, 41
339, 42
339, 43
339, 44
339, 45
339, 46
339, 47
339, 48
339, 49
339, 50
339, 51
339, 52
339, 53
339, 54
339, 55
339, 56
339, 57
339, 58
339, 59
339, 60
339, 61
339, 62
339, 63
339, 64
339, 65
339, 66
339, 67
339, 68
339, 69
339, 70
339, 71
339, 72
339, 73
339, 74
339, 75
339, 76
339, 77
339, 78
339, 79
339, 80
339, 81
339, 82
339, 83
339, 84
339, 85
339, 86
339, 87
339, 88
339, 89
339, 90
339, 91
339, 92
339, 93
339, 94
339, 95
339, 96
339, 97
339, 98
339, 99
339, 100
339, 101
339, 102
339, 103
339, 104
339, 105
339, 106
339, 107
339, 108
339, 109
339, 110
339, 111
339, 112
339, 113
339, 114
339, 115
339, 116
339, 117
339, 118
340, 18
340, 19
340, 20
340, 21
340, 22
340, 23
340, 24
340, 25
340, 26
340, 27
340, 28
340, 29
340, 30
340, 31
340, 32
340, 33
340, 34
340, 35
340, 36
340, 37
340, 38
340, 39
340, 40
340, 41
340, 42
340, 43
340, 44
340, 45
340, 46
340, 47
340, 48
340, 49
340, 50
340, 51
340, 52
340, 53
340, 54
340, 55
340, 56
340, 57
340, 58
340, 59
340, 60
340, 61
340, 62
340, 63
340, 64
340, 65
340, 66
340, 67
340, 68
340, 69
340, 70
340, 71
340, 72
340, 73
340, 74
340, 75
340, 76
340, 77
340, 78
340, 79
340, 80
340, 81
340, 82
340, 83
340, 84
340, 85
340, 86
340, 87
340, 88
340, 89
340, 90
340, 91
340, 92
340, 93
340, 94
340, 95
340, 96
340, 97
340, 98
340, 99
340, 100
340, 101
340, 102
340, 103
340, 104
340, 105
340, 106
340, 107
340, 108
340, 109
340, 110
340, 111
340, 112
340, 113
340, 114
340, 115
340, 116
340, 117
340, 118
341, 17
341, 18
341, 19
341, 20
341, 21
341, 22
341, 23
341, 24
341, 25
341, 26
341, 27
341, 28
341, 29
341, 30
341, 31
341, 32
341, 33
341, 34
341, 35
341, 36
341, 37
341, 38
341, 39
341, 40
341, 41
341, 42
341, 43
341, 44
341, 45
341, 46
341, 47
341, 48
341, 49
341, 50
341, 51
341, 52
341, 53
341, 54
341, 55
341, 56
341, 57
341, 58
341, 59
341, 60
341, 61
341, 62
341, 63
341, 64
341, 65
341, 66
341, 67
341, 68
341, 69
341, 70
341, 71
341, 72
341, 73
341, 74
341, 75
341, 76
341, 77
341, 78
341, 79
341, 80
341, 81
341, 82
341, 83
341, 84
341, 85
341, 86
341, 87
341, 88
341, 89
341, 90
341, 91
341, 92
341, 93
341, 94
341, 95
341, 96
341, 97
341, 98
341, 99
341, 100
341, 101
341, 102
341, 103
341, 104
341, 105
341, 106
341, 107
341, 108
341, 109
341, 110
341, 111
341, 112
341, 113
341, 114
341, 115
341, 116
341, 117
341, 118
342, 17
342, 18
342, 19
342, 20
342, 21
342, 22
342, 23
342, 24
342, 25
342, 26
342, 27
342, 28
342, 29
342, 30
342, 31
342, 32
342, 33
342, 34
342, 35
342, 36
342, 37
342, 38
342, 39
342, 40
342, 41
342, 42
342, 43
342, 44
342, 45
342, 46
342, 47
342, 48
342, 49
342, 50
342, 51
342, 52
342, 53
342, 54
342, 55
342, 56
342, 57
342, 58
342, 59
342, 60
342, 61
342, 62
342, 63
342, 64
342, 65
342, 66
342, 67
342, 68
342, 69
342, 70
342, 71
342, 72
342, 73
342, 74
342, 75
342, 76
342, 77
342, 78
342, 79
342, 80
342, 81
342, 82
342, 83
342, 84
342, 85
342, 86
342, 87
342, 88
342, 89
342, 90
342, 91
342, 92
342, 93
342, 94
342, 95
342, 96
342, 97
342, 98
342, 99
342, 100
342, 101
342, 102
342, 103
342, 104
342, 105
342, 106
342, 107
342, 108
342, 109
342, 110
342, 111
342, 112
342, 113
342, 114
342, 115
342, 116
342, 117
342, 118
343, 17
343, 18
343, 19
343, 20
343, 21
343, 22
343, 23
343, 24
343, 25
343, 26
343, 27
343, 28
343, 29
343, 30
343, 31
343, 32
343, 33
343, 34
343, 35
343, 36
343, 37
343, 38
343, 39
343, 40
343, 41
343, 42
343, 43
343, 44
343, 45
343, 46
343, 47
343, 48
343, 49
343, 50
343, 51
343, 52
343, 53
343, 54
343, 55
343, 56
343, 57
343, 58
343, 59
343, 60
343, 61
343, 62
343, 63
343, 64
343, 65
343, 66
343, 67
343, 68
343, 69
343, 70
343, 71
343, 72
343, 73
343, 74
343, 75
343, 76
343, 77
343, 78
343, 79
343, 80
343, 81
343, 82
343, 83
343, 84
343, 85
343, 86
343, 87
343, 88
343, 89
343, 90
343, 91
343, 92
343, 93
343, 94
343, 95
343, 96
343, 97
343, 98
343, 99
343, 100
343, 101
343, 102
343, 103
343, 104
343, 105
343, 106
343, 107
343, 108
343, 109
343, 110
343, 111
343, 112
343, 113
343, 114
343, 115
343, 116
343, 117
343, 118
344, 16
344, 17
344, 18
344, 19
344, 20
344, 21
344, 22
344, 23
344, 24
344, 25
344, 26
344, 27
344, 28
344, 29
344, 30
344, 31
344, 32
344, 33
344, 34
344, 35
344, 36
344, 37
344, 38
344, 39
344, 40
344, 41
344, 42
344, 43
344, 44
344, 45
344, 46
344, 47
344, 48
344, 49
344, 50
344, 51
344, 52
344, 53
344, 54
344, 55
344, 56
344, 57
344, 58
344, 59
344, 60
344, 61
344, 62
344, 63
344, 64
344, 65
344, 66
344, 67
344, 68
344, 69
344, 70
344, 71
344, 72
344, 73
344, 74
344, 75
344, 76
344, 77
344, 78
344, 79
344, 80
344, 81
344, 82
344, 83
344, 84
344, 85
344, 86
344, 87
344, 88
344, 89
344, 90
344, 91
344, 92
344, 93
344, 94
344, 95
344, 96
344, 97
344, 98
344, 99
344, 100
344, 101
344, 102
344, 103
344, 104
344, 105
344, 106
344, 107
344, 108
344, 109
344, 110
344, 111
344, 112
344, 113
344, 114
344, 115
344, 116
344, 117
344, 118
345, 16
345, 17
345, 18
345, 19
345, 20
345, 21
345, 22
345, 23
345, 24
345, 25
345, 26
345, 27
345, 28
345, 29
345, 30
345, 31
345, 32
345, 33
345, 34
345, 35
345, 36
345, 37
345, 38
345, 39
345, 40
345, 41
345, 42
345, 43
345, 44
345, 45
345, 46
345, 47
345, 48
345, 49
345, 50
345, 51
345, 52
345, 53
345, 54
345, 55
345, 56
345, 57
345, 58
345, 59
345, 60
345, 61
345, 62
345, 63
345, 64
345, 65
345, 66
345, 67
345, 68
345, 69
345, 70
345, 71
345, 72
345, 73
345, 74
345, 75
345, 76
345, 77
345, 78
345, 79
345, 80
345, 81
345, 82
345, 83
345, 84
345, 85
345, 86
345, 87
345, 88
345, 89
345, 90
345, 91
345, 92
345, 93
345, 94
345, 95
345, 96
345, 97
345, 98
345, 99
345, 100
345, 101
345, 102
345, 103
345, 104
345, 105
345, 106
345, 107
345, 108
345, 109
345, 110
345, 111
345, 112
345, 113
345, 114
345, 115
345, 116
345, 117
345, 118
346, 16
346, 17
346, 18
346, 19
346, 20
346, 21
346, 22
346, 23
346, 24
346, 25
346, 26
346, 27
346, 28
346, 29
346, 30
346, 31
346, 32
346, 33
346, 34
346, 35
346, 36
346, 37
346, 38
346, 39
346, 40
346, 41
346, 42
346, 43
346, 44
346, 45
346, 46
346, 47
346, 48
346, 49
346, 50
346, 51
346, 52
346, 53
346, 54
346, 55
346, 56
346, 57
346, 58
346, 59
346, 60
346, 61
346, 62
346, 63
346, 64
346, 65
346, 66
346, 67
346, 68
346, 69
346, 70
346, 71
346, 72
346, 73
346, 74
346, 75
346, 76
346, 77
346, 78
346, 79
346, 80
346, 81
346, 82
346, 83
346, 84
346, 85
346, 86
346, 87
346, 88
346, 89
346, 90
346, 91
346, 92
346, 93
346, 94
346, 95
346, 96
346, 97
346, 98
346, 99
346, 100
346, 101
346, 102
346, 103
346, 104
346, 105
346, 106
346, 107
346, 108
346, 109
346, 110
346, 111
346, 112
346, 113
346, 114
346, 115
346, 116
346, 117
346, 118
347, 16
347, 17
347, 18
347, 19
347, 20
347, 21
347, 22
347, 23
347, 24
347, 25
347, 26
347, 27
347, 28
347, 29
347, 30
347, 31
347, 32
347, 33
347, 34
347, 35
347, 36
347, 37
347, 38
347, 39
347, 40
347, 41
347, 42
347, 43
347, 44
347, 45
347, 46
347, 47
347, 48
347, 49
347, 50
347, 51
347, 52
347, 53
347, 54
347, 55
347, 56
347, 57
347, 58
347, 59
347, 60
347, 61
347, 62
347, 63
347, 64
347, 65
347, 66
347, 67
347, 68
347, 69
347, 70
347, 71
347, 72
347, 73
347, 74
347, 75
347, 76
347, 77
347, 78
347, 79
347, 80
347, 81
347, 82
347, 83
347, 84
347, 85
347, 86
347, 87
347, 88
347, 89
347, 90
347, 91
347, 92
347, 93
347, 94
347, 95
347, 96
347, 97
347, 98
347, 99
347, 100
347, 101
347, 102
347, 103
347, 104
347, 105
347, 106
347, 107
347, 108
347, 109
347, 110
347, 111
347, 112
347, 113
347, 114
347, 115
347, 116
347, 117
347, 118
348, 16
348, 17
348, 18
348, 19
348, 20
348, 21
348, 22
348, 23
348, 24
348, 25
348, 26
348, 27
348, 28
348, 29
348, 30
348, 31
348, 32
348, 33
348, 34
348, 35
348, 36
348, 37
348, 38
348, 39
348, 40
348, 41
348, 42
348, 43
348, 44
348, 45
348, 46
348, 47
348, 48
348, 49
348, 50
348, 51
348, 52
348, 53
348, 54
348, 55
348, 56
348, 57
348, 58
348, 59
348, 60
348, 61
348, 62
348, 63
348, 64
348, 65
348, 66
348, 67
348, 68
348, 69
348, 70
348, 71
348, 72
348, 73
348, 74
348, 75
348, 76
348, 77
348, 78
348, 79
348, 80
348, 81
348, 82
348, 83
348, 84
348, 85
348, 86
348, 87
348, 88
348, 89
348, 90
348, 91
348, 92
348, 93
348, 94
348, 95
348, 96
348, 97
348, 98
348, 99
348, 100
348, 101
348, 102
348, 103
348, 104
348, 105
348, 106
348, 107
348, 108
348, 109
348, 110
348, 111
348, 112
348, 113
348, 114
348, 115
348, 116
348, 117
349, 16
349, 17
349, 18
349, 19
349, 20
349, 21
349, 22
349, 23
349, 24
349, 25
349, 26
349, 27
349, 28
349, 29
349, 30
349, 31
349, 32
349, 33
349, 34
349, 35
349, 36
349, 37
349, 38
349, 39
349, 40
349, 41
349, 42
349, 43
349, 44
349, 45
349, 46
349, 47
349, 48
349, 49
349, 50
349, 51
349, 52
349, 53
349, 54
349, 55
349, 56
349, 57
349, 58
349, 59
349, 60
349, 61
349, 62
349, 63
349, 64
349, 65
349, 66
349, 67
349, 68
349, 69
349, 70
349, 71
349, 72
349, 73
349, 74
349, 75
349, 76
349, 77
349, 78
349, 79
349, 80
349, 81
349, 82
349, 83
349, 84
349, 85
349, 86
349, 87
349, 88
349, 89
349, 90
349, 91
349, 92
349, 93
349, 94
349, 95
349, 96
349, 97
349, 98
349, 99
349, 100
349, 101
349, 102
349, 103
349, 104
349, 105
349, 106
349, 107
349, 108
349, 109
349, 110
349, 111
349, 112
349, 113
349, 114
349, 115
349, 116
349, 117
350, 16
350, 17
350, 18
350, 19
350, 20
350, 21
350, 22
350, 23
350, 24
350, 25
350, 26
350, 27
350, 28
350, 29
350, 30
350, 31
350, 32
350, 33
350, 34
350, 35
350, 36
350, 37
350, 38
350, 39
350, 40
350, 41
350, 42
350, 43
350, 44
350, 45
350, 46
350, 47
350, 48
350, 49
350, 50
350, 51
350, 52
350, 53
350, 54
350, 55
350, 56
350, 57
350, 58
350, 59
350, 60
350, 61
350, 62
350, 63
350, 64
350, 65
350, 66
350, 67
350, 68
350, 69
350, 70
350, 71
350, 72
350, 73
350, 74
350, 75
350, 76
350, 77
350, 78
350, 79
350, 80
350, 81
350, 82
350, 83
350, 84
350, 85
350, 86
350, 87
350, 88
350, 89
350, 90
350, 91
350, 92
350, 93
350, 94
350, 95
350, 96
350, 97
350, 98
350, 99
350, 100
350, 101
350, 102
350, 103
350, 104
350, 105
350, 106
350, 107
350, 108
350, 109
350, 110
350, 111
350, 112
350, 113
350, 114
350, 115
350, 116
350, 117
351, 16
351, 17
351, 18
351, 19
351, 20
351, 21
351, 22
351, 23
351, 24
351, 25
351, 26
351, 27
351, 28
351, 29
351, 30
351, 31
351, 32
351, 33
351, 34
351, 35
351, 36
351, 37
351, 38
351, 39
351, 40
351, 41
351, 42
351, 43
351, 44
351, 45
351, 46
351, 47
351, 48
351, 49
351, 50
351, 51
351, 52
351, 53
351, 54
351, 55
351, 56
351, 57
351, 58
351, 59
351, 60
351, 61
351, 62
351, 63
351, 64
351, 65
351, 66
351, 67
351, 68
351, 69
351, 70
351, 71
351, 72
351, 73
351, 74
351, 75
351, 76
351, 77
351, 78
351, 79
351, 80
351, 81
351, 82
351, 83
351, 84
351, 85
351, 86
351, 87
351, 88
351, 89
351, 90
351, 91
351, 92
351, 93
351, 94
351, 95
351, 96
351, 97
351, 98
351, 99
351, 100
351, 101
351, 102
351, 103
351, 104
351, 105
351, 106
351, 107
351, 108
351, 109
351, 110
351, 111
351, 112
351, 113
351, 114
351, 115
351, 116
351, 117
352, 15
352, 16
352, 17
352, 18
352, 19
352, 20
352, 21
352, 22
352, 23
352, 24
352, 25
352, 26
352, 27
352, 28
352, 29
352, 30
352, 31
352, 32
352, 33
352, 34
352, 35
352, 36
352, 37
352, 38
352, 39
352, 40
352, 41
352, 42
352, 43
352, 44
352, 45
352, 46
352, 47
352, 48
352, 49
352, 50
352, 51
352, 52
352, 53
352, 54
352, 55
352, 56
352, 57
352, 58
352, 59
352, 60
352, 61
352, 62
352, 63
352, 64
352, 65
352, 66
352, 67
352, 68
352, 69
352, 70
352, 71
352, 72
352, 73
352, 74
352, 75
352, 76
352, 77
352, 78
352, 79
352, 80
352, 81
352, 82
352, 83
352, 84
352, 85
352, 86
352, 87
352, 88
352, 89
352, 90
352, 91
352, 92
352, 93
352, 94
352, 95
352, 96
352, 97
352, 98
352, 99
352, 100
352, 101
352, 102
352, 103
352, 104
352, 105
352, 106
352, 107
352, 108
352, 109
352, 110
352, 111
352, 112
352, 113
352, 114
352, 115
352, 116
352, 117
352, 118
353, 15
353, 16
353, 17
353, 18
353, 19
353, 20
353, 21
353, 22
353, 23
353, 24
353, 25
353, 26
353, 27
353, 28
353, 29
353, 30
353, 31
353, 32
353, 33
353, 34
353, 35
353, 36
353, 37
353, 38
353, 39
353, 40
353, 41
353, 42
353, 43
353, 44
353, 45
353, 46
353, 47
353, 48
353, 49
353, 50
353, 51
353, 52
353, 53
353, 54
353, 55
353, 56
353, 57
353, 58
353, 59
353, 60
353, 61
353, 62
353, 63
353, 64
353, 65
353, 66
353, 67
353, 68
353, 69
353, 70
353, 71
353, 72
353, 73
353, 74
353, 75
353, 76
353, 77
353, 78
353, 79
353, 80
353, 81
353, 82
353, 83
353, 84
353, 85
353, 86
353, 87
353, 88
353, 89
353, 90
353, 91
353, 92
353, 93
353, 94
353, 95
353, 96
353, 97
353, 98
353, 99
353, 100
353, 101
353, 102
353, 103
353, 104
353, 105
353, 106
353, 107
353, 108
353, 109
353, 110
353, 111
353, 112
353, 113
353, 114
353, 115
353, 116
353, 117
353, 118
354, 15
354, 16
354, 17
354, 18
354, 19
354, 20
354, 21
354, 22
354, 23
354, 24
354, 25
354, 26
354, 27
354, 28
354, 29
354, 30
354, 31
354, 32
354, 33
354, 34
354, 35
354, 36
354, 37
354, 38
354, 39
354, 40
354, 41
354, 42
354, 43
354, 44
354, 45
354, 46
354, 47
354, 48
354, 49
354, 50
354, 51
354, 52
354, 53
354, 54
354, 55
354, 56
354, 57
354, 58
354, 59
354, 60
354, 61
354, 62
354, 63
354, 64
354, 65
354, 66
354, 67
354, 68
354, 69
354, 70
354, 71
354, 72
354, 73
354, 74
354, 75
354, 76
354, 77
354, 78
354, 79
354, 80
354, 81
354, 82
354, 83
354, 84
354, 85
354, 86
354, 87
354, 88
354, 89
354, 90
354, 91
354, 92
354, 93
354, 94
354, 95
354, 96
354, 97
354, 98
354, 99
354, 100
354, 101
354, 102
354, 103
354, 104
354, 105
354, 106
354, 107
354, 108
354, 109
354, 110
354, 111
354, 112
354, 113
354, 114
354, 115
354, 116
354, 117
354, 118
355, 15
355, 16
355, 17
355, 18
355, 19
355, 20
355, 21
355, 22
355, 23
355, 24
355, 25
355, 26
355, 27
355, 28
355, 29
355, 30
355, 31
355, 32
355, 33
355, 34
355, 35
355, 36
355, 37
355, 38
355, 39
355, 40
355, 41
355, 42
355, 43
355, 44
355, 45
355, 46
355, 47
355, 48
355, 49
355, 50
355, 51
355, 52
355, 53
355, 54
355, 55
355, 56
355, 57
355, 58
355, 59
355, 60
355, 61
355, 62
355, 63
355, 64
355, 65
355, 66
355, 67
355, 68
355, 69
355, 70
355, 71
355, 72
355, 73
355, 74
355, 75
355, 76
355, 77
355, 78
355, 79
355, 80
355, 81
355, 82
355, 83
355, 84
355, 85
355, 86
355, 87
355, 88
355, 89
355, 90
355, 91
355, 92
355, 93
355, 94
355, 95
355, 96
355, 97
355, 98
355, 99
355, 100
355, 101
355, 102
355, 103
355, 104
355, 105
355, 106
355, 107
355, 108
355, 109
355, 110
355, 111
355, 112
355, 113
355, 114
355, 115
355, 116
355, 117
355, 118
356, 15
356, 16
356, 17
356, 18
356, 19
356, 20
356, 21
356, 22
356, 23
356, 24
356, 25
356, 26
356, 27
356, 28
356, 29
356, 30
356, 31
356, 32
356, 33
356, 34
356, 35
356, 36
356, 37
356, 38
356, 39
356, 40
356, 41
356, 42
356, 43
356, 44
356, 45
356, 46
356, 47
356, 48
356, 49
356, 50
356, 51
356, 52
356, 53
356, 54
356, 55
356, 56
356, 57
356, 58
356, 59
356, 60
356, 61
356, 62
356, 63
356, 64
356, 65
356, 66
356, 67
356, 68
356, 69
356, 70
356, 71
356, 72
356, 73
356, 74
356, 75
356, 76
356, 77
356, 78
356, 79
356, 80
356, 81
356, 82
356, 83
356, 84
356, 85
356, 86
356, 87
356, 88
356, 89
356, 90
356, 91
356, 92
356, 93
356, 94
356, 95
356, 96
356, 97
356, 98
356, 99
356, 100
356, 101
356, 102
356, 103
356, 104
356, 105
356, 106
356, 107
356, 108
356, 109
356, 110
356, 111
356, 112
356, 113
356, 114
356, 115
356, 116
356, 117
356, 118
357, 15
357, 16
357, 17
357, 18
357, 19
357, 20
357, 21
357, 22
357, 23
357, 24
357, 25
357, 26
357, 27
357, 28
357, 29
357, 30
357, 31
357, 32
357, 33
357, 34
357, 35
357, 36
357, 37
357, 38
357, 39
357, 40
357, 41
357, 42
357, 43
357, 44
357, 45
357, 46
357, 47
357, 48
357, 49
357, 50
357, 51
357, 52
357, 53
357, 54
357, 55
357, 56
357, 57
357, 58
357, 59
357, 60
357, 61
357, 62
357, 63
357, 64
357, 65
357, 66
357, 67
357, 68
357, 69
357, 70
357, 71
357, 72
357, 73
357, 74
357, 75
357, 76
357, 77
357, 78
357, 79
357, 80
357, 81
357, 82
357, 83
357, 84
357, 85
357, 86
357, 87
357, 88
357, 89
357, 90
357, 91
357, 92
357, 93
357, 94
357, 95
357, 96
357, 97
357, 98
357, 99
357, 100
357, 101
357, 102
357, 103
357, 104
357, 105
357, 106
357, 107
357, 108
357, 109
357, 110
357, 111
357, 112
357, 113
357, 114
357, 115
357, 116
357, 117
357, 118
358, 15
358, 16
358, 17
358, 18
358, 19
358, 20
358, 21
358, 22
358, 23
358, 24
358, 25
358, 26
358, 27
358, 28
358, 29
358, 30
358, 31
358, 32
358, 33
358, 34
358, 35
358, 36
358, 37
358, 38
358, 39
358, 40
358, 41
358, 42
358, 43
358, 44
358, 45
358, 46
358, 47
358, 48
358, 49
358, 50
358, 51
358, 52
358, 53
358, 54
358, 55
358, 56
358, 57
358, 58
358, 59
358, 60
358, 61
358, 62
358, 63
358, 64
358, 65
358, 66
358, 67
358, 68
358, 69
358, 70
358, 71
358, 72
358, 73
358, 74
358, 75
358, 76
358, 77
358, 78
358, 79
358, 80
358, 81
358, 82
358, 83
358, 84
358, 85
358, 86
358, 87
358, 88
358, 89
358, 90
358, 91
358, 92
358, 93
358, 94
358, 95
358, 96
358, 97
358, 98
358, 99
358, 100
358, 101
358, 102
358, 103
358, 104
358, 105
358, 106
358, 107
358, 108
358, 109
358, 110
358, 111
358, 112
358, 113
358, 114
358, 115
358, 116
358, 117
358, 118
359, 15
359, 16
359, 17
359, 18
359, 19
359, 20
359, 21
359, 22
359, 23
359, 24
359, 25
359, 26
359, 27
359, 28
359, 29
359, 30
359, 31
359, 32
359, 33
359, 34
359, 35
359, 36
359, 37
359, 38
359, 39
359, 40
359, 41
359, 42
359, 43
359, 44
359, 45
359, 46
359, 47
359, 48
359, 49
359, 50
359, 51
359, 52
359, 53
359, 54
359, 55
359, 56
359, 57
359, 58
359, 59
359, 60
359, 61
359, 62
359, 63
359, 64
359, 65
359, 66
359, 67
359, 68
359, 69
359, 70
359, 71
359, 72
359, 73
359, 74
359, 75
359, 76
359, 77
359, 78
359, 79
359, 80
359, 81
359, 82
359, 83
359, 84
359, 85
359, 86
359, 87
359, 88
359, 89
359, 90
359, 91
359, 92
359, 93
359, 94
359, 95
359, 96
359, 97
359, 98
359, 99
359, 100
359, 101
359, 102
359, 103
359, 104
359, 105
359, 106
359, 107
359, 108
359, 109
359, 110
359, 111
359, 112
359, 113
359, 114
359, 115
359, 116
359, 117
359, 118
360, 15
360, 16
360, 17
360, 18
360, 19
360, 20
360, 21
360, 22
360, 23
360, 24
360, 25
360, 26
360, 27
360, 28
360, 29
360, 30
360, 31
360, 32
360, 33
360, 34
360, 35
360, 36
360, 37
360, 38
360, 39
360, 40
360, 41
360, 42
360, 43
360, 44
360, 45
360, 46
360, 47
360, 48
360, 49
360, 50
360, 51
360, 52
360, 53
360, 54
360, 55
360, 56
360, 57
360, 58
360, 59
360, 60
360, 61
360, 62
360, 63
360, 64
360, 65
360, 66
360, 67
360, 68
360, 69
360, 70
360, 71
360, 72
360, 73
360, 74
360, 75
360, 76
360, 77
360, 78
360, 79
360, 80
360, 81
360, 82
360, 83
360, 84
360, 85
360, 86
360, 87
360, 88
360, 89
360, 90
360, 91
360, 92
360, 93
360, 94
360, 95
360, 96
360, 97
360, 98
360, 99
360, 100
360, 101
360, 102
360, 103
360, 104
360, 105
360, 106
360, 107
360, 108
360, 109
360, 110
360, 111
360, 112
360, 113
360, 114
360, 115
360, 116
360, 117
361, 15
361, 16
361, 17
361, 18
361, 19
361, 20
361, 21
361, 22
361, 23
361, 24
361, 25
361, 26
361, 27
361, 28
361, 29
361, 30
361, 31
361, 32
361, 33
361, 34
361, 35
361, 36
361, 37
361, 38
361, 39
361, 40
361, 41
361, 42
361, 43
361, 44
361, 45
361, 46
361, 47
361, 48
361, 49
361, 50
361, 51
361, 52
361, 53
361, 54
361, 55
361, 56
361, 57
361, 58
361, 59
361, 60
361, 61
361, 62
361, 63
361, 64
361, 65
361, 66
361, 67
361, 68
361, 69
361, 70
361, 71
361, 72
361, 73
361, 74
361, 75
361, 76
361, 77
361, 78
361, 79
361, 80
361, 81
361, 82
361, 83
361, 84
361, 85
361, 86
361, 87
361, 88
361, 89
361, 90
361, 91
361, 92
361, 93
361, 94
361, 95
361, 96
361, 97
361, 98
361, 99
361, 100
361, 101
361, 102
361, 103
361, 104
361, 105
361, 106
361, 107
361, 108
361, 109
361, 110
361, 111
361, 112
361, 113
361, 114
361, 115
361, 116
361, 117
362, 15
362, 16
362, 17
362, 18
362, 19
362, 20
362, 21
362, 22
362, 23
362, 24
362, 25
362, 26
362, 27
362, 28
362, 29
362, 30
362, 31
362, 32
362, 33
362, 34
362, 35
362, 36
362, 37
362, 38
362, 39
362, 40
362, 41
362, 42
362, 43
362, 44
362, 45
362, 46
362, 47
362, 48
362, 49
362, 50
362, 51
362, 52
362, 53
362, 54
362, 55
362, 56
362, 57
362, 58
362, 59
362, 60
362, 61
362, 62
362, 63
362, 64
362, 65
362, 66
362, 67
362, 68
362, 69
362, 70
362, 71
362, 72
362, 73
362, 74
362, 75
362, 76
362, 77
362, 78
362, 79
362, 80
362, 81
362, 82
362, 83
362, 84
362, 85
362, 86
362, 87
362, 88
362, 89
362, 90
362, 91
362, 92
362, 93
362, 94
362, 95
362, 96
362, 97
362, 98
362, 99
362, 100
362, 101
362, 102
362, 103
362, 104
362, 105
362, 106
362, 107
362, 108
362, 109
362, 110
362, 111
362, 112
362, 113
362, 114
362, 115
362, 116
362, 117
362, 118
363, 15
363, 16
363, 17
363, 18
363, 19
363, 20
363, 21
363, 22
363, 23
363, 24
363, 25
363, 26
363, 27
363, 28
363, 29
363, 30
363, 31
363, 32
363, 33
363, 34
363, 35
363, 36
363, 37
363, 38
363, 39
363, 40
363, 41
363, 42
363, 43
363, 44
363, 45
363, 46
363, 47
363, 48
363, 49
363, 50
363, 51
363, 52
363, 53
363, 54
363, 55
363, 56
363, 57
363, 58
363, 59
363, 60
363, 61
363, 62
363, 63
363, 64
363, 65
363, 66
363, 67
363, 68
363, 69
363, 70
363, 71
363, 72
363, 73
363, 74
363, 75
363, 76
363, 77
363, 78
363, 79
363, 80
363, 81
363, 82
363, 83
363, 84
363, 85
363, 86
363, 87
363, 88
363, 89
363, 90
363, 91
363, 92
363, 93
363, 94
363, 95
363, 96
363, 97
363, 98
363, 99
363, 100
363, 101
363, 102
363, 103
363, 104
363, 105
363, 106
363, 107
363, 108
363, 109
363, 110
363, 111
363, 112
363, 113
363, 114
363, 115
363, 116
363, 117
363, 118
364, 15
364, 16
364, 17
364, 18
364, 19
364, 20
364, 21
364, 22
364, 23
364, 24
364, 25
364, 26
364, 27
364, 28
364, 29
364, 30
364, 31
364, 32
364, 33
364, 34
364, 35
364, 36
364, 37
364, 38
364, 39
364, 40
364, 41
364, 42
364, 43
364, 44
364, 45
364, 46
364, 47
364, 48
364, 49
364, 50
364, 51
364, 52
364, 53
364, 54
364, 55
364, 56
364, 57
364, 58
364, 59
364, 60
364, 61
364, 62
364, 63
364, 64
364, 65
364, 66
364, 67
364, 68
364, 69
364, 70
364, 71
364, 72
364, 73
364, 74
364, 75
364, 76
364, 77
364, 78
364, 79
364, 80
364, 81
364, 82
364, 83
364, 84
364, 85
364, 86
364, 87
364, 88
364, 89
364, 90
364, 91
364, 92
364, 93
364, 94
364, 95
364, 96
364, 97
364, 98
364, 99
364, 100
364, 101
364, 102
364, 103
364, 104
364, 105
364, 106
364, 107
364, 108
364, 109
364, 110
364, 111
364, 112
364, 113
364, 114
364, 115
364, 116
364, 117
364, 118
365, 15
365, 16
365, 17
365, 18
365, 19
365, 20
365, 21
365, 22
365, 23
365, 24
365, 25
365, 26
365, 27
365, 28
365, 29
365, 30
365, 31
365, 32
365, 33
365, 34
365, 35
365, 36
365, 37
365, 38
365, 39
365, 40
365, 41
365, 42
365, 43
365, 44
365, 45
365, 46
365, 47
365, 48
365, 49
365, 50
365, 51
365, 52
365, 53
365, 54
365, 55
365, 56
365, 57
365, 58
365, 59
365, 60
365, 61
365, 62
365, 63
365, 64
365, 65
365, 66
365, 67
365, 68
365, 69
365, 70
365, 71
365, 72
365, 73
365, 74
365, 75
365, 76
365, 77
365, 78
365, 79
365, 80
365, 81
365, 82
365, 83
365, 84
365, 85
365, 86
365, 87
365, 88
365, 89
365, 90
365, 91
365, 92
365, 93
365, 94
365, 95
365, 96
365, 97
365, 98
365, 99
365, 100
365, 101
365, 102
365, 103
365, 104
365, 105
365, 106
365, 107
365, 108
365, 109
365, 110
365, 111
365, 112
365, 113
365, 114
365, 115
365, 116
365, 117
365, 118
366, 15
366, 16
366, 17
366, 18
366, 19
366, 20
366, 21
366, 22
366, 23
366, 24
366, 25
366, 26
366, 27
366, 28
366, 29
366, 30
366, 31
366, 32
366, 33
366, 34
366, 35
366, 36
366, 37
366, 38
366, 39
366, 40
366, 41
366, 42
366, 43
366, 44
366, 45
366, 46
366, 47
366, 48
366, 49
366, 50
366, 51
366, 52
366, 53
366, 54
366, 55
366, 56
366, 57
366, 58
366, 59
366, 60
366, 61
366, 62
366, 63
366, 64
366, 65
366, 66
366, 67
366, 68
366, 69
366, 70
366, 71
366, 72
366, 73
366, 74
366, 75
366, 76
366, 77
366, 78
366, 79
366, 80
366, 81
366, 82
366, 83
366, 84
366, 85
366, 86
366, 87
366, 88
366, 89
366, 90
366, 91
366, 92
366, 93
366, 94
366, 95
366, 96
366, 97
366, 98
366, 99
366, 100
366, 101
366, 102
366, 103
366, 104
366, 105
366, 106
366, 107
366, 108
366, 109
366, 110
366, 111
366, 112
366, 113
366, 114
366, 115
366, 116
366, 117
366, 118
367, 15
367, 16
367, 17
367, 18
367, 19
367, 20
367, 21
367, 22
367, 23
367, 24
367, 25
367, 26
367, 27
367, 28
367, 29
367, 30
367, 31
367, 32
367, 33
367, 34
367, 35
367, 36
367, 37
367, 38
367, 39
367, 40
367, 41
367, 42
367, 43
367, 44
367, 45
367, 46
367, 47
367, 48
367, 49
367, 50
367, 51
367, 52
367, 53
367, 54
367, 55
367, 56
367, 57
367, 58
367, 59
367, 60
367, 61
367, 62
367, 63
367, 64
367, 65
367, 66
367, 67
367, 68
367, 69
367, 70
367, 71
367, 72
367, 73
367, 74
367, 75
367, 76
367, 77
367, 78
367, 79
367, 80
367, 81
367, 82
367, 83
367, 84
367, 85
367, 86
367, 87
367, 88
367, 89
367, 90
367, 91
367, 92
367, 93
367, 94
367, 95
367, 96
367, 97
367, 98
367, 99
367, 100
367, 101
367, 102
367, 103
367, 104
367, 105
367, 106
367, 107
367, 108
367, 109
367, 110
367, 111
367, 112
367, 113
367, 114
367, 115
367, 116
367, 117
367, 118
368, 15
368, 16
368, 17
368, 18
368, 19
368, 20
368, 21
368, 22
368, 23
368, 24
368, 25
368, 26
368, 27
368, 28
368, 29
368, 30
368, 31
368, 32
368, 33
368, 34
368, 35
368, 36
368, 37
368, 38
368, 39
368, 40
368, 41
368, 42
368, 43
368, 44
368, 45
368, 46
368, 47
368, 48
368, 49
368, 50
368, 51
368, 52
368, 53
368, 54
368, 55
368, 56
368, 57
368, 58
368, 59
368, 60
368, 61
368, 62
368, 63
368, 64
368, 65
368, 66
368, 67
368, 68
368, 69
368, 70
368, 71
368, 72
368, 73
368, 74
368, 75
368, 76
368, 77
368, 78
368, 79
368, 80
368, 81
368, 82
368, 83
368, 84
368, 85
368, 86
368, 87
368, 88
368, 89
368, 90
368, 91
368, 92
368, 93
368, 94
368, 95
368, 96
368, 97
368, 98
368, 99
368, 100
368, 101
368, 102
368, 103
368, 104
368, 105
368, 106
368, 107
368, 108
368, 109
368, 110
368, 111
368, 112
368, 113
368, 114
368, 115
368, 116
368, 117
368, 118
369, 15
369, 16
369, 17
369, 18
369, 19
369, 20
369, 21
369, 22
369, 23
369, 24
369, 25
369, 26
369, 27
369, 28
369, 29
369, 30
369, 31
369, 32
369, 33
369, 34
369, 35
369, 36
369, 37
369, 38
369, 39
369, 40
369, 41
369, 42
369, 43
369, 44
369, 45
369, 46
369, 47
369, 48
369, 49
369, 50
369, 51
369, 52
369, 53
369, 54
369, 55
369, 56
369, 57
369, 58
369, 59
369, 60
369, 61
369, 62
369, 63
369, 64
369, 65
369, 66
369, 67
369, 68
369, 69
369, 70
369, 71
369, 72
369, 73
369, 74
369, 75
369, 76
369, 77
369, 78
369, 79
369, 80
369, 81
369, 82
369, 83
369, 84
369, 85
369, 86
369, 87
369, 88
369, 89
369, 90
369, 91
369, 92
369, 93
369, 94
369, 95
369, 96
369, 97
369, 98
369, 99
369, 100
369, 101
369, 102
369, 103
369, 104
369, 105
369, 106
369, 107
369, 108
369, 109
369, 110
369, 111
369, 112
369, 113
369, 114
369, 115
369, 116
369, 117
370, 15
370, 16
370, 17
370, 18
370, 19
370, 20
370, 21
370, 22
370, 23
370, 24
370, 25
370, 26
370, 27
370, 28
370, 29
370, 30
370, 31
370, 32
370, 33
370, 34
370, 35
370, 36
370, 37
370, 38
370, 39
370, 40
370, 41
370, 42
370, 43
370, 44
370, 45
370, 46
370, 47
370, 48
370, 49
370, 50
370, 51
370, 52
370, 53
370, 54
370, 55
370, 56
370, 57
370, 58
370, 59
370, 60
370, 61
370, 62
370, 63
370, 64
370, 65
370, 66
370, 67
370, 68
370, 69
370, 70
370, 71
370, 72
370, 73
370, 74
370, 75
370, 76
370, 77
370, 78
370, 79
370, 80
370, 81
370, 82
370, 83
370, 84
370, 85
370, 86
370, 87
370, 88
370, 89
370, 90
370, 91
370, 92
370, 93
370, 94
370, 95
370, 96
370, 97
370, 98
370, 99
370, 100
370, 101
370, 102
370, 103
370, 104
370, 105
370, 106
370, 107
370, 108
370, 109
370, 110
370, 111
370, 112
370, 113
370, 114
370, 115
370, 116
370, 117
371, 15
371, 16
371, 17
371, 18
371, 19
371, 20
371, 21
371, 22
371, 23
371, 24
371, 25
371, 26
371, 27
371, 28
371, 29
371, 30
371, 31
371, 32
371, 33
371, 34
371, 35
371, 36
371, 37
371, 38
371, 39
371, 40
371, 41
371, 42
371, 43
371, 44
371, 45
371, 46
371, 47
371, 48
371, 49
371, 50
371, 51
371, 52
371, 53
371, 54
371, 55
371, 56
371, 57
371, 58
371, 59
371, 60
371, 61
371, 62
371, 63
371, 64
371, 65
371, 66
371, 67
371, 68
371, 69
371, 70
371, 71
371, 72
371, 73
371, 74
371, 75
371, 76
371, 77
371, 78
371, 79
371, 80
371, 81
371, 82
371, 83
371, 84
371, 85
371, 86
371, 87
371, 88
371, 89
371, 90
371, 91
371, 92
371, 93
371, 94
371, 95
371, 96
371, 97
371, 98
371, 99
371, 100
371, 101
371, 102
371, 103
371, 104
371, 105
371, 106
371, 107
371, 108
371, 109
371, 110
371, 111
371, 112
371, 113
371, 114
371, 115
371, 116
371, 117
372, 15
372, 16
372, 17
372, 18
372, 19
372, 20
372, 21
372, 22
372, 23
372, 24
372, 25
372, 26
372, 27
372, 28
372, 29
372, 30
372, 31
372, 32
372, 33
372, 34
372, 35
372, 36
372, 37
372, 38
372, 39
372, 40
372, 41
372, 42
372, 43
372, 44
372, 45
372, 46
372, 47
372, 48
372, 49
372, 50
372, 51
372, 52
372, 53
372, 54
372, 55
372, 56
372, 57
372, 58
372, 59
372, 60
372, 61
372, 62
372, 63
372, 64
372, 65
372, 66
372, 67
372, 68
372, 69
372, 70
372, 71
372, 72
372, 73
372, 74
372, 75
372, 76
372, 77
372, 78
372, 79
372, 80
372, 81
372, 82
372, 83
372, 84
372, 85
372, 86
372, 87
372, 88
372, 89
372, 90
372, 91
372, 92
372, 93
372, 94
372, 95
372, 96
372, 97
372, 98
372, 99
372, 100
372, 101
372, 102
372, 103
372, 104
372, 105
372, 106
372, 107
372, 108
372, 109
372, 110
372, 111
372, 112
372, 113
372, 114
372, 115
372, 116
372, 117
373, 15
373, 16
373, 17
373, 18
373, 19
373, 20
373, 21
373, 22
373, 23
373, 24
373, 25
373, 26
373, 27
373, 28
373, 29
373, 30
373, 31
373, 32
373, 33
373, 34
373, 35
373, 36
373, 37
373, 38
373, 39
373, 40
373, 41
373, 42
373, 43
373, 44
373, 45
373, 46
373, 47
373, 48
373, 49
373, 50
373, 51
373, 52
373, 53
373, 54
373, 55
373, 56
373, 57
373, 58
373, 59
373, 60
373, 61
373, 62
373, 63
373, 64
373, 65
373, 66
373, 67
373, 68
373, 69
373, 70
373, 71
373, 72
373, 73
373, 74
373, 75
373, 76
373, 77
373, 78
373, 79
373, 80
373, 81
373, 82
373, 83
373, 84
373, 85
373, 86
373, 87
373, 88
373, 89
373, 90
373, 91
373, 92
373, 93
373, 94
373, 95
373, 96
373, 97
373, 98
373, 99
373, 100
373, 101
373, 102
373, 103
373, 104
373, 105
373, 106
373, 107
373, 108
373, 109
373, 110
373, 111
373, 112
373, 113
373, 114
373, 115
373, 116
373, 117
374, 15
374, 16
374, 17
374, 18
374, 19
374, 20
374, 21
374, 22
374, 23
374, 24
374, 25
374, 26
374, 27
374, 28
374, 29
374, 30
374, 31
374, 32
374, 33
374, 34
374, 35
374, 36
374, 37
374, 38
374, 39
374, 40
374, 41
374, 42
374, 43
374, 44
374, 45
374, 46
374, 47
374, 48
374, 49
374, 50
374, 51
374, 52
374, 53
374, 54
374, 55
374, 56
374, 57
374, 58
374, 59
374, 60
374, 61
374, 62
374, 63
374, 64
374, 65
374, 66
374, 67
374, 68
374, 69
374, 70
374, 71
374, 72
374, 73
374, 74
374, 75
374, 76
374, 77
374, 78
374, 79
374, 80
374, 81
374, 82
374, 83
374, 84
374, 85
374, 86
374, 87
374, 88
374, 89
374, 90
374, 91
374, 92
374, 93
374, 94
374, 95
374, 96
374, 97
374, 98
374, 99
374, 100
374, 101
374, 102
374, 103
374, 104
374, 105
374, 106
374, 107
374, 108
374, 109
374, 110
374, 111
374, 112
374, 113
374, 114
374, 115
374, 116
374, 117
375, 15
375, 16
375, 17
375, 18
375, 19
375, 20
375, 21
375, 22
375, 23
375, 24
375, 25
375, 26
375, 27
375, 28
375, 29
375, 30
375, 31
375, 32
375, 33
375, 34
375, 35
375, 36
375, 37
375, 38
375, 39
375, 40
375, 41
375, 42
375, 43
375, 44
375, 45
375, 46
375, 47
375, 48
375, 49
375, 50
375, 51
375, 52
375, 53
375, 54
375, 55
375, 56
375, 57
375, 58
375, 59
375, 60
375, 61
375, 62
375, 63
375, 64
375, 65
375, 66
375, 67
375, 68
375, 69
375, 70
375, 71
375, 72
375, 73
375, 74
375, 75
375, 76
375, 77
375, 78
375, 79
375, 80
375, 81
375, 82
375, 83
375, 84
375, 85
375, 86
375, 87
375, 88
375, 89
375, 90
375, 91
375, 92
375, 93
375, 94
375, 95
375, 96
375, 97
375, 98
375, 99
375, 100
375, 101
375, 102
375, 103
375, 104
375, 105
375, 106
375, 107
375, 108
375, 109
375, 110
375, 111
375, 112
375, 113
375, 114
375, 115
375, 116
375, 117
376, 15
376, 16
376, 17
376, 18
376, 19
376, 20
376, 21
376, 22
376, 23
376, 24
376, 25
376, 26
376, 27
376, 28
376, 29
376, 30
376, 31
376, 32
376, 33
376, 34
376, 35
376, 36
376, 37
376, 38
376, 39
376, 40
376, 41
376, 42
376, 43
376, 44
376, 45
376, 46
376, 47
376, 48
376, 49
376, 50
376, 51
376, 52
376, 53
376, 54
376, 55
376, 56
376, 57
376, 58
376, 59
376, 60
376, 61
376, 62
376, 63
376, 64
376, 65
376, 66
376, 67
376, 68
376, 69
376, 70
376, 71
376, 72
376, 73
376, 74
376, 75
376, 76
376, 77
376, 78
376, 79
376, 80
376, 81
376, 82
376, 83
376, 84
376, 85
376, 86
376, 87
376, 88
376, 89
376, 90
376, 91
376, 92
376, 93
376, 94
376, 95
376, 96
376, 97
376, 98
376, 99
376, 100
376, 101
376, 102
376, 103
376, 104
376, 105
376, 106
376, 107
376, 108
376, 109
376, 110
376, 111
376, 112
376, 113
376, 114
376, 115
376, 116
376, 117
377, 15
377, 16
377, 17
377, 18
377, 19
377, 20
377, 21
377, 22
377, 23
377, 24
377, 25
377, 26
377, 27
377, 28
377, 29
377, 30
377, 31
377, 32
377, 33
377, 34
377, 35
377, 36
377, 37
377, 38
377, 39
377, 40
377, 41
377, 42
377, 43
377, 44
377, 45
377, 46
377, 47
377, 48
377, 49
377, 50
377, 51
377, 52
377, 53
377, 54
377, 55
377, 56
377, 57
377, 58
377, 59
377, 60
377, 61
377, 62
377, 63
377, 64
377, 65
377, 66
377, 67
377, 68
377, 69
377, 70
377, 71
377, 72
377, 73
377, 74
377, 75
377, 76
377, 77
377, 78
377, 79
377, 80
377, 81
377, 82
377, 83
377, 84
377, 85
377, 86
377, 87
377, 88
377, 89
377, 90
377, 91
377, 92
377, 93
377, 94
377, 95
377, 96
377, 97
377, 98
377, 99
377, 100
377, 101
377, 102
377, 103
377, 104
377, 105
377, 106
377, 107
377, 108
377, 109
377, 110
377, 111
377, 112
377, 113
377, 114
377, 115
377, 116
377, 117
378, 15
378, 16
378, 17
378, 18
378, 19
378, 20
378, 21
378, 22
378, 23
378, 24
378, 25
378, 26
378, 27
378, 28
378, 29
378, 30
378, 31
378, 32
378, 33
378, 34
378, 35
378, 36
378, 37
378, 38
378, 39
378, 40
378, 41
378, 42
378, 43
378, 44
378, 45
378, 46
378, 47
378, 48
378, 49
378, 50
378, 51
378, 52
378, 53
378, 54
378, 55
378, 56
378, 57
378, 58
378, 59
378, 60
378, 61
378, 62
378, 63
378, 64
378, 65
378, 66
378, 67
378, 68
378, 69
378, 70
378, 71
378, 72
378, 73
378, 74
378, 75
378, 76
378, 77
378, 78
378, 79
378, 80
378, 81
378, 82
378, 83
378, 84
378, 85
378, 86
378, 87
378, 88
378, 89
378, 90
378, 91
378, 92
378, 93
378, 94
378, 95
378, 96
378, 97
378, 98
378, 99
378, 100
378, 101
378, 102
378, 103
378, 104
378, 105
378, 106
378, 107
378, 108
378, 109
378, 110
378, 111
378, 112
378, 113
378, 114
378, 115
378, 116
378, 117
379, 15
379, 16
379, 17
379, 18
379, 19
379, 20
379, 21
379, 22
379, 23
379, 24
379, 25
379, 26
379, 27
379, 28
379, 29
379, 30
379, 31
379, 32
379, 33
379, 34
379, 35
379, 36
379, 37
379, 38
379, 39
379, 40
379, 41
379, 42
379, 43
379, 44
379, 45
379, 46
379, 47
379, 48
379, 49
379, 50
379, 51
379, 52
379, 53
379, 54
379, 55
379, 56
379, 57
379, 58
379, 59
379, 60
379, 61
379, 62
379, 63
379, 64
379, 65
379, 66
379, 67
379, 68
379, 69
379, 70
379, 71
379, 72
379, 73
379, 74
379, 75
379, 76
379, 77
379, 78
379, 79
379, 80
379, 81
379, 82
379, 83
379, 84
379, 85
379, 86
379, 87
379, 88
379, 89
379, 90
379, 91
379, 92
379, 93
379, 94
379, 95
379, 96
379, 97
379, 98
379, 99
379, 100
379, 101
379, 102
379, 103
379, 104
379, 105
379, 106
379, 107
379, 108
379, 109
379, 110
379, 111
379, 112
379, 113
379, 114
379, 115
379, 116
379, 117
380, 15
380, 16
380, 17
380, 18
380, 19
380, 20
380, 21
380, 22
380, 23
380, 24
380, 25
380, 26
380, 27
380, 28
380, 29
380, 30
380, 31
380, 32
380, 33
380, 34
380, 35
380, 36
380, 37
380, 38
380, 39
380, 40
380, 41
380, 42
380, 43
380, 44
380, 45
380, 46
380, 47
380, 48
380, 49
380, 50
380, 51
380, 52
380, 53
380, 54
380, 55
380, 56
380, 57
380, 58
380, 59
380, 60
380, 61
380, 62
380, 63
380, 64
380, 65
380, 66
380, 67
380, 68
380, 69
380, 70
380, 71
380, 72
380, 73
380, 74
380, 75
380, 76
380, 77
380, 78
380, 79
380, 80
380, 81
380, 82
380, 83
380, 84
380, 85
380, 86
380, 87
380, 88
380, 89
380, 90
380, 91
380, 92
380, 93
380, 94
380, 95
380, 96
380, 97
380, 98
380, 99
380, 100
380, 101
380, 102
380, 103
380, 104
380, 105
380, 106
380, 107
380, 108
380, 109
380, 110
380, 111
380, 112
380, 113
380, 114
380, 115
380, 116
380, 117
381, 15
381, 16
381, 17
381, 18
381, 19
381, 20
381, 21
381, 22
381, 23
381, 24
381, 25
381, 26
381, 27
381, 28
381, 29
381, 30
381, 31
381, 32
381, 33
381, 34
381, 35
381, 36
381, 37
381, 38
381, 39
381, 40
381, 41
381, 42
381, 43
381, 44
381, 45
381, 46
381, 47
381, 48
381, 49
381, 50
381, 51
381, 52
381, 53
381, 54
381, 55
381, 56
381, 57
381, 58
381, 59
381, 60
381, 61
381, 62
381, 63
381, 64
381, 65
381, 66
381, 67
381, 68
381, 69
381, 70
381, 71
381, 72
381, 73
381, 74
381, 75
381, 76
381, 77
381, 78
381, 79
381, 80
381, 81
381, 82
381, 83
381, 84
381, 85
381, 86
381, 87
381, 88
381, 89
381, 90
381, 91
381, 92
381, 93
381, 94
381, 95
381, 96
381, 97
381, 98
381, 99
381, 100
381, 101
381, 102
381, 103
381, 104
381, 105
381, 106
381, 107
381, 108
381, 109
381, 110
381, 111
381, 112
381, 113
381, 114
381, 115
381, 116
381, 117
382, 15
382, 16
382, 17
382, 18
382, 19
382, 20
382, 21
382, 22
382, 23
382, 24
382, 25
382, 26
382, 27
382, 28
382, 29
382, 30
382, 31
382, 32
382, 33
382, 34
382, 35
382, 36
382, 37
382, 38
382, 39
382, 40
382, 41
382, 42
382, 43
382, 44
382, 45
382, 46
382, 47
382, 48
382, 49
382, 50
382, 51
382, 52
382, 53
382, 54
382, 55
382, 56
382, 57
382, 58
382, 59
382, 60
382, 61
382, 62
382, 63
382, 64
382, 65
382, 66
382, 67
382, 68
382, 69
382, 70
382, 71
382, 72
382, 73
382, 74
382, 75
382, 76
382, 77
382, 78
382, 79
382, 80
382, 81
382, 82
382, 83
382, 84
382, 85
382, 86
382, 87
382, 88
382, 89
382, 90
382, 91
382, 92
382, 93
382, 94
382, 95
382, 96
382, 97
382, 98
382, 99
382, 100
382, 101
382, 102
382, 103
382, 104
382, 105
382, 106
382, 107
382, 108
382, 109
382, 110
382, 111
382, 112
382, 113
382, 114
382, 115
382, 116
382, 117
383, 15
383, 16
383, 17
383, 18
383, 19
383, 20
383, 21
383, 22
383, 23
383, 24
383, 25
383, 26
383, 27
383, 28
383, 29
383, 30
383, 31
383, 32
383, 33
383, 34
383, 35
383, 36
383, 37
383, 38
383, 39
383, 40
383, 41
383, 42
383, 43
383, 44
383, 45
383, 46
383, 47
383, 48
383, 49
383, 50
383, 51
383, 52
383, 53
383, 54
383, 55
383, 56
383, 57
383, 58
383, 59
383, 60
383, 61
383, 62
383, 63
383, 64
383, 65
383, 66
383, 67
383, 68
383, 69
383, 70
383, 71
383, 72
383, 73
383, 74
383, 75
383, 76
383, 77
383, 78
383, 79
383, 80
383, 81
383, 82
383, 83
383, 84
383, 85
383, 86
383, 87
383, 88
383, 89
383, 90
383, 91
383, 92
383, 93
383, 94
383, 95
383, 96
383, 97
383, 98
383, 99
383, 100
383, 101
383, 102
383, 103
383, 104
383, 105
383, 106
383, 107
383, 108
383, 109
383, 110
383, 111
383, 112
383, 113
383, 114
383, 115
383, 116
383, 117
384, 15
384, 16
384, 17
384, 18
384, 19
384, 20
384, 21
384, 22
384, 23
384, 24
384, 25
384, 26
384, 27
384, 28
384, 29
384, 30
384, 31
384, 32
384, 33
384, 34
384, 35
384, 36
384, 37
384, 38
384, 39
384, 40
384, 41
384, 42
384, 43
384, 44
384, 45
384, 46
384, 47
384, 48
384, 49
384, 50
384, 51
384, 52
384, 53
384, 54
384, 55
384, 56
384, 57
384, 58
384, 59
384, 60
384, 61
384, 62
384, 63
384, 64
384, 65
384, 66
384, 67
384, 68
384, 69
384, 70
384, 71
384, 72
384, 73
384, 74
384, 75
384, 76
384, 77
384, 78
384, 79
384, 80
384, 81
384, 82
384, 83
384, 84
384, 85
384, 86
384, 87
384, 88
384, 89
384, 90
384, 91
384, 92
384, 93
384, 94
384, 95
384, 96
384, 97
384, 98
384, 99
384, 100
384, 101
384, 102
384, 103
384, 104
384, 105
384, 106
384, 107
384, 108
384, 109
384, 110
384, 111
384, 112
384, 113
384, 114
384, 115
384, 116
384, 117
385, 15
385, 16
385, 17
385, 18
385, 19
385, 20
385, 21
385, 22
385, 23
385, 24
385, 25
385, 26
385, 27
385, 28
385, 29
385, 30
385, 31
385, 32
385, 33
385, 34
385, 35
385, 36
385, 37
385, 38
385, 39
385, 40
385, 41
385, 42
385, 43
385, 44
385, 45
385, 46
385, 47
385, 48
385, 49
385, 50
385, 51
385, 52
385, 53
385, 54
385, 55
385, 56
385, 57
385, 58
385, 59
385, 60
385, 61
385, 62
385, 63
385, 64
385, 65
385, 66
385, 67
385, 68
385, 69
385, 70
385, 71
385, 72
385, 73
385, 74
385, 75
385, 76
385, 77
385, 78
385, 79
385, 80
385, 81
385, 82
385, 83
385, 84
385, 85
385, 86
385, 87
385, 88
385, 89
385, 90
385, 91
385, 92
385, 93
385, 94
385, 95
385, 96
385, 97
385, 98
385, 99
385, 100
385, 101
385, 102
385, 103
385, 104
385, 105
385, 106
385, 107
385, 108
385, 109
385, 110
385, 111
385, 112
385, 113
385, 114
385, 115
385, 116
385, 117
386, 15
386, 16
386, 17
386, 18
386, 19
386, 20
386, 21
386, 22
386, 23
386, 24
386, 25
386, 26
386, 27
386, 28
386, 29
386, 30
386, 31
386, 32
386, 33
386, 34
386, 35
386, 36
386, 37
386, 38
386, 39
386, 40
386, 41
386, 42
386, 43
386, 44
386, 45
386, 46
386, 47
386, 48
386, 49
386, 50
386, 51
386, 52
386, 53
386, 54
386, 55
386, 56
386, 57
386, 58
386, 59
386, 60
386, 61
386, 62
386, 63
386, 64
386, 65
386, 66
386, 67
386, 68
386, 69
386, 70
386, 71
386, 72
386, 73
386, 74
386, 75
386, 76
386, 77
386, 78
386, 79
386, 80
386, 81
386, 82
386, 83
386, 84
386, 85
386, 86
386, 87
386, 88
386, 89
386, 90
386, 91
386, 92
386, 93
386, 94
386, 95
386, 96
386, 97
386, 98
386, 99
386, 100
386, 101
386, 102
386, 103
386, 104
386, 105
386, 106
386, 107
386, 108
386, 109
386, 110
386, 111
386, 112
386, 113
386, 114
386, 115
386, 116
386, 117
387, 15
387, 16
387, 17
387, 18
387, 19
387, 20
387, 21
387, 22
387, 23
387, 24
387, 25
387, 26
387, 27
387, 28
387, 29
387, 30
387, 31
387, 32
387, 33
387, 34
387, 35
387, 36
387, 37
387, 38
387, 39
387, 40
387, 41
387, 42
387, 43
387, 44
387, 45
387, 46
387, 47
387, 48
387, 49
387, 50
387, 51
387, 52
387, 53
387, 54
387, 55
387, 56
387, 57
387, 58
387, 59
387, 60
387, 61
387, 62
387, 63
387, 64
387, 65
387, 66
387, 67
387, 68
387, 69
387, 70
387, 71
387, 72
387, 73
387, 74
387, 75
387, 76
387, 77
387, 78
387, 79
387, 80
387, 81
387, 82
387, 83
387, 84
387, 85
387, 86
387, 87
387, 88
387, 89
387, 90
387, 91
387, 92
387, 93
387, 94
387, 95
387, 96
387, 97
387, 98
387, 99
387, 100
387, 101
387, 102
387, 103
387, 104
387, 105
387, 106
387, 107
387, 108
387, 109
387, 110
387, 111
387, 112
387, 113
387, 114
387, 115
387, 116
387, 117
388, 15
388, 16
388, 17
388, 18
388, 19
388, 20
388, 21
388, 22
388, 23
388, 24
388, 25
388, 26
388, 27
388, 28
388, 29
388, 30
388, 31
388, 32
388, 33
388, 34
388, 35
388, 36
388, 37
388, 38
388, 39
388, 40
388, 41
388, 42
388, 43
388, 44
388, 45
388, 46
388, 47
388, 48
388, 49
388, 50
388, 51
388, 52
388, 53
388, 54
388, 55
388, 56
388, 57
388, 58
388, 59
388, 60
388, 61
388, 62
388, 63
388, 64
388, 65
388, 66
388, 67
388, 68
388, 69
388, 70
388, 71
388, 72
388, 73
388, 74
388, 75
388, 76
388, 77
388, 78
388, 79
388, 80
388, 81
388, 82
388, 83
388, 84
388, 85
388, 86
388, 87
388, 88
388, 89
388, 90
388, 91
388, 92
388, 93
388, 94
388, 95
388, 96
388, 97
388, 98
388, 99
388, 100
388, 101
388, 102
388, 103
388, 104
388, 105
388, 106
388, 107
388, 108
388, 109
388, 110
388, 111
388, 112
388, 113
388, 114
388, 115
388, 116
388, 117
388, 118
389, 15
389, 16
389, 17
389, 18
389, 19
389, 20
389, 21
389, 22
389, 23
389, 24
389, 25
389, 26
389, 27
389, 28
389, 29
389, 30
389, 31
389, 32
389, 33
389, 34
389, 35
389, 36
389, 37
389, 38
389, 39
389, 40
389, 41
389, 42
389, 43
389, 44
389, 45
389, 46
389, 47
389, 48
389, 49
389, 50
389, 51
389, 52
389, 53
389, 54
389, 55
389, 56
389, 57
389, 58
389, 59
389, 60
389, 61
389, 62
389, 63
389, 64
389, 65
389, 66
389, 67
389, 68
389, 69
389, 70
389, 71
389, 72
389, 73
389, 74
389, 75
389, 76
389, 77
389, 78
389, 79
389, 80
389, 81
389, 82
389, 83
389, 84
389, 85
389, 86
389, 87
389, 88
389, 89
389, 90
389, 91
389, 92
389, 93
389, 94
389, 95
389, 96
389, 97
389, 98
389, 99
389, 100
389, 101
389, 102
389, 103
389, 104
389, 105
389, 106
389, 107
389, 108
389, 109
389, 110
389, 111
389, 112
389, 113
389, 114
389, 115
389, 116
389, 117
389, 118
390, 15
390, 16
390, 17
390, 18
390, 19
390, 20
390, 21
390, 22
390, 23
390, 24
390, 25
390, 26
390, 27
390, 28
390, 29
390, 30
390, 31
390, 32
390, 33
390, 34
390, 35
390, 36
390, 37
390, 38
390, 39
390, 40
390, 41
390, 42
390, 43
390, 44
390, 45
390, 46
390, 47
390, 48
390, 49
390, 50
390, 51
390, 52
390, 53
390, 54
390, 55
390, 56
390, 57
390, 58
390, 59
390, 60
390, 61
390, 62
390, 63
390, 64
390, 65
390, 66
390, 67
390, 68
390, 69
390, 70
390, 71
390, 72
390, 73
390, 74
390, 75
390, 76
390, 77
390, 78
390, 79
390, 80
390, 81
390, 82
390, 83
390, 84
390, 85
390, 86
390, 87
390, 88
390, 89
390, 90
390, 91
390, 92
390, 93
390, 94
390, 95
390, 96
390, 97
390, 98
390, 99
390, 100
390, 101
390, 102
390, 103
390, 104
390, 105
390, 106
390, 107
390, 108
390, 109
390, 110
390, 111
390, 112
390, 113
390, 114
390, 115
390, 116
390, 117
390, 118
391, 15
391, 16
391, 17
391, 18
391, 19
391, 20
391, 21
391, 22
391, 23
391, 24
391, 25
391, 26
391, 27
391, 28
391, 29
391, 30
391, 31
391, 32
391, 33
391, 34
391, 35
391, 36
391, 37
391, 38
391, 39
391, 40
391, 41
391, 42
391, 43
391, 44
391, 45
391, 46
391, 47
391, 48
391, 49
391, 50
391, 51
391, 52
391, 53
391, 54
391, 55
391, 56
391, 57
391, 58
391, 59
391, 60
391, 61
391, 62
391, 63
391, 64
391, 65
391, 66
391, 67
391, 68
391, 69
391, 70
391, 71
391, 72
391, 73
391, 74
391, 75
391, 76
391, 77
391, 78
391, 79
391, 80
391, 81
391, 82
391, 83
391, 84
391, 85
391, 86
391, 87
391, 88
391, 89
391, 90
391, 91
391, 92
391, 93
391, 94
391, 95
391, 96
391, 97
391, 98
391, 99
391, 100
391, 101
391, 102
391, 103
391, 104
391, 105
391, 106
391, 107
391, 108
391, 109
391, 110
391, 111
391, 112
391, 113
391, 114
391, 115
391, 116
391, 117
391, 118
392, 15
392, 16
392, 17
392, 18
392, 19
392, 20
392, 21
392, 22
392, 23
392, 24
392, 25
392, 26
392, 27
392, 28
392, 29
392, 30
392, 31
392, 32
392, 33
392, 34
392, 35
392, 36
392, 37
392, 38
392, 39
392, 40
392, 41
392, 42
392, 43
392, 44
392, 45
392, 46
392, 47
392, 48
392, 49
392, 50
392, 51
392, 52
392, 53
392, 54
392, 55
392, 56
392, 57
392, 58
392, 59
392, 60
392, 61
392, 62
392, 63
392, 64
392, 65
392, 66
392, 67
392, 68
392, 69
392, 70
392, 71
392, 72
392, 73
392, 74
392, 75
392, 76
392, 77
392, 78
392, 79
392, 80
392, 81
392, 82
392, 83
392, 84
392, 85
392, 86
392, 87
392, 88
392, 89
392, 90
392, 91
392, 92
392, 93
392, 94
392, 95
392, 96
392, 97
392, 98
392, 99
392, 100
392, 101
392, 102
392, 103
392, 104
392, 105
392, 106
392, 107
392, 108
392, 109
392, 110
392, 111
392, 112
392, 113
392, 114
392, 115
392, 116
392, 117
392, 118
393, 15
393, 16
393, 17
393, 18
393, 19
393, 20
393, 21
393, 22
393, 23
393, 24
393, 25
393, 26
393, 27
393, 28
393, 29
393, 30
393, 31
393, 32
393, 33
393, 34
393, 35
393, 36
393, 37
393, 38
393, 39
393, 40
393, 41
393, 42
393, 43
393, 44
393, 45
393, 46
393, 47
393, 48
393, 49
393, 50
393, 51
393, 52
393, 53
393, 54
393, 55
393, 56
393, 57
393, 58
393, 59
393, 60
393, 61
393, 62
393, 63
393, 64
393, 65
393, 66
393, 67
393, 68
393, 69
393, 70
393, 71
393, 74
393, 75
393, 76
393, 77
393, 78
393, 79
393, 80
393, 81
393, 82
393, 83
393, 84
393, 85
393, 86
393, 87
393, 88
393, 89
393, 90
393, 91
393, 92
393, 93
393, 94
393, 95
393, 96
393, 97
393, 98
393, 99
393, 100
393, 101
393, 102
393, 103
393, 104
393, 105
393, 106
393, 107
393, 108
393, 109
393, 110
393, 111
393, 112
393, 113
393, 114
393, 115
393, 116
393, 117
393, 118
394, 15
394, 16
394, 17
394, 18
394, 19
394, 20
394, 21
394, 22
394, 23
394, 24
394, 25
394, 26
394, 27
394, 28
394, 29
394, 30
394, 31
394, 32
394, 33
394, 34
394, 35
394, 36
394, 37
394, 38
394, 39
394, 40
394, 41
394, 42
394, 43
394, 44
394, 45
394, 46
394, 47
394, 48
394, 49
394, 50
394, 51
394, 52
394, 53
394, 54
394, 55
394, 56
394, 57
394, 58
394, 59
394, 60
394, 61
394, 62
394, 63
394, 64
394, 65
394, 66
394, 67
394, 68
394, 69
394, 70
394, 76
394, 77
394, 78
394, 79
394, 80
394, 81
394, 82
394, 83
394, 84
394, 85
394, 86
394, 87
394, 88
394, 89
394, 90
394, 91
394, 92
394, 93
394, 94
394, 95
394, 96
394, 97
394, 98
394, 99
394, 100
394, 101
394, 102
394, 103
394, 104
394, 105
394, 106
394, 107
394, 108
394, 109
394, 110
394, 111
394, 112
394, 113
394, 114
394, 115
394, 116
394, 117
394, 118
395, 16
395, 17
395, 18
395, 19
395, 20
395, 21
395, 22
395, 23
395, 24
395, 25
395, 26
395, 27
395, 28
395, 29
395, 30
395, 31
395, 32
395, 33
395, 34
395, 35
395, 36
395, 37
395, 38
395, 39
395, 40
395, 41
395, 42
395, 43
395, 44
395, 45
395, 46
395, 47
395, 48
395, 49
395, 50
395, 51
395, 52
395, 53
395, 54
395, 55
395, 56
395, 57
395, 58
395, 59
395, 60
395, 61
395, 62
395, 63
395, 64
395, 65
395, 66
395, 67
395, 68
395, 69
395, 70
395, 78
395, 79
395, 80
395, 81
395, 82
395, 83
395, 84
395, 85
395, 86
395, 87
395, 88
395, 89
395, 90
395, 91
395, 92
395, 93
395, 94
395, 95
395, 96
395, 97
395, 98
395, 99
395, 100
395, 101
395, 102
395, 103
395, 104
395, 105
395, 106
395, 107
395, 108
395, 109
395, 110
395, 111
395, 112
395, 113
395, 114
395, 115
395, 116
395, 117
395, 118
396, 16
396, 17
396, 18
396, 19
396, 20
396, 21
396, 22
396, 23
396, 24
396, 25
396, 26
396, 27
396, 28
396, 29
396, 30
396, 31
396, 32
396, 33
396, 34
396, 35
396, 36
396, 37
396, 38
396, 39
396, 40
396, 41
396, 42
396, 43
396, 44
396, 45
396, 46
396, 47
396, 48
396, 49
396, 50
396, 51
396, 52
396, 53
396, 54
396, 55
396, 56
396, 58
396, 59
396, 60
396, 61
396, 62
396, 63
396, 64
396, 65
396, 66
396, 67
396, 68
396, 69
396, 80
396, 81
396, 82
396, 83
396, 84
396, 85
396, 86
396, 87
396, 88
396, 89
396, 90
396, 91
396, 92
396, 93
396, 94
396, 95
396, 96
396, 97
396, 98
396, 99
396, 100
396, 101
396, 102
396, 103
396, 104
396, 105
396, 106
396, 107
396, 108
396, 109
396, 110
396, 111
396, 112
396, 113
396, 114
396, 115
396, 116
396, 117
396, 118
397, 16
397, 17
397, 18
397, 19
397, 20
397, 21
397, 22
397, 23
397, 24
397, 25
397, 26
397, 27
397, 28
397, 29
397, 30
397, 31
397, 32
397, 33
397, 34
397, 35
397, 36
397, 37
397, 38
397, 39
397, 40
397, 41
397, 42
397, 43
397, 44
397, 45
397, 46
397, 47
397, 48
397, 49
397, 50
397, 51
397, 52
397, 67
397, 68
397, 69
397, 81
397, 82
397, 83
397, 84
397, 85
397, 86
397, 87
397, 88
397, 89
397, 90
397, 91
397, 92
397, 93
397, 94
397, 95
397, 96
397, 97
397, 98
397, 99
397, 100
397, 101
397, 102
397, 103
397, 104
397, 105
397, 106
397, 107
397, 108
397, 109
397, 110
397, 111
397, 112
397, 113
397, 114
397, 115
397, 116
397, 117
397, 118
398, 16
398, 17
398, 18
398, 19
398, 20
398, 21
398, 22
398, 23
398, 24
398, 25
398, 26
398, 27
398, 28
398, 29
398, 30
398, 31
398, 32
398, 33
398, 34
398, 35
398, 36
398, 37
398, 38
398, 39
398, 40
398, 41
398, 42
398, 43
398, 44
398, 45
398, 46
398, 47
398, 48
398, 49
398, 50
398, 81
398, 82
398, 83
398, 84
398, 85
398, 86
398, 87
398, 88
398, 89
398, 90
398, 91
398, 92
398, 93
398, 94
398, 95
398, 96
398, 97
398, 98
398, 99
398, 100
398, 101
398, 102
398, 103
398, 104
398, 105
398, 106
398, 107
398, 108
398, 109
398, 110
398, 111
398, 112
398, 113
398, 114
398, 115
398, 116
398, 117
398, 118
399, 16
399, 17
399, 18
399, 19
399, 20
399, 21
399, 22
399, 23
399, 24
399, 25
399, 26
399, 27
399, 28
399, 29
399, 30
399, 31
399, 32
399, 33
399, 34
399, 35
399, 36
399, 37
399, 38
399, 39
399, 40
399, 41
399, 42
399, 43
399, 44
399, 83
399, 84
399, 85
399, 86
399, 87
399, 88
399, 89
399, 90
399, 91
399, 92
399, 93
399, 94
399, 95
399, 96
399, 97
399, 98
399, 99
399, 100
399, 101
399, 102
399, 103
399, 104
399, 105
399, 106
399, 107
399, 108
399, 109
399, 110
399, 111
399, 112
399, 113
399, 114
399, 115
399, 116
399, 117
399, 118
400, 16
400, 17
400, 18
400, 19
400, 20
400, 21
400, 22
400, 23
400, 24
400, 25
400, 26
400, 27
400, 28
400, 29
400, 30
400, 31
400, 32
400, 33
400, 34
400, 35
400, 36
400, 37
400, 38
400, 41
400, 42
400, 85
400, 86
400, 87
400, 88
400, 89
400, 90
400, 91
400, 92
400, 93
400, 94
400, 95
400, 96
400, 97
400, 98
400, 99
400, 100
400, 101
400, 102
400, 103
400, 104
400, 105
400, 106
400, 107
400, 108
400, 109
400, 110
400, 111
400, 112
400, 113
400, 114
400, 115
400, 116
400, 117
400, 118
401, 17
401, 18
401, 19
401, 20
401, 21
401, 22
401, 23
401, 24
401, 25
401, 26
401, 27
401, 28
401, 29
401, 30
401, 33
401, 34
401, 35
401, 36
401, 87
401, 88
401, 89
401, 90
401, 91
401, 92
401, 93
401, 94
401, 95
401, 96
401, 97
401, 98
401, 99
401, 100
401, 101
401, 102
401, 103
401, 104
401, 105
401, 106
401, 107
401, 108
401, 109
401, 110
401, 111
401, 112
401, 113
401, 114
401, 115
401, 116
401, 117
401, 118
402, 20
402, 26
402, 27
402, 28
402, 88
402, 89
402, 90
402, 91
402, 92
402, 93
402, 94
402, 95
402, 96
402, 97
402, 98
402, 99
402, 100
402, 101
402, 102
402, 103
402, 104
402, 105
402, 106
402, 107
402, 108
402, 109
402, 110
402, 111
402, 112
402, 113
402, 114
402, 115
402, 116
402, 117
402, 118
403, 89
403, 90
403, 91
403, 92
403, 93
403, 94
403, 95
403, 96
403, 97
403, 98
403, 99
403, 100
403, 101
403, 102
403, 103
403, 104
403, 105
403, 106
403, 107
403, 108
403, 109
403, 110
403, 111
403, 112
403, 113
403, 114
403, 115
403, 116
403, 117
403, 118
404, 90
404, 91
404, 92
404, 93
404, 94
404, 95
404, 96
404, 97
404, 98
404, 99
404, 100
404, 101
404, 102
404, 103
404, 104
404, 105
404, 106
404, 107
404, 108
404, 109
404, 110
404, 111
404, 112
404, 113
404, 114
404, 115
404, 116
404, 117
405, 91
405, 92
405, 93
405, 94
405, 95
405, 96
405, 97
405, 98
405, 99
405, 100
405, 101
405, 102
405, 103
405, 104
405, 105
405, 106
405, 107
405, 108
405, 109
405, 110
405, 111
405, 112
405, 113
405, 114
405, 115
405, 116
405, 117
406, 92
406, 93
406, 94
406, 95
406, 96
406, 97
406, 98
406, 99
406, 100
406, 101
406, 102
406, 103
406, 104
406, 105
406, 106
406, 107
406, 108
406, 109
406, 110
406, 111
406, 112
406, 113
406, 114
406, 115
406, 116
406, 117
407, 93
407, 94
407, 95
407, 96
407, 97
407, 98
407, 99
407, 100
407, 101
407, 102
407, 103
407, 104
407, 105
407, 106
407, 107
407, 108
407, 109
407, 110
407, 111
407, 112
407, 113
407, 114
407, 115
407, 116
407, 117
408, 94
408, 95
408, 96
408, 97
408, 98
408, 99
408, 100
408, 101
408, 102
408, 103
408, 104
408, 105
408, 106
408, 107
408, 108
408, 109
408, 110
408, 111
408, 112
408, 113
408, 114
408, 115
408, 116
408, 117
409, 95
409, 96
409, 97
409, 98
409, 99
409, 100
409, 101
409, 102
409, 103
409, 104
409, 105
409, 106
409, 107
409, 108
409, 109
409, 110
409, 111
409, 112
409, 113
409, 114
409, 115
409, 116
409, 117
410, 96
410, 97
410, 98
410, 99
410, 100
410, 101
410, 102
410, 103
410, 104
410, 105
410, 106
410, 107
410, 108
410, 109
410, 110
410, 111
410, 112
410, 113
410, 114
410, 115
410, 116
410, 117
411, 97
411, 98
411, 99
411, 100
411, 101
411, 102
411, 103
411, 104
411, 105
411, 106
411, 107
411, 108
411, 109
411, 110
411, 111
411, 112
411, 113
411, 114
411, 115
411, 116
411, 117
412, 99
412, 100
412, 101
412, 102
412, 103
412, 104
412, 105
412, 106
412, 107
412, 108
412, 109
412, 110
412, 111
412, 112
412, 113
412, 114
412, 115
412, 116
412, 117
413, 100
413, 101
413, 102
413, 103
413, 104
413, 105
413, 106
413, 107
413, 108
413, 109
413, 110
413, 111
413, 112
413, 113
413, 114
413, 115
413, 116
413, 117
414, 101
414, 102
414, 103
414, 104
414, 105
414, 106
414, 107
414, 108
414, 109
414, 110
414, 111
414, 112
414, 113
414, 114
414, 115
414, 116
414, 117
415, 110
415, 111
415, 112
415, 113
415, 114
415, 115
415, 116
416, 113
