145, 35
145, 44
145, 45
146, 34
146, 35
146, 36
146, 39
146, 40
146, 41
146, 43
146, 44
146, 45
147, 33
147, 34
147, 35
147, 36
147, 37
147, 38
147, 39
147, 40
147, 41
147, 42
147, 43
147, 44
147, 45
147, 46
148, 33
148, 34
148, 35
148, 36
148, 37
148, 38
148, 39
148, 40
148, 41
148, 42
148, 43
148, 44
148, 45
148, 46
149, 33
149, 34
149, 35
149, 36
149, 37
149, 38
149, 39
149, 40
149, 41
149, 42
149, 43
149, 44
149, 45
149, 46
150, 33
150, 34
150, 35
150, 36
150, 37
150, 38
150, 39
150, 40
150, 41
150, 42
150, 43
150, 44
150, 45
150, 46
150, 48
150, 49
151, 33
151, 34
151, 35
151, 36
151, 37
151, 38
151, 39
151, 40
151, 41
151, 42
151, 43
151, 44
151, 45
151, 46
151, 47
151, 48
151, 49
152, 33
152, 34
152, 35
152, 36
152, 37
152, 38
152, 39
152, 40
152, 41
152, 42
152, 43
152, 44
152, 45
152, 46
152, 47
152, 48
152, 49
153, 33
153, 34
153, 35
153, 36
153, 37
153, 38
153, 39
153, 40
153, 41
153, 42
153, 43
153, 44
153, 45
153, 46
153, 47
153, 48
153, 49
153, 50
154, 32
154, 33
154, 34
154, 35
154, 36
154, 37
154, 38
154, 39
154, 40
154, 41
154, 42
154, 43
154, 44
154, 45
154, 46
154, 47
154, 48
154, 49
154, 50
155, 32
155, 33
155, 34
155, 35
155, 36
155, 37
155, 38
155, 39
155, 40
155, 41
155, 42
155, 43
155, 44
155, 45
155, 46
155, 47
155, 48
155, 49
155, 50
156, 32
156, 33
156, 34
156, 35
156, 36
156, 37
156, 38
156, 39
156, 40
156, 41
156, 42
156, 43
156, 44
156, 45
156, 46
156, 47
156, 48
156, 49
156, 50
157, 32
157, 33
157, 34
157, 35
157, 36
157, 37
157, 38
157, 39
157, 40
157, 41
157, 42
157, 43
157, 44
157, 45
157, 46
157, 47
157, 48
157, 49
157, 50
158, 32
158, 33
158, 34
158, 35
158, 36
158, 37
158, 38
158, 39
158, 40
158, 41
158, 42
158, 43
158, 44
158, 45
158, 46
158, 47
158, 48
158, 49
158, 50
159, 32
159, 33
159, 34
159, 35
159, 36
159, 37
159, 38
159, 39
159, 40
159, 41
159, 42
159, 43
159, 44
159, 45
159, 46
159, 47
159, 48
159, 49
159, 50
159, 51
160, 32
160, 33
160, 34
160, 35
160, 36
160, 37
160, 38
160, 39
160, 40
160, 41
160, 42
160, 43
160, 44
160, 45
160, 46
160, 47
160, 48
160, 49
160, 50
160, 51
161, 32
161, 33
161, 34
161, 35
161, 36
161, 37
161, 38
161, 39
161, 40
161, 41
161, 42
161, 43
161, 44
161, 45
161, 46
161, 47
161, 48
161, 49
161, 50
162, 32
162, 33
162, 34
162, 35
162, 36
162, 37
162, 38
162, 39
162, 40
162, 41
162, 42
162, 43
162, 44
162, 45
162, 46
162, 47
162, 48
162, 49
162, 50
163, 32
163, 33
163, 34
163, 35
163, 36
163, 37
163, 38
163, 39
163, 40
163, 41
163, 42
163, 43
163, 44
163, 45
163, 46
163, 47
163, 48
163, 49
163, 50
164, 32
164, 33
164, 34
164, 35
164, 36
164, 37
164, 38
164, 39
164, 40
164, 41
164, 42
164, 43
164, 44
164, 45
164, 46
164, 47
164, 48
164, 49
164, 50
165, 32
165, 33
165, 34
165, 35
165, 36
165, 37
165, 38
165, 39
165, 40
165, 41
165, 42
165, 43
165, 44
165, 45
165, 46
165, 47
165, 48
165, 49
165, 50
166, 32
166, 33
166, 34
166, 35
166, 36
166, 37
166, 38
166, 39
166, 40
166, 41
166, 42
166, 43
166, 44
166, 45
166, 46
166, 47
166, 48
166, 49
166, 50
167, 32
167, 33
167, 34
167, 35
167, 36
167, 37
167, 38
167, 39
167, 40
167, 41
167, 42
167, 43
167, 44
167, 45
167, 46
167, 47
167, 48
167, 49
167, 50
168, 32
168, 33
168, 34
168, 35
168, 36
168, 37
168, 38
168, 39
168, 40
168, 41
168, 42
168, 43
168, 44
168, 45
168, 46
168, 47
168, 48
168, 49
168, 50
168, 51
169, 32
169, 33
169, 34
169, 35
169, 36
169, 37
169, 38
169, 39
169, 40
169, 41
169, 42
169, 43
169, 44
169, 45
169, 46
169, 47
169, 48
169, 49
169, 50
169, 51
170, 32
170, 33
170, 34
170, 35
170, 36
170, 37
170, 38
170, 39
170, 40
170, 41
170, 42
170, 43
170, 44
170, 45
170, 46
170, 47
170, 48
170, 49
170, 50
170, 51
171, 32
171, 33
171, 34
171, 35
171, 36
171, 37
171, 38
171, 39
171, 40
171, 41
171, 42
171, 43
171, 44
171, 45
171, 46
171, 47
171, 48
171, 49
171, 50
171, 51
171, 53
171, 54
172, 32
172, 33
172, 34
172, 35
172, 36
172, 37
172, 38
172, 39
172, 40
172, 41
172, 42
172, 43
172, 44
172, 45
172, 46
172, 47
172, 48
172, 49
172, 50
172, 51
172, 52
172, 53
172, 54
173, 32
173, 33
173, 34
173, 35
173, 36
173, 37
173, 38
173, 39
173, 40
173, 41
173, 42
173, 43
173, 44
173, 45
173, 46
173, 47
173, 48
173, 49
173, 50
173, 51
173, 52
173, 53
173, 54
174, 32
174, 33
174, 34
174, 35
174, 36
174, 37
174, 38
174, 39
174, 40
174, 41
174, 42
174, 43
174, 44
174, 45
174, 46
174, 47
174, 48
174, 49
174, 50
174, 51
174, 52
174, 53
174, 54
174, 55
175, 32
175, 33
175, 34
175, 35
175, 36
175, 37
175, 38
175, 39
175, 40
175, 41
175, 42
175, 43
175, 44
175, 45
175, 46
175, 47
175, 48
175, 49
175, 50
175, 51
175, 52
175, 53
175, 54
175, 55
176, 32
176, 33
176, 34
176, 35
176, 36
176, 37
176, 38
176, 39
176, 40
176, 41
176, 42
176, 43
176, 44
176, 45
176, 46
176, 47
176, 48
176, 49
176, 50
176, 51
176, 52
176, 53
176, 54
176, 55
177, 32
177, 33
177, 34
177, 35
177, 36
177, 37
177, 38
177, 39
177, 40
177, 41
177, 42
177, 43
177, 44
177, 45
177, 46
177, 47
177, 48
177, 49
177, 50
177, 51
177, 52
177, 53
177, 54
177, 55
177, 56
178, 32
178, 33
178, 34
178, 35
178, 36
178, 37
178, 38
178, 39
178, 40
178, 41
178, 42
178, 43
178, 44
178, 45
178, 46
178, 47
178, 48
178, 49
178, 50
178, 51
178, 52
178, 53
178, 54
178, 55
178, 56
179, 32
179, 33
179, 34
179, 35
179, 36
179, 37
179, 38
179, 39
179, 40
179, 41
179, 42
179, 43
179, 44
179, 45
179, 46
179, 47
179, 48
179, 49
179, 50
179, 51
179, 52
179, 53
179, 54
179, 55
179, 56
179, 57
179, 58
179, 59
180, 32
180, 33
180, 34
180, 35
180, 36
180, 37
180, 38
180, 39
180, 40
180, 41
180, 42
180, 43
180, 44
180, 45
180, 46
180, 47
180, 48
180, 49
180, 50
180, 51
180, 52
180, 53
180, 54
180, 55
180, 56
180, 57
180, 58
180, 59
180, 60
181, 32
181, 33
181, 34
181, 35
181, 36
181, 37
181, 38
181, 39
181, 40
181, 41
181, 42
181, 43
181, 44
181, 45
181, 46
181, 47
181, 48
181, 49
181, 50
181, 51
181, 52
181, 53
181, 54
181, 55
181, 56
181, 57
181, 58
181, 59
181, 60
181, 85
182, 32
182, 33
182, 34
182, 35
182, 36
182, 37
182, 38
182, 39
182, 40
182, 41
182, 42
182, 43
182, 44
182, 45
182, 46
182, 47
182, 48
182, 49
182, 50
182, 51
182, 52
182, 53
182, 54
182, 55
182, 56
182, 57
182, 58
182, 59
182, 60
182, 61
182, 79
182, 80
182, 81
182, 82
182, 83
182, 84
182, 85
182, 86
183, 32
183, 33
183, 34
183, 35
183, 36
183, 37
183, 38
183, 39
183, 40
183, 41
183, 42
183, 43
183, 44
183, 45
183, 46
183, 47
183, 48
183, 49
183, 50
183, 51
183, 52
183, 53
183, 54
183, 55
183, 56
183, 57
183, 58
183, 59
183, 60
183, 61
183, 62
183, 63
183, 64
183, 75
183, 76
183, 77
183, 78
183, 79
183, 80
183, 81
183, 82
183, 83
183, 84
183, 85
183, 86
183, 87
184, 32
184, 33
184, 34
184, 35
184, 36
184, 37
184, 38
184, 39
184, 40
184, 41
184, 42
184, 43
184, 44
184, 45
184, 46
184, 47
184, 48
184, 49
184, 50
184, 51
184, 52
184, 53
184, 54
184, 55
184, 56
184, 57
184, 58
184, 59
184, 60
184, 61
184, 62
184, 63
184, 64
184, 65
184, 68
184, 69
184, 70
184, 72
184, 73
184, 74
184, 75
184, 76
184, 77
184, 78
184, 79
184, 80
184, 81
184, 82
184, 83
184, 84
184, 85
184, 86
184, 87
184, 88
185, 32
185, 33
185, 34
185, 35
185, 36
185, 37
185, 38
185, 39
185, 40
185, 41
185, 42
185, 43
185, 44
185, 45
185, 46
185, 47
185, 48
185, 49
185, 50
185, 51
185, 52
185, 53
185, 54
185, 55
185, 56
185, 57
185, 58
185, 59
185, 60
185, 61
185, 62
185, 63
185, 64
185, 65
185, 66
185, 67
185, 68
185, 69
185, 70
185, 71
185, 72
185, 73
185, 74
185, 75
185, 76
185, 77
185, 78
185, 79
185, 80
185, 81
185, 82
185, 83
185, 84
185, 85
185, 86
185, 87
185, 88
186, 32
186, 33
186, 34
186, 35
186, 36
186, 37
186, 38
186, 39
186, 40
186, 41
186, 42
186, 43
186, 44
186, 45
186, 46
186, 47
186, 48
186, 49
186, 50
186, 51
186, 52
186, 53
186, 54
186, 55
186, 56
186, 57
186, 58
186, 59
186, 60
186, 61
186, 62
186, 63
186, 64
186, 65
186, 66
186, 67
186, 68
186, 69
186, 70
186, 71
186, 72
186, 73
186, 74
186, 75
186, 76
186, 77
186, 78
186, 79
186, 80
186, 81
186, 82
186, 83
186, 84
186, 85
186, 86
186, 87
186, 88
186, 89
187, 32
187, 33
187, 34
187, 35
187, 36
187, 37
187, 38
187, 39
187, 40
187, 41
187, 42
187, 43
187, 44
187, 45
187, 46
187, 47
187, 48
187, 49
187, 50
187, 51
187, 52
187, 53
187, 54
187, 55
187, 56
187, 57
187, 58
187, 59
187, 60
187, 61
187, 62
187, 63
187, 64
187, 65
187, 66
187, 67
187, 68
187, 69
187, 70
187, 71
187, 72
187, 73
187, 74
187, 75
187, 76
187, 77
187, 78
187, 79
187, 80
187, 81
187, 82
187, 83
187, 84
187, 85
187, 86
187, 87
187, 88
187, 89
188, 32
188, 33
188, 34
188, 35
188, 36
188, 37
188, 38
188, 39
188, 40
188, 41
188, 42
188, 43
188, 44
188, 45
188, 46
188, 47
188, 48
188, 49
188, 50
188, 51
188, 52
188, 53
188, 54
188, 55
188, 56
188, 57
188, 58
188, 59
188, 60
188, 61
188, 62
188, 63
188, 64
188, 65
188, 66
188, 67
188, 68
188, 69
188, 70
188, 71
188, 72
188, 73
188, 74
188, 75
188, 76
188, 77
188, 78
188, 79
188, 80
188, 81
188, 82
188, 83
188, 84
188, 85
188, 86
188, 87
188, 88
188, 89
188, 90
189, 32
189, 33
189, 34
189, 35
189, 36
189, 37
189, 38
189, 39
189, 40
189, 41
189, 42
189, 43
189, 44
189, 45
189, 46
189, 47
189, 48
189, 49
189, 50
189, 51
189, 52
189, 53
189, 54
189, 55
189, 56
189, 57
189, 58
189, 59
189, 60
189, 61
189, 62
189, 63
189, 64
189, 65
189, 66
189, 67
189, 68
189, 69
189, 70
189, 71
189, 72
189, 73
189, 74
189, 75
189, 76
189, 77
189, 78
189, 79
189, 80
189, 81
189, 82
189, 83
189, 84
189, 85
189, 86
189, 87
189, 88
189, 89
189, 90
190, 32
190, 33
190, 34
190, 35
190, 36
190, 37
190, 38
190, 39
190, 40
190, 41
190, 42
190, 43
190, 44
190, 45
190, 46
190, 47
190, 48
190, 49
190, 50
190, 51
190, 52
190, 53
190, 54
190, 55
190, 56
190, 57
190, 58
190, 59
190, 60
190, 61
190, 62
190, 63
190, 64
190, 65
190, 66
190, 67
190, 68
190, 69
190, 70
190, 71
190, 72
190, 73
190, 74
190, 75
190, 76
190, 77
190, 78
190, 79
190, 80
190, 81
190, 82
190, 83
190, 84
190, 85
190, 86
190, 87
190, 88
190, 89
190, 90
191, 32
191, 33
191, 34
191, 35
191, 36
191, 37
191, 38
191, 39
191, 40
191, 41
191, 42
191, 43
191, 44
191, 45
191, 46
191, 47
191, 48
191, 49
191, 50
191, 51
191, 52
191, 53
191, 54
191, 55
191, 56
191, 57
191, 58
191, 59
191, 60
191, 61
191, 62
191, 63
191, 64
191, 65
191, 66
191, 67
191, 68
191, 69
191, 70
191, 71
191, 72
191, 73
191, 74
191, 75
191, 76
191, 77
191, 78
191, 79
191, 80
191, 81
191, 82
191, 83
191, 84
191, 85
191, 86
191, 87
191, 88
191, 89
191, 90
192, 32
192, 33
192, 34
192, 35
192, 36
192, 37
192, 38
192, 39
192, 40
192, 41
192, 42
192, 43
192, 44
192, 45
192, 46
192, 47
192, 48
192, 49
192, 50
192, 51
192, 52
192, 53
192, 54
192, 55
192, 56
192, 57
192, 58
192, 59
192, 60
192, 61
192, 62
192, 63
192, 64
192, 65
192, 66
192, 67
192, 68
192, 69
192, 70
192, 71
192, 72
192, 73
192, 74
192, 75
192, 76
192, 77
192, 78
192, 79
192, 80
192, 81
192, 82
192, 83
192, 84
192, 85
192, 86
192, 87
192, 88
192, 89
192, 90
193, 32
193, 33
193, 34
193, 35
193, 36
193, 37
193, 38
193, 39
193, 40
193, 41
193, 42
193, 43
193, 44
193, 45
193, 46
193, 47
193, 48
193, 49
193, 50
193, 51
193, 52
193, 53
193, 54
193, 55
193, 56
193, 57
193, 58
193, 59
193, 60
193, 61
193, 62
193, 63
193, 64
193, 65
193, 66
193, 67
193, 68
193, 69
193, 70
193, 71
193, 72
193, 73
193, 74
193, 75
193, 76
193, 77
193, 78
193, 79
193, 80
193, 81
193, 82
193, 83
193, 84
193, 85
193, 86
193, 87
193, 88
193, 89
193, 90
194, 32
194, 33
194, 34
194, 35
194, 36
194, 37
194, 38
194, 39
194, 40
194, 41
194, 42
194, 43
194, 44
194, 45
194, 46
194, 47
194, 48
194, 49
194, 50
194, 51
194, 52
194, 53
194, 54
194, 55
194, 56
194, 57
194, 58
194, 59
194, 60
194, 61
194, 62
194, 63
194, 64
194, 65
194, 66
194, 67
194, 68
194, 69
194, 70
194, 71
194, 72
194, 73
194, 74
194, 75
194, 76
194, 77
194, 78
194, 79
194, 80
194, 81
194, 82
194, 83
194, 84
194, 85
194, 86
194, 87
194, 88
194, 89
194, 90
194, 91
195, 32
195, 33
195, 34
195, 35
195, 36
195, 37
195, 38
195, 39
195, 40
195, 41
195, 42
195, 43
195, 44
195, 45
195, 46
195, 47
195, 48
195, 49
195, 50
195, 51
195, 52
195, 53
195, 54
195, 55
195, 56
195, 57
195, 58
195, 59
195, 60
195, 61
195, 62
195, 63
195, 64
195, 65
195, 66
195, 67
195, 68
195, 69
195, 70
195, 71
195, 72
195, 73
195, 74
195, 75
195, 76
195, 77
195, 78
195, 79
195, 80
195, 81
195, 82
195, 83
195, 84
195, 85
195, 86
195, 87
195, 88
195, 89
195, 90
195, 91
196, 32
196, 33
196, 34
196, 35
196, 36
196, 37
196, 38
196, 39
196, 40
196, 41
196, 42
196, 43
196, 44
196, 45
196, 46
196, 47
196, 48
196, 49
196, 50
196, 51
196, 52
196, 53
196, 54
196, 55
196, 56
196, 57
196, 58
196, 59
196, 60
196, 61
196, 62
196, 63
196, 64
196, 65
196, 66
196, 67
196, 68
196, 69
196, 70
196, 71
196, 72
196, 73
196, 74
196, 75
196, 76
196, 77
196, 78
196, 79
196, 80
196, 81
196, 82
196, 83
196, 84
196, 85
196, 86
196, 87
196, 88
196, 89
196, 90
196, 91
197, 32
197, 33
197, 34
197, 35
197, 36
197, 37
197, 38
197, 39
197, 40
197, 41
197, 42
197, 43
197, 44
197, 45
197, 46
197, 47
197, 48
197, 49
197, 50
197, 51
197, 52
197, 53
197, 54
197, 55
197, 56
197, 57
197, 58
197, 59
197, 60
197, 61
197, 62
197, 63
197, 64
197, 65
197, 66
197, 67
197, 68
197, 69
197, 70
197, 71
197, 72
197, 73
197, 74
197, 75
197, 76
197, 77
197, 78
197, 79
197, 80
197, 81
197, 82
197, 83
197, 84
197, 85
197, 86
197, 87
197, 88
197, 89
197, 90
197, 91
198, 32
198, 33
198, 34
198, 35
198, 36
198, 37
198, 38
198, 39
198, 40
198, 41
198, 42
198, 43
198, 44
198, 45
198, 46
198, 47
198, 48
198, 49
198, 50
198, 51
198, 52
198, 53
198, 54
198, 55
198, 56
198, 57
198, 58
198, 59
198, 60
198, 61
198, 62
198, 63
198, 64
198, 65
198, 66
198, 67
198, 68
198, 69
198, 70
198, 71
198, 72
198, 73
198, 74
198, 75
198, 76
198, 77
198, 78
198, 79
198, 80
198, 81
198, 82
198, 83
198, 84
198, 85
198, 86
198, 87
198, 88
198, 89
198, 90
198, 91
199, 32
199, 33
199, 34
199, 35
199, 36
199, 37
199, 38
199, 39
199, 40
199, 41
199, 42
199, 43
199, 44
199, 45
199, 46
199, 47
199, 48
199, 49
199, 50
199, 51
199, 52
199, 53
199, 54
199, 55
199, 56
199, 57
199, 58
199, 59
199, 60
199, 61
199, 62
199, 63
199, 64
199, 65
199, 66
199, 67
199, 68
199, 69
199, 70
199, 71
199, 72
199, 73
199, 74
199, 75
199, 76
199, 77
199, 78
199, 79
199, 80
199, 81
199, 82
199, 83
199, 84
199, 85
199, 86
199, 87
199, 88
199, 89
199, 90
199, 91
200, 32
200, 33
200, 34
200, 35
200, 36
200, 37
200, 38
200, 39
200, 40
200, 41
200, 42
200, 43
200, 44
200, 45
200, 46
200, 47
200, 48
200, 49
200, 50
200, 51
200, 52
200, 53
200, 54
200, 55
200, 56
200, 57
200, 58
200, 59
200, 60
200, 61
200, 62
200, 63
200, 64
200, 65
200, 66
200, 67
200, 68
200, 69
200, 70
200, 71
200, 72
200, 73
200, 74
200, 75
200, 76
200, 77
200, 78
200, 79
200, 80
200, 81
200, 82
200, 83
200, 84
200, 85
200, 86
200, 87
200, 88
200, 89
200, 90
200, 91
201, 32
201, 33
201, 34
201, 35
201, 36
201, 37
201, 38
201, 39
201, 40
201, 41
201, 42
201, 43
201, 44
201, 45
201, 46
201, 47
201, 48
201, 49
201, 50
201, 51
201, 52
201, 53
201, 54
201, 55
201, 56
201, 57
201, 58
201, 59
201, 60
201, 61
201, 62
201, 63
201, 64
201, 65
201, 66
201, 67
201, 68
201, 69
201, 70
201, 71
201, 72
201, 73
201, 74
201, 75
201, 76
201, 77
201, 78
201, 79
201, 80
201, 81
201, 82
201, 83
201, 84
201, 85
201, 86
201, 87
201, 88
201, 89
201, 90
201, 91
202, 32
202, 33
202, 34
202, 35
202, 36
202, 37
202, 38
202, 39
202, 40
202, 41
202, 42
202, 43
202, 44
202, 45
202, 46
202, 47
202, 48
202, 49
202, 50
202, 51
202, 52
202, 53
202, 54
202, 55
202, 56
202, 57
202, 58
202, 59
202, 60
202, 61
202, 62
202, 63
202, 64
202, 65
202, 66
202, 67
202, 68
202, 69
202, 70
202, 71
202, 72
202, 73
202, 74
202, 75
202, 76
202, 77
202, 78
202, 79
202, 80
202, 81
202, 82
202, 83
202, 84
202, 85
202, 86
202, 87
202, 88
202, 89
202, 90
202, 91
203, 32
203, 33
203, 34
203, 35
203, 36
203, 37
203, 38
203, 39
203, 40
203, 41
203, 42
203, 43
203, 44
203, 45
203, 46
203, 47
203, 48
203, 49
203, 50
203, 51
203, 52
203, 53
203, 54
203, 55
203, 56
203, 57
203, 58
203, 59
203, 60
203, 61
203, 62
203, 63
203, 64
203, 65
203, 66
203, 67
203, 68
203, 69
203, 70
203, 71
203, 72
203, 73
203, 74
203, 75
203, 76
203, 77
203, 78
203, 79
203, 80
203, 81
203, 82
203, 83
203, 84
203, 85
203, 86
203, 87
203, 88
203, 89
203, 90
203, 91
204, 32
204, 33
204, 34
204, 35
204, 36
204, 37
204, 38
204, 39
204, 40
204, 41
204, 42
204, 43
204, 44
204, 45
204, 46
204, 47
204, 48
204, 49
204, 50
204, 51
204, 52
204, 53
204, 54
204, 55
204, 56
204, 57
204, 58
204, 59
204, 60
204, 61
204, 62
204, 63
204, 64
204, 65
204, 66
204, 67
204, 68
204, 69
204, 70
204, 71
204, 72
204, 73
204, 74
204, 75
204, 76
204, 77
204, 78
204, 79
204, 80
204, 81
204, 82
204, 83
204, 84
204, 85
204, 86
204, 87
204, 88
204, 89
204, 90
204, 91
205, 32
205, 33
205, 34
205, 35
205, 36
205, 37
205, 38
205, 39
205, 40
205, 41
205, 42
205, 43
205, 44
205, 45
205, 46
205, 47
205, 48
205, 49
205, 50
205, 51
205, 52
205, 53
205, 54
205, 55
205, 56
205, 57
205, 58
205, 59
205, 60
205, 61
205, 62
205, 63
205, 64
205, 65
205, 66
205, 67
205, 68
205, 69
205, 70
205, 71
205, 72
205, 73
205, 74
205, 75
205, 76
205, 77
205, 78
205, 79
205, 80
205, 81
205, 82
205, 83
205, 84
205, 85
205, 86
205, 87
205, 88
205, 89
205, 90
205, 91
206, 32
206, 33
206, 34
206, 35
206, 36
206, 37
206, 38
206, 39
206, 40
206, 41
206, 42
206, 43
206, 44
206, 45
206, 46
206, 47
206, 48
206, 49
206, 50
206, 51
206, 52
206, 53
206, 54
206, 55
206, 56
206, 57
206, 58
206, 59
206, 60
206, 61
206, 62
206, 63
206, 64
206, 65
206, 66
206, 67
206, 68
206, 69
206, 70
206, 71
206, 72
206, 73
206, 74
206, 75
206, 76
206, 77
206, 78
206, 79
206, 80
206, 81
206, 82
206, 83
206, 84
206, 85
206, 86
206, 87
206, 88
206, 89
206, 90
206, 91
207, 32
207, 33
207, 34
207, 35
207, 36
207, 37
207, 38
207, 39
207, 40
207, 41
207, 42
207, 43
207, 44
207, 45
207, 46
207, 47
207, 48
207, 49
207, 50
207, 51
207, 52
207, 53
207, 54
207, 55
207, 56
207, 57
207, 58
207, 59
207, 60
207, 61
207, 62
207, 63
207, 64
207, 65
207, 66
207, 67
207, 68
207, 69
207, 70
207, 71
207, 72
207, 73
207, 74
207, 75
207, 76
207, 77
207, 78
207, 79
207, 80
207, 81
207, 82
207, 83
207, 84
207, 85
207, 86
207, 87
207, 88
207, 89
207, 90
207, 91
208, 32
208, 33
208, 34
208, 35
208, 36
208, 37
208, 38
208, 39
208, 40
208, 41
208, 42
208, 43
208, 44
208, 45
208, 46
208, 47
208, 48
208, 49
208, 50
208, 51
208, 52
208, 53
208, 54
208, 55
208, 56
208, 57
208, 58
208, 59
208, 60
208, 61
208, 62
208, 63
208, 64
208, 65
208, 66
208, 67
208, 68
208, 69
208, 70
208, 71
208, 72
208, 73
208, 74
208, 75
208, 76
208, 77
208, 78
208, 79
208, 80
208, 81
208, 82
208, 83
208, 84
208, 85
208, 86
208, 87
208, 88
208, 89
208, 90
208, 91
209, 32
209, 33
209, 34
209, 35
209, 36
209, 37
209, 38
209, 39
209, 40
209, 41
209, 42
209, 43
209, 44
209, 45
209, 46
209, 47
209, 48
209, 49
209, 50
209, 51
209, 52
209, 53
209, 54
209, 55
209, 56
209, 57
209, 58
209, 59
209, 60
209, 61
209, 62
209, 63
209, 64
209, 65
209, 66
209, 67
209, 68
209, 69
209, 70
209, 71
209, 72
209, 73
209, 74
209, 75
209, 76
209, 77
209, 78
209, 79
209, 80
209, 81
209, 82
209, 83
209, 84
209, 85
209, 86
209, 87
209, 88
209, 89
209, 90
209, 91
210, 32
210, 33
210, 34
210, 35
210, 36
210, 37
210, 38
210, 39
210, 40
210, 41
210, 42
210, 43
210, 44
210, 45
210, 46
210, 47
210, 48
210, 49
210, 50
210, 51
210, 52
210, 53
210, 54
210, 55
210, 56
210, 57
210, 58
210, 59
210, 60
210, 61
210, 62
210, 63
210, 64
210, 65
210, 66
210, 67
210, 68
210, 69
210, 70
210, 71
210, 72
210, 73
210, 74
210, 75
210, 76
210, 77
210, 78
210, 79
210, 80
210, 81
210, 82
210, 83
210, 84
210, 85
210, 86
210, 87
210, 88
210, 89
210, 90
210, 91
211, 32
211, 33
211, 34
211, 35
211, 36
211, 37
211, 38
211, 39
211, 40
211, 41
211, 42
211, 43
211, 44
211, 45
211, 46
211, 47
211, 48
211, 49
211, 50
211, 51
211, 52
211, 53
211, 54
211, 55
211, 56
211, 57
211, 58
211, 59
211, 60
211, 61
211, 62
211, 63
211, 64
211, 65
211, 66
211, 67
211, 68
211, 69
211, 70
211, 71
211, 72
211, 73
211, 74
211, 75
211, 76
211, 77
211, 78
211, 79
211, 80
211, 81
211, 82
211, 83
211, 84
211, 85
211, 86
211, 87
211, 88
211, 89
211, 90
211, 91
212, 32
212, 33
212, 34
212, 35
212, 36
212, 37
212, 38
212, 39
212, 40
212, 41
212, 42
212, 43
212, 44
212, 45
212, 46
212, 47
212, 48
212, 49
212, 50
212, 51
212, 52
212, 53
212, 54
212, 55
212, 56
212, 57
212, 58
212, 59
212, 60
212, 61
212, 62
212, 63
212, 64
212, 65
212, 66
212, 67
212, 68
212, 69
212, 70
212, 71
212, 72
212, 73
212, 74
212, 75
212, 76
212, 77
212, 78
212, 79
212, 80
212, 81
212, 82
212, 83
212, 84
212, 85
212, 86
212, 87
212, 88
212, 89
212, 90
212, 91
213, 32
213, 33
213, 34
213, 35
213, 36
213, 37
213, 38
213, 39
213, 40
213, 41
213, 42
213, 43
213, 44
213, 45
213, 46
213, 47
213, 48
213, 49
213, 50
213, 51
213, 52
213, 53
213, 54
213, 55
213, 56
213, 57
213, 58
213, 59
213, 60
213, 61
213, 62
213, 63
213, 64
213, 65
213, 66
213, 67
213, 68
213, 69
213, 70
213, 71
213, 72
213, 73
213, 74
213, 75
213, 76
213, 77
213, 78
213, 79
213, 80
213, 81
213, 82
213, 83
213, 84
213, 85
213, 86
213, 87
213, 88
213, 89
213, 90
213, 91
214, 32
214, 33
214, 34
214, 35
214, 36
214, 37
214, 38
214, 39
214, 40
214, 41
214, 42
214, 43
214, 44
214, 45
214, 46
214, 47
214, 48
214, 49
214, 50
214, 51
214, 52
214, 53
214, 54
214, 55
214, 56
214, 57
214, 58
214, 59
214, 60
214, 61
214, 62
214, 63
214, 64
214, 65
214, 66
214, 67
214, 68
214, 69
214, 70
214, 71
214, 72
214, 73
214, 74
214, 75
214, 76
214, 77
214, 78
214, 79
214, 80
214, 81
214, 82
214, 83
214, 84
214, 85
214, 86
214, 87
214, 88
214, 89
214, 90
214, 91
215, 32
215, 33
215, 34
215, 35
215, 36
215, 37
215, 38
215, 39
215, 40
215, 41
215, 42
215, 43
215, 44
215, 45
215, 46
215, 47
215, 48
215, 49
215, 50
215, 51
215, 52
215, 53
215, 54
215, 55
215, 56
215, 57
215, 58
215, 59
215, 60
215, 61
215, 62
215, 63
215, 64
215, 65
215, 66
215, 67
215, 68
215, 69
215, 70
215, 71
215, 72
215, 73
215, 74
215, 75
215, 76
215, 77
215, 78
215, 79
215, 80
215, 81
215, 82
215, 83
215, 84
215, 85
215, 86
215, 87
215, 88
215, 89
215, 90
215, 91
216, 32
216, 33
216, 34
216, 35
216, 36
216, 37
216, 38
216, 39
216, 40
216, 41
216, 42
216, 43
216, 44
216, 45
216, 46
216, 47
216, 48
216, 49
216, 50
216, 51
216, 52
216, 53
216, 54
216, 55
216, 56
216, 57
216, 58
216, 59
216, 60
216, 61
216, 62
216, 63
216, 64
216, 65
216, 66
216, 67
216, 68
216, 69
216, 70
216, 71
216, 72
216, 73
216, 74
216, 75
216, 76
216, 77
216, 78
216, 79
216, 80
216, 81
216, 82
216, 83
216, 84
216, 85
216, 86
216, 87
216, 88
216, 89
216, 90
216, 91
217, 32
217, 33
217, 34
217, 35
217, 36
217, 37
217, 38
217, 39
217, 40
217, 41
217, 42
217, 43
217, 44
217, 45
217, 46
217, 47
217, 48
217, 49
217, 50
217, 51
217, 52
217, 53
217, 54
217, 55
217, 56
217, 57
217, 58
217, 59
217, 60
217, 61
217, 62
217, 63
217, 64
217, 65
217, 66
217, 67
217, 68
217, 69
217, 70
217, 71
217, 72
217, 73
217, 74
217, 75
217, 76
217, 77
217, 78
217, 79
217, 80
217, 81
217, 82
217, 83
217, 84
217, 85
217, 86
217, 87
217, 88
217, 89
217, 90
217, 91
218, 32
218, 33
218, 34
218, 35
218, 36
218, 37
218, 38
218, 39
218, 40
218, 41
218, 42
218, 43
218, 44
218, 45
218, 46
218, 47
218, 48
218, 49
218, 50
218, 51
218, 52
218, 53
218, 54
218, 55
218, 56
218, 57
218, 58
218, 59
218, 60
218, 61
218, 62
218, 63
218, 64
218, 65
218, 66
218, 67
218, 68
218, 69
218, 70
218, 71
218, 72
218, 73
218, 74
218, 75
218, 76
218, 77
218, 78
218, 79
218, 80
218, 81
218, 82
218, 83
218, 84
218, 85
218, 86
218, 87
218, 88
218, 89
218, 90
218, 91
219, 32
219, 33
219, 34
219, 35
219, 36
219, 37
219, 38
219, 39
219, 40
219, 41
219, 42
219, 43
219, 44
219, 45
219, 46
219, 47
219, 48
219, 49
219, 50
219, 51
219, 52
219, 53
219, 54
219, 55
219, 56
219, 57
219, 58
219, 59
219, 60
219, 61
219, 62
219, 63
219, 64
219, 65
219, 66
219, 67
219, 68
219, 69
219, 70
219, 71
219, 72
219, 73
219, 74
219, 75
219, 76
219, 77
219, 78
219, 79
219, 80
219, 81
219, 82
219, 83
219, 84
219, 85
219, 86
219, 87
219, 88
219, 89
219, 90
219, 91
220, 32
220, 33
220, 34
220, 35
220, 36
220, 37
220, 38
220, 39
220, 40
220, 41
220, 42
220, 43
220, 44
220, 45
220, 46
220, 47
220, 48
220, 49
220, 50
220, 51
220, 52
220, 53
220, 54
220, 55
220, 56
220, 57
220, 58
220, 59
220, 60
220, 61
220, 62
220, 63
220, 64
220, 65
220, 66
220, 67
220, 68
220, 69
220, 70
220, 71
220, 72
220, 73
220, 74
220, 75
220, 76
220, 77
220, 78
220, 79
220, 80
220, 81
220, 82
220, 83
220, 84
220, 85
220, 86
220, 87
220, 88
220, 89
220, 90
220, 91
221, 32
221, 33
221, 34
221, 35
221, 36
221, 37
221, 38
221, 39
221, 40
221, 41
221, 42
221, 43
221, 44
221, 45
221, 46
221, 47
221, 48
221, 49
221, 50
221, 51
221, 52
221, 53
221, 54
221, 55
221, 56
221, 57
221, 58
221, 59
221, 60
221, 61
221, 62
221, 63
221, 64
221, 65
221, 66
221, 67
221, 68
221, 69
221, 70
221, 71
221, 72
221, 73
221, 74
221, 75
221, 76
221, 77
221, 78
221, 79
221, 80
221, 81
221, 82
221, 83
221, 84
221, 85
221, 86
221, 87
221, 88
221, 89
221, 90
221, 91
222, 32
222, 33
222, 34
222, 35
222, 36
222, 37
222, 38
222, 39
222, 40
222, 41
222, 42
222, 43
222, 44
222, 45
222, 46
222, 47
222, 48
222, 49
222, 50
222, 51
222, 52
222, 53
222, 54
222, 55
222, 56
222, 57
222, 58
222, 59
222, 60
222, 61
222, 62
222, 63
222, 64
222, 65
222, 66
222, 67
222, 68
222, 69
222, 70
222, 71
222, 72
222, 73
222, 74
222, 75
222, 76
222, 77
222, 78
222, 79
222, 80
222, 81
222, 82
222, 83
222, 84
222, 85
222, 86
222, 87
222, 88
222, 89
222, 90
222, 91
223, 32
223, 33
223, 34
223, 35
223, 36
223, 37
223, 38
223, 39
223, 40
223, 41
223, 42
223, 43
223, 44
223, 45
223, 46
223, 47
223, 48
223, 49
223, 50
223, 51
223, 52
223, 53
223, 54
223, 55
223, 56
223, 57
223, 58
223, 59
223, 60
223, 61
223, 62
223, 63
223, 64
223, 65
223, 66
223, 67
223, 68
223, 69
223, 70
223, 71
223, 72
223, 73
223, 74
223, 75
223, 76
223, 77
223, 78
223, 79
223, 80
223, 81
223, 82
223, 83
223, 84
223, 85
223, 86
223, 87
223, 88
223, 89
223, 90
223, 91
224, 33
224, 34
224, 35
224, 36
224, 37
224, 38
224, 39
224, 40
224, 41
224, 42
224, 43
224, 44
224, 45
224, 46
224, 47
224, 48
224, 49
224, 50
224, 51
224, 52
224, 53
224, 54
224, 55
224, 56
224, 57
224, 58
224, 59
224, 60
224, 61
224, 62
224, 63
224, 64
224, 65
224, 66
224, 67
224, 68
224, 69
224, 70
224, 71
224, 72
224, 73
224, 74
224, 75
224, 76
224, 77
224, 78
224, 79
224, 80
224, 81
224, 82
224, 83
224, 84
224, 85
224, 86
224, 87
224, 88
224, 89
224, 90
225, 33
225, 34
225, 35
225, 36
225, 37
225, 38
225, 39
225, 40
225, 41
225, 42
225, 43
225, 44
225, 45
225, 46
225, 47
225, 48
225, 49
225, 50
225, 51
225, 52
225, 53
225, 54
225, 55
225, 56
225, 57
225, 58
225, 59
225, 60
225, 61
225, 62
225, 63
225, 64
225, 65
225, 66
225, 67
225, 68
225, 69
225, 70
225, 71
225, 72
225, 73
225, 74
225, 75
225, 76
225, 77
225, 78
225, 79
225, 80
225, 81
225, 82
225, 83
225, 84
225, 85
225, 86
225, 87
225, 88
225, 89
225, 90
226, 33
226, 34
226, 35
226, 36
226, 37
226, 38
226, 39
226, 40
226, 41
226, 42
226, 43
226, 44
226, 45
226, 46
226, 47
226, 48
226, 49
226, 50
226, 51
226, 52
226, 55
226, 56
226, 57
226, 58
226, 59
226, 60
226, 61
226, 62
226, 63
226, 64
226, 65
226, 66
226, 67
226, 68
226, 69
226, 70
226, 71
226, 72
226, 73
226, 74
226, 75
226, 76
226, 77
226, 78
226, 79
226, 80
226, 81
226, 82
226, 83
226, 84
226, 85
226, 86
226, 87
226, 88
226, 89
226, 90
227, 33
227, 34
227, 35
227, 36
227, 37
227, 38
227, 39
227, 40
227, 41
227, 42
227, 43
227, 44
227, 45
227, 46
227, 47
227, 48
227, 49
227, 50
227, 51
227, 55
227, 56
227, 57
227, 58
227, 59
227, 60
227, 61
227, 62
227, 63
227, 64
227, 65
227, 66
227, 67
227, 68
227, 69
227, 70
227, 71
227, 72
227, 73
227, 74
227, 75
227, 76
227, 77
227, 78
227, 79
227, 80
227, 81
227, 82
227, 83
227, 84
227, 85
227, 86
227, 87
227, 88
227, 89
227, 90
228, 33
228, 34
228, 35
228, 36
228, 37
228, 38
228, 39
228, 40
228, 41
228, 42
228, 43
228, 44
228, 45
228, 46
228, 47
228, 48
228, 49
228, 50
228, 51
228, 55
228, 56
228, 57
228, 58
228, 59
228, 60
228, 61
228, 62
228, 63
228, 64
228, 65
228, 66
228, 67
228, 68
228, 69
228, 70
228, 71
228, 72
228, 73
228, 74
228, 75
228, 76
228, 77
228, 78
228, 79
228, 80
228, 81
228, 82
228, 83
228, 84
228, 85
228, 86
228, 87
228, 88
228, 89
228, 90
229, 33
229, 34
229, 35
229, 36
229, 37
229, 38
229, 39
229, 40
229, 41
229, 42
229, 43
229, 44
229, 45
229, 46
229, 47
229, 48
229, 49
229, 50
229, 51
229, 55
229, 56
229, 57
229, 58
229, 59
229, 60
229, 61
229, 62
229, 63
229, 64
229, 65
229, 66
229, 67
229, 68
229, 69
229, 70
229, 71
229, 72
229, 73
229, 74
229, 75
229, 76
229, 77
229, 78
229, 79
229, 80
229, 81
229, 82
229, 83
229, 84
229, 85
229, 86
229, 87
229, 88
229, 89
229, 90
230, 33
230, 34
230, 35
230, 36
230, 37
230, 38
230, 39
230, 40
230, 41
230, 42
230, 43
230, 44
230, 45
230, 46
230, 47
230, 48
230, 49
230, 50
230, 51
230, 56
230, 57
230, 58
230, 59
230, 60
230, 61
230, 62
230, 63
230, 64
230, 65
230, 66
230, 67
230, 68
230, 69
230, 70
230, 71
230, 72
230, 73
230, 74
230, 75
230, 76
230, 77
230, 78
230, 79
230, 80
230, 81
230, 82
230, 83
230, 84
230, 85
230, 86
230, 87
230, 88
230, 89
230, 90
231, 33
231, 34
231, 35
231, 36
231, 37
231, 38
231, 39
231, 40
231, 41
231, 42
231, 43
231, 44
231, 45
231, 46
231, 47
231, 48
231, 49
231, 50
231, 56
231, 57
231, 58
231, 59
231, 60
231, 61
231, 62
231, 63
231, 64
231, 65
231, 66
231, 67
231, 68
231, 69
231, 70
231, 71
231, 72
231, 73
231, 74
231, 75
231, 76
231, 77
231, 78
231, 79
231, 80
231, 81
231, 82
231, 83
231, 84
231, 85
231, 86
231, 87
231, 88
231, 89
231, 90
232, 33
232, 34
232, 35
232, 36
232, 37
232, 38
232, 39
232, 40
232, 41
232, 42
232, 43
232, 44
232, 45
232, 46
232, 47
232, 48
232, 49
232, 50
232, 56
232, 57
232, 58
232, 59
232, 60
232, 61
232, 62
232, 63
232, 64
232, 65
232, 66
232, 67
232, 68
232, 69
232, 70
232, 71
232, 72
232, 73
232, 74
232, 75
232, 76
232, 77
232, 78
232, 79
232, 80
232, 81
232, 82
232, 83
232, 84
232, 85
232, 86
232, 87
232, 88
232, 89
232, 90
233, 33
233, 34
233, 35
233, 36
233, 37
233, 38
233, 39
233, 40
233, 41
233, 42
233, 43
233, 44
233, 45
233, 46
233, 47
233, 48
233, 49
233, 50
233, 56
233, 57
233, 58
233, 59
233, 60
233, 61
233, 62
233, 63
233, 64
233, 65
233, 66
233, 67
233, 68
233, 69
233, 70
233, 71
233, 72
233, 73
233, 74
233, 75
233, 76
233, 77
233, 78
233, 79
233, 80
233, 81
233, 82
233, 83
233, 84
233, 85
233, 86
233, 87
233, 88
233, 89
233, 90
234, 33
234, 34
234, 35
234, 36
234, 37
234, 38
234, 39
234, 40
234, 41
234, 42
234, 43
234, 44
234, 45
234, 46
234, 47
234, 48
234, 49
234, 50
234, 57
234, 58
234, 59
234, 60
234, 61
234, 62
234, 63
234, 64
234, 65
234, 66
234, 67
234, 68
234, 69
234, 70
234, 71
234, 72
234, 73
234, 74
234, 75
234, 76
234, 77
234, 78
234, 79
234, 80
234, 81
234, 82
234, 83
234, 84
234, 85
234, 86
234, 87
234, 88
234, 89
235, 33
235, 34
235, 35
235, 36
235, 37
235, 38
235, 39
235, 40
235, 41
235, 42
235, 43
235, 44
235, 45
235, 46
235, 47
235, 48
235, 49
235, 50
235, 57
235, 58
235, 59
235, 60
235, 61
235, 62
235, 63
235, 64
235, 65
235, 66
235, 67
235, 68
235, 69
235, 70
235, 71
235, 72
235, 73
235, 74
235, 75
235, 76
235, 77
235, 78
235, 79
235, 80
235, 81
235, 82
235, 83
235, 84
235, 85
235, 86
235, 87
235, 88
235, 89
236, 35
236, 36
236, 41
236, 42
236, 43
236, 44
236, 45
236, 46
236, 47
236, 48
236, 49
236, 58
236, 59
236, 60
236, 61
236, 62
236, 63
236, 64
236, 65
236, 66
236, 67
236, 68
236, 69
236, 70
236, 71
236, 72
236, 73
236, 74
236, 75
236, 76
236, 77
236, 78
236, 79
236, 80
236, 81
236, 82
236, 83
236, 84
236, 85
236, 86
236, 87
236, 88
236, 89
237, 41
237, 42
237, 43
237, 44
237, 45
237, 46
237, 47
237, 48
237, 49
237, 58
237, 59
237, 60
237, 61
237, 62
237, 63
237, 64
237, 65
237, 66
237, 67
237, 68
237, 69
237, 70
237, 71
237, 72
237, 73
237, 74
237, 75
237, 76
237, 77
237, 78
237, 79
237, 80
237, 81
237, 82
237, 83
237, 84
237, 85
237, 86
237, 87
237, 88
237, 89
238, 41
238, 42
238, 43
238, 44
238, 45
238, 46
238, 47
238, 48
238, 49
238, 58
238, 59
238, 60
238, 61
238, 62
238, 63
238, 64
238, 65
238, 66
238, 67
238, 68
238, 69
238, 70
238, 71
238, 72
238, 73
238, 74
238, 75
238, 76
238, 77
238, 78
238, 79
238, 80
238, 81
238, 82
238, 83
238, 84
238, 85
238, 86
238, 87
238, 88
239, 42
239, 43
239, 44
239, 45
239, 46
239, 47
239, 48
239, 49
239, 59
239, 60
239, 61
239, 62
239, 63
239, 64
239, 65
239, 66
239, 67
239, 68
239, 69
239, 70
239, 71
239, 72
239, 73
239, 74
239, 75
239, 76
239, 77
239, 78
239, 79
239, 80
239, 81
239, 82
239, 83
239, 84
239, 85
239, 86
239, 87
239, 88
240, 42
240, 43
240, 44
240, 45
240, 46
240, 47
240, 48
240, 49
240, 59
240, 60
240, 61
240, 62
240, 63
240, 64
240, 65
240, 66
240, 67
240, 68
240, 69
240, 70
240, 71
240, 72
240, 73
240, 74
240, 75
240, 76
240, 77
240, 78
240, 79
240, 80
240, 81
240, 82
240, 83
240, 84
240, 85
240, 86
240, 87
240, 88
241, 42
241, 43
241, 44
241, 45
241, 46
241, 47
241, 48
241, 49
241, 59
241, 60
241, 61
241, 62
241, 63
241, 64
241, 65
241, 66
241, 67
241, 68
241, 69
241, 70
241, 71
241, 72
241, 73
241, 74
241, 75
241, 76
241, 77
241, 78
241, 79
241, 80
241, 81
241, 82
241, 83
241, 84
241, 85
241, 86
241, 87
241, 88
242, 42
242, 43
242, 44
242, 45
242, 46
242, 47
242, 48
242, 59
242, 60
242, 61
242, 62
242, 63
242, 64
242, 65
242, 66
242, 67
242, 68
242, 69
242, 70
242, 71
242, 72
242, 73
242, 74
242, 75
242, 76
242, 77
242, 78
242, 79
242, 80
242, 81
242, 82
242, 83
242, 84
242, 85
242, 86
242, 87
242, 88
243, 42
243, 43
243, 44
243, 45
243, 46
243, 47
243, 48
243, 59
243, 60
243, 61
243, 62
243, 63
243, 64
243, 65
243, 66
243, 67
243, 68
243, 69
243, 70
243, 71
243, 72
243, 73
243, 74
243, 75
243, 76
243, 77
243, 78
243, 79
243, 80
243, 81
243, 82
243, 83
243, 84
243, 85
243, 86
243, 87
243, 88
244, 42
244, 43
244, 44
244, 45
244, 46
244, 47
244, 48
244, 59
244, 60
244, 61
244, 62
244, 63
244, 64
244, 65
244, 66
244, 67
244, 68
244, 69
244, 70
244, 71
244, 72
244, 73
244, 74
244, 75
244, 76
244, 77
244, 78
244, 79
244, 80
244, 81
244, 82
244, 83
244, 84
244, 85
244, 86
244, 87
244, 88
245, 42
245, 43
245, 44
245, 45
245, 46
245, 47
245, 48
245, 59
245, 60
245, 61
245, 62
245, 63
245, 64
245, 65
245, 66
245, 67
245, 68
245, 69
245, 70
245, 71
245, 72
245, 73
245, 74
245, 75
245, 76
245, 77
245, 78
245, 79
245, 80
245, 81
245, 82
245, 83
245, 84
245, 85
245, 86
245, 87
245, 88
246, 42
246, 43
246, 44
246, 45
246, 46
246, 47
246, 48
246, 59
246, 60
246, 61
246, 62
246, 63
246, 64
246, 65
246, 66
246, 67
246, 68
246, 69
246, 70
246, 71
246, 72
246, 73
246, 74
246, 75
246, 76
246, 77
246, 78
246, 79
246, 80
246, 81
246, 82
246, 83
246, 84
246, 85
246, 86
246, 87
246, 88
247, 42
247, 43
247, 44
247, 45
247, 46
247, 47
247, 48
247, 60
247, 61
247, 62
247, 63
247, 64
247, 65
247, 66
247, 67
247, 68
247, 69
247, 70
247, 71
247, 72
247, 73
247, 74
247, 75
247, 76
247, 77
247, 78
247, 79
247, 80
247, 81
247, 82
247, 83
247, 84
247, 85
247, 86
247, 87
247, 88
248, 41
248, 42
248, 43
248, 44
248, 45
248, 46
248, 47
248, 60
248, 61
248, 62
248, 63
248, 64
248, 65
248, 66
248, 67
248, 68
248, 69
248, 70
248, 71
248, 72
248, 73
248, 74
248, 75
248, 76
248, 77
248, 78
248, 79
248, 80
248, 81
248, 82
248, 83
248, 84
248, 85
248, 86
248, 87
248, 88
249, 41
249, 42
249, 43
249, 44
249, 45
249, 46
249, 47
249, 60
249, 61
249, 62
249, 63
249, 64
249, 65
249, 66
249, 67
249, 68
249, 69
249, 70
249, 71
249, 72
249, 73
249, 74
249, 75
249, 76
249, 77
249, 78
249, 79
249, 80
249, 81
249, 82
249, 83
249, 84
249, 85
249, 86
249, 87
249, 88
250, 41
250, 42
250, 43
250, 44
250, 45
250, 46
250, 47
250, 60
250, 61
250, 62
250, 63
250, 64
250, 65
250, 66
250, 67
250, 68
250, 69
250, 70
250, 71
250, 72
250, 73
250, 74
250, 75
250, 76
250, 77
250, 78
250, 79
250, 80
250, 81
250, 82
250, 83
250, 84
250, 85
250, 86
250, 87
250, 88
251, 41
251, 42
251, 43
251, 44
251, 45
251, 46
251, 47
251, 60
251, 61
251, 62
251, 63
251, 64
251, 65
251, 66
251, 67
251, 68
251, 69
251, 70
251, 71
251, 72
251, 73
251, 74
251, 75
251, 76
251, 77
251, 78
251, 79
251, 80
251, 81
251, 82
251, 83
251, 84
251, 85
251, 86
251, 87
251, 88
252, 41
252, 42
252, 43
252, 44
252, 45
252, 46
252, 47
252, 60
252, 61
252, 62
252, 63
252, 64
252, 65
252, 66
252, 67
252, 68
252, 69
252, 70
252, 71
252, 72
252, 73
252, 74
252, 75
252, 76
252, 77
252, 78
252, 79
252, 80
252, 81
252, 82
252, 83
252, 84
252, 85
252, 86
252, 87
252, 88
253, 41
253, 42
253, 43
253, 44
253, 45
253, 46
253, 47
253, 60
253, 61
253, 62
253, 63
253, 64
253, 65
253, 66
253, 67
253, 68
253, 69
253, 70
253, 71
253, 72
253, 73
253, 74
253, 75
253, 76
253, 77
253, 78
253, 79
253, 80
253, 81
253, 82
253, 83
253, 84
253, 85
253, 86
253, 87
254, 41
254, 42
254, 43
254, 44
254, 45
254, 46
254, 47
254, 60
254, 61
254, 62
254, 63
254, 64
254, 65
254, 66
254, 67
254, 68
254, 69
254, 70
254, 71
254, 72
254, 73
254, 74
254, 75
254, 76
254, 77
254, 78
254, 79
254, 80
254, 81
254, 82
254, 83
254, 84
254, 85
254, 86
254, 87
255, 40
255, 41
255, 42
255, 43
255, 44
255, 45
255, 46
255, 47
255, 60
255, 61
255, 62
255, 63
255, 64
255, 65
255, 66
255, 67
255, 68
255, 69
255, 70
255, 71
255, 72
255, 73
255, 74
255, 75
255, 76
255, 77
255, 78
255, 79
255, 80
255, 81
255, 82
255, 83
255, 84
255, 85
255, 86
255, 87
256, 40
256, 41
256, 42
256, 43
256, 44
256, 45
256, 46
256, 47
256, 61
256, 62
256, 63
256, 64
256, 65
256, 66
256, 67
256, 68
256, 69
256, 70
256, 71
256, 72
256, 73
256, 74
256, 75
256, 76
256, 77
256, 78
256, 79
256, 80
256, 81
256, 82
256, 83
256, 84
256, 85
256, 86
256, 87
257, 40
257, 41
257, 42
257, 43
257, 44
257, 45
257, 46
257, 47
257, 61
257, 62
257, 63
257, 64
257, 65
257, 66
257, 67
257, 68
257, 69
257, 70
257, 71
257, 72
257, 73
257, 74
257, 75
257, 76
257, 77
257, 78
257, 79
257, 80
257, 81
257, 82
257, 83
257, 84
257, 85
257, 86
257, 87
258, 40
258, 41
258, 42
258, 43
258, 44
258, 45
258, 46
258, 47
258, 61
258, 62
258, 63
258, 64
258, 65
258, 66
258, 67
258, 68
258, 69
258, 70
258, 71
258, 72
258, 73
258, 74
258, 75
258, 76
258, 77
258, 78
258, 79
258, 80
258, 81
258, 82
258, 83
258, 84
258, 85
258, 86
258, 87
259, 41
259, 42
259, 43
259, 44
259, 45
259, 46
259, 47
259, 61
259, 62
259, 63
259, 64
259, 65
259, 66
259, 67
259, 68
259, 69
259, 70
259, 71
259, 72
259, 73
259, 74
259, 75
259, 76
259, 77
259, 78
259, 79
259, 80
259, 81
259, 82
259, 83
259, 84
259, 85
259, 86
259, 87
260, 41
260, 42
260, 43
260, 44
260, 45
260, 46
260, 61
260, 62
260, 63
260, 64
260, 65
260, 66
260, 67
260, 68
260, 69
260, 70
260, 71
260, 72
260, 73
260, 74
260, 75
260, 76
260, 77
260, 78
260, 79
260, 80
260, 81
260, 82
260, 83
260, 84
260, 85
260, 86
260, 87
261, 41
261, 42
261, 43
261, 44
261, 45
261, 61
261, 62
261, 63
261, 64
261, 65
261, 66
261, 67
261, 68
261, 69
261, 70
261, 71
261, 72
261, 73
261, 74
261, 75
261, 76
261, 77
261, 78
261, 79
261, 80
261, 81
261, 82
261, 83
261, 84
261, 85
261, 86
261, 87
262, 41
262, 42
262, 43
262, 44
262, 62
262, 63
262, 64
262, 65
262, 66
262, 67
262, 68
262, 69
262, 70
262, 71
262, 72
262, 73
262, 74
262, 75
262, 76
262, 77
262, 78
262, 79
262, 80
262, 81
262, 82
262, 83
262, 84
262, 85
262, 86
262, 87
263, 42
263, 43
263, 44
263, 62
263, 63
263, 64
263, 65
263, 66
263, 67
263, 68
263, 69
263, 70
263, 71
263, 72
263, 73
263, 74
263, 75
263, 76
263, 77
263, 78
263, 79
263, 80
263, 81
263, 82
263, 83
263, 84
263, 85
263, 86
263, 87
264, 42
264, 43
264, 44
264, 62
264, 63
264, 64
264, 65
264, 66
264, 67
264, 68
264, 69
264, 70
264, 71
264, 72
264, 73
264, 74
264, 75
264, 76
264, 77
264, 78
264, 79
264, 80
264, 81
264, 82
264, 83
264, 84
264, 85
264, 86
264, 87
265, 42
265, 43
265, 44
265, 62
265, 63
265, 64
265, 65
265, 66
265, 67
265, 68
265, 69
265, 70
265, 71
265, 72
265, 73
265, 74
265, 75
265, 76
265, 77
265, 78
265, 79
265, 80
265, 81
265, 82
265, 83
265, 84
265, 85
265, 86
265, 87
266, 42
266, 43
266, 62
266, 63
266, 64
266, 65
266, 66
266, 67
266, 68
266, 69
266, 70
266, 71
266, 72
266, 73
266, 74
266, 75
266, 76
266, 77
266, 78
266, 79
266, 80
266, 81
266, 82
266, 83
266, 84
266, 85
266, 86
267, 42
267, 43
267, 62
267, 63
267, 64
267, 65
267, 66
267, 67
267, 68
267, 69
267, 70
267, 71
267, 72
267, 73
267, 74
267, 75
267, 76
267, 77
267, 78
267, 79
267, 80
267, 81
267, 82
267, 83
267, 84
267, 85
267, 86
268, 42
268, 43
268, 62
268, 63
268, 64
268, 65
268, 66
268, 67
268, 68
268, 69
268, 70
268, 71
268, 72
268, 73
268, 74
268, 75
268, 76
268, 77
268, 78
268, 79
268, 80
268, 81
268, 82
268, 83
268, 84
268, 85
268, 86
269, 42
269, 43
269, 62
269, 63
269, 64
269, 65
269, 66
269, 67
269, 68
269, 69
269, 70
269, 71
269, 72
269, 73
269, 74
269, 75
269, 76
269, 77
269, 78
269, 79
269, 80
269, 81
269, 82
269, 83
269, 84
269, 85
269, 86
270, 62
270, 63
270, 64
270, 65
270, 66
270, 67
270, 68
270, 69
270, 70
270, 71
270, 72
270, 73
270, 74
270, 75
270, 76
270, 77
270, 78
270, 79
270, 80
270, 81
270, 82
270, 83
270, 84
270, 85
270, 86
271, 62
271, 63
271, 64
271, 65
271, 66
271, 67
271, 68
271, 69
271, 70
271, 71
271, 72
271, 73
271, 74
271, 75
271, 76
271, 77
271, 78
271, 79
271, 80
271, 81
271, 82
271, 83
271, 84
271, 85
271, 86
272, 62
272, 63
272, 64
272, 65
272, 66
272, 67
272, 68
272, 69
272, 70
272, 71
272, 72
272, 73
272, 74
272, 75
272, 76
272, 77
272, 78
272, 79
272, 80
272, 81
272, 82
272, 83
272, 84
272, 85
272, 86
273, 63
273, 64
273, 65
273, 66
273, 67
273, 68
273, 69
273, 70
273, 71
273, 72
273, 73
273, 74
273, 75
273, 76
273, 77
273, 78
273, 79
273, 80
273, 81
273, 82
273, 83
273, 84
273, 85
273, 86
274, 63
274, 64
274, 65
274, 66
274, 67
274, 68
274, 69
274, 70
274, 71
274, 72
274, 73
274, 74
274, 75
274, 76
274, 77
274, 78
274, 79
274, 80
274, 81
274, 82
274, 83
274, 84
274, 85
274, 86
275, 63
275, 64
275, 65
275, 66
275, 67
275, 68
275, 69
275, 70
275, 71
275, 72
275, 73
275, 74
275, 75
275, 76
275, 77
275, 78
275, 79
275, 80
275, 81
275, 82
275, 83
275, 84
275, 85
275, 86
276, 63
276, 64
276, 65
276, 66
276, 67
276, 68
276, 69
276, 70
276, 71
276, 72
276, 73
276, 74
276, 75
276, 76
276, 77
276, 78
276, 79
276, 80
276, 81
276, 82
276, 83
276, 84
276, 85
276, 86
277, 63
277, 64
277, 65
277, 66
277, 67
277, 68
277, 69
277, 70
277, 71
277, 72
277, 73
277, 74
277, 75
277, 76
277, 77
277, 78
277, 79
277, 80
277, 81
277, 82
277, 83
277, 84
277, 85
277, 86
278, 63
278, 64
278, 65
278, 66
278, 67
278, 68
278, 69
278, 70
278, 71
278, 72
278, 73
278, 74
278, 75
278, 76
278, 77
278, 78
278, 79
278, 80
278, 81
278, 82
278, 83
278, 84
278, 85
278, 86
279, 63
279, 64
279, 65
279, 66
279, 67
279, 68
279, 69
279, 70
279, 71
279, 72
279, 73
279, 74
279, 75
279, 76
279, 77
279, 78
279, 79
279, 80
279, 81
279, 82
279, 83
279, 84
279, 85
279, 86
280, 63
280, 64
280, 65
280, 66
280, 67
280, 68
280, 69
280, 70
280, 71
280, 72
280, 73
280, 74
280, 75
280, 76
280, 77
280, 78
280, 79
280, 80
280, 81
280, 82
280, 83
280, 84
280, 85
281, 63
281, 64
281, 65
281, 66
281, 67
281, 68
281, 69
281, 70
281, 71
281, 72
281, 73
281, 74
281, 75
281, 76
281, 77
281, 78
281, 79
281, 80
281, 81
281, 82
281, 83
281, 84
281, 85
282, 63
282, 64
282, 65
282, 66
282, 67
282, 68
282, 69
282, 70
282, 71
282, 72
282, 73
282, 74
282, 75
282, 76
282, 77
282, 78
282, 79
282, 80
282, 81
282, 82
282, 83
282, 84
282, 85
283, 63
283, 64
283, 65
283, 66
283, 67
283, 68
283, 69
283, 70
283, 71
283, 72
283, 73
283, 74
283, 75
283, 76
283, 77
283, 78
283, 79
283, 80
283, 81
283, 82
283, 83
283, 84
283, 85
284, 63
284, 64
284, 65
284, 66
284, 67
284, 68
284, 69
284, 70
284, 71
284, 72
284, 73
284, 74
284, 75
284, 76
284, 77
284, 78
284, 79
284, 80
284, 81
284, 82
284, 83
284, 84
284, 85
285, 63
285, 64
285, 65
285, 66
285, 67
285, 68
285, 69
285, 70
285, 71
285, 72
285, 73
285, 74
285, 75
285, 76
285, 77
285, 78
285, 79
285, 80
285, 81
285, 82
285, 83
285, 84
285, 85
286, 62
286, 63
286, 64
286, 65
286, 66
286, 67
286, 68
286, 69
286, 70
286, 71
286, 72
286, 73
286, 74
286, 75
286, 76
286, 77
286, 78
286, 79
286, 80
286, 81
286, 82
286, 83
286, 84
286, 85
287, 62
287, 63
287, 64
287, 65
287, 66
287, 67
287, 68
287, 69
287, 70
287, 71
287, 72
287, 73
287, 74
287, 75
287, 76
287, 77
287, 78
287, 79
287, 80
287, 81
287, 82
287, 83
287, 84
287, 85
288, 62
288, 63
288, 64
288, 65
288, 66
288, 67
288, 68
288, 69
288, 70
288, 71
288, 72
288, 73
288, 74
288, 75
288, 76
288, 77
288, 78
288, 79
288, 80
288, 81
288, 82
288, 83
288, 84
288, 85
289, 62
289, 63
289, 64
289, 65
289, 66
289, 67
289, 68
289, 69
289, 70
289, 71
289, 72
289, 73
289, 74
289, 75
289, 76
289, 77
289, 78
289, 79
289, 80
289, 81
289, 82
289, 83
289, 84
289, 85
290, 62
290, 63
290, 64
290, 65
290, 66
290, 67
290, 68
290, 69
290, 70
290, 71
290, 72
290, 73
290, 74
290, 75
290, 76
290, 77
290, 78
290, 79
290, 80
290, 81
290, 82
290, 83
290, 84
290, 85
291, 62
291, 63
291, 64
291, 65
291, 66
291, 67
291, 68
291, 69
291, 70
291, 71
291, 72
291, 73
291, 74
291, 75
291, 76
291, 77
291, 78
291, 79
291, 80
291, 81
291, 82
291, 83
291, 84
291, 85
292, 62
292, 63
292, 64
292, 65
292, 66
292, 67
292, 68
292, 69
292, 70
292, 71
292, 72
292, 73
292, 74
292, 75
292, 76
292, 77
292, 78
292, 79
292, 80
292, 81
292, 82
292, 83
292, 84
292, 85
293, 62
293, 63
293, 64
293, 65
293, 66
293, 67
293, 68
293, 69
293, 70
293, 71
293, 72
293, 73
293, 74
293, 75
293, 76
293, 77
293, 78
293, 79
293, 80
293, 81
293, 82
293, 83
293, 84
293, 85
294, 62
294, 63
294, 64
294, 65
294, 66
294, 67
294, 68
294, 69
294, 70
294, 71
294, 72
294, 73
294, 74
294, 75
294, 76
294, 77
294, 78
294, 79
294, 80
294, 81
294, 82
294, 83
294, 84
294, 85
295, 62
295, 63
295, 64
295, 65
295, 66
295, 67
295, 68
295, 69
295, 70
295, 71
295, 72
295, 73
295, 74
295, 75
295, 76
295, 77
295, 78
295, 79
295, 80
295, 81
295, 82
295, 83
295, 84
295, 85
296, 62
296, 63
296, 64
296, 65
296, 66
296, 67
296, 68
296, 69
296, 70
296, 71
296, 72
296, 73
296, 74
296, 75
296, 76
296, 77
296, 78
296, 79
296, 80
296, 81
296, 82
296, 83
296, 84
296, 85
297, 62
297, 63
297, 64
297, 65
297, 66
297, 67
297, 68
297, 69
297, 70
297, 71
297, 72
297, 73
297, 74
297, 75
297, 76
297, 77
297, 78
297, 79
297, 80
297, 81
297, 82
297, 83
297, 84
297, 85
298, 62
298, 63
298, 64
298, 65
298, 66
298, 67
298, 68
298, 69
298, 70
298, 71
298, 72
298, 73
298, 74
298, 75
298, 76
298, 77
298, 78
298, 79
298, 80
298, 81
298, 82
298, 83
298, 84
298, 85
299, 61
299, 62
299, 63
299, 64
299, 65
299, 66
299, 67
299, 68
299, 69
299, 70
299, 71
299, 72
299, 73
299, 74
299, 75
299, 76
299, 77
299, 78
299, 79
299, 80
299, 81
299, 82
299, 83
299, 84
299, 85
300, 61
300, 62
300, 63
300, 64
300, 65
300, 66
300, 67
300, 68
300, 69
300, 70
300, 71
300, 72
300, 73
300, 74
300, 75
300, 76
300, 77
300, 78
300, 79
300, 80
300, 81
300, 82
300, 83
300, 84
300, 85
301, 61
301, 62
301, 63
301, 64
301, 65
301, 66
301, 67
301, 68
301, 69
301, 70
301, 71
301, 72
301, 73
301, 74
301, 75
301, 76
301, 77
301, 78
301, 79
301, 80
301, 81
301, 82
301, 83
301, 84
301, 85
302, 61
302, 62
302, 63
302, 64
302, 65
302, 66
302, 67
302, 68
302, 69
302, 70
302, 71
302, 72
302, 73
302, 74
302, 75
302, 76
302, 77
302, 78
302, 79
302, 80
302, 81
302, 82
302, 83
302, 84
302, 85
303, 61
303, 62
303, 63
303, 64
303, 65
303, 66
303, 67
303, 68
303, 69
303, 70
303, 71
303, 72
303, 73
303, 74
303, 75
303, 76
303, 77
303, 78
303, 79
303, 80
303, 81
303, 82
303, 83
303, 84
303, 85
304, 61
304, 62
304, 63
304, 64
304, 65
304, 66
304, 67
304, 68
304, 69
304, 70
304, 71
304, 72
304, 73
304, 74
304, 75
304, 76
304, 77
304, 78
304, 79
304, 80
304, 81
304, 82
304, 83
304, 84
304, 85
305, 61
305, 62
305, 63
305, 64
305, 65
305, 66
305, 67
305, 68
305, 69
305, 70
305, 71
305, 72
305, 73
305, 74
305, 75
305, 76
305, 77
305, 78
305, 79
305, 80
305, 81
305, 82
305, 83
305, 84
305, 85
306, 62
306, 63
306, 64
306, 65
306, 66
306, 67
306, 68
306, 69
306, 70
306, 71
306, 72
306, 73
306, 74
306, 75
306, 76
306, 77
306, 78
306, 79
306, 80
306, 81
306, 82
306, 83
306, 84
307, 63
307, 64
307, 65
307, 66
307, 67
307, 68
307, 69
307, 70
307, 71
307, 72
307, 73
307, 74
307, 75
307, 76
307, 77
307, 78
307, 79
307, 80
307, 81
307, 82
307, 83
307, 84
308, 65
308, 66
308, 67
308, 68
308, 69
308, 70
308, 71
308, 72
308, 73
308, 74
308, 75
308, 76
308, 77
308, 78
308, 79
308, 80
308, 81
308, 82
308, 83
