39, 8
39, 9
40, 8
40, 9
40, 10
41, 8
41, 9
41, 10
41, 11
41, 12
42, 8
42, 9
42, 10
42, 11
42, 12
42, 13
43, 8
43, 9
43, 10
43, 11
43, 12
43, 13
43, 14
43, 15
43, 16
43, 17
43, 18
43, 21
43, 22
44, 8
44, 9
44, 10
44, 11
44, 12
44, 13
44, 14
44, 15
44, 16
44, 17
44, 18
44, 19
44, 20
44, 21
44, 22
45, 8
45, 9
45, 10
45, 11
45, 12
45, 13
45, 14
45, 15
45, 16
45, 17
45, 18
45, 19
45, 20
45, 21
45, 22
45, 23
46, 8
46, 9
46, 10
46, 11
46, 12
46, 13
46, 14
46, 15
46, 16
46, 17
46, 18
46, 19
46, 20
46, 21
46, 22
46, 23
47, 8
47, 9
47, 10
47, 11
47, 12
47, 13
47, 14
47, 15
47, 16
47, 17
47, 18
47, 19
47, 20
47, 21
47, 22
47, 23
48, 8
48, 9
48, 10
48, 11
48, 12
48, 13
48, 14
48, 15
48, 16
48, 17
48, 18
48, 19
48, 20
48, 21
48, 22
48, 23
49, 8
49, 9
49, 10
49, 11
49, 12
49, 13
49, 14
49, 15
49, 16
49, 17
49, 18
49, 19
49, 20
49, 21
49, 22
49, 23
50, 8
50, 9
50, 10
50, 11
50, 12
50, 13
50, 14
50, 15
50, 16
50, 17
50, 18
50, 19
50, 20
50, 21
50, 22
50, 23
51, 8
51, 9
51, 10
51, 11
51, 12
51, 13
51, 14
51, 15
51, 16
51, 17
51, 18
51, 19
51, 20
51, 21
51, 22
51, 23
52, 8
52, 9
52, 10
52, 11
52, 12
52, 13
52, 14
52, 15
52, 16
52, 17
52, 18
52, 19
52, 20
52, 21
52, 22
52, 23
53, 8
53, 9
53, 10
53, 11
53, 12
53, 13
53, 14
53, 15
53, 16
53, 17
53, 18
53, 19
53, 20
53, 21
53, 22
53, 23
54, 8
54, 9
54, 10
54, 11
54, 12
54, 13
54, 14
54, 15
54, 16
54, 17
54, 18
54, 19
54, 20
54, 21
54, 22
54, 23
55, 8
55, 9
55, 10
55, 11
55, 12
55, 13
55, 14
55, 15
55, 16
55, 17
55, 18
55, 19
55, 20
55, 21
55, 22
55, 23
56, 8
56, 9
56, 10
56, 11
56, 12
56, 13
56, 14
56, 15
56, 16
56, 17
56, 18
56, 19
56, 20
56, 21
56, 22
56, 23
57, 8
57, 9
57, 10
57, 11
57, 12
57, 13
57, 14
57, 15
57, 16
57, 17
57, 18
57, 19
57, 20
57, 21
57, 22
57, 23
58, 8
58, 9
58, 10
58, 11
58, 12
58, 13
58, 14
58, 15
58, 16
58, 17
58, 18
58, 19
58, 20
58, 21
58, 22
58, 23
59, 8
59, 9
59, 10
59, 11
59, 12
59, 13
59, 14
59, 15
59, 16
59, 17
59, 18
59, 19
59, 20
59, 21
59, 22
59, 23
60, 8
60, 9
60, 10
60, 11
60, 12
60, 13
60, 14
60, 15
60, 16
60, 17
60, 18
60, 19
60, 20
60, 21
60, 22
60, 23
61, 8
61, 9
61, 10
61, 11
61, 12
61, 13
61, 14
61, 15
61, 16
61, 17
61, 18
61, 19
61, 20
61, 21
61, 22
61, 23
62, 8
62, 9
62, 10
62, 11
62, 12
62, 13
62, 14
62, 15
62, 16
62, 17
62, 18
62, 19
62, 20
62, 21
62, 22
62, 23
63, 8
63, 9
63, 10
63, 11
63, 12
63, 13
63, 14
63, 15
63, 16
63, 17
63, 18
63, 19
63, 20
63, 21
63, 22
63, 23
64, 9
64, 10
64, 11
64, 12
64, 13
64, 14
64, 15
64, 16
64, 17
64, 18
64, 19
64, 20
64, 21
64, 22
64, 23
65, 9
65, 10
65, 11
65, 12
65, 13
65, 14
65, 15
65, 16
65, 17
65, 18
65, 19
65, 20
65, 21
65, 22
65, 23
66, 9
66, 10
66, 11
66, 12
66, 13
66, 14
66, 15
66, 16
66, 17
66, 18
66, 19
66, 20
66, 21
66, 22
67, 9
67, 10
67, 11
67, 12
67, 13
67, 14
67, 15
67, 16
67, 17
67, 18
67, 19
67, 20
67, 21
67, 22
68, 9
68, 10
68, 11
68, 12
68, 13
68, 14
68, 15
68, 16
68, 17
68, 18
68, 19
68, 20
68, 21
68, 22
69, 9
69, 10
69, 11
69, 12
69, 13
69, 14
69, 15
69, 16
69, 17
69, 18
69, 19
69, 20
70, 9
70, 10
70, 11
70, 12
70, 13
70, 14
70, 15
70, 16
70, 17
71, 9
71, 10
71, 11
71, 12
71, 13
71, 14
71, 15
71, 16
72, 9
72, 10
72, 11
72, 12
72, 13
72, 14
72, 15
72, 16
73, 9
73, 10
73, 11
73, 12
73, 13
73, 14
73, 15
73, 16
74, 9
74, 10
74, 11
74, 12
74, 13
74, 14
74, 15
74, 16
75, 9
75, 10
75, 11
75, 12
75, 13
75, 14
75, 15
75, 16
76, 10
76, 11
76, 12
76, 13
76, 14
76, 15
76, 16
77, 10
77, 11
77, 12
77, 13
77, 14
77, 15
77, 16
78, 10
78, 11
78, 12
78, 13
78, 14
78, 15
78, 16
79, 10
79, 11
79, 12
79, 13
79, 14
79, 15
79, 16
80, 10
80, 11
80, 12
80, 13
80, 14
80, 15
80, 16
81, 10
81, 11
81, 12
81, 13
81, 14
81, 15
82, 10
82, 11
82, 12
82, 13
82, 14
82, 15
83, 9
83, 10
83, 11
83, 12
83, 13
83, 14
83, 15
84, 9
84, 10
84, 11
84, 12
84, 13
84, 14
84, 15
85, 10
85, 11
85, 12
85, 13
85, 14
85, 15
86, 10
86, 11
86, 12
86, 13
86, 14
86, 15
87, 10
87, 11
87, 12
87, 13
87, 14
87, 15
88, 10
88, 11
88, 12
88, 13
88, 14
89, 10
89, 11
89, 12
89, 13
89, 14
90, 10
90, 11
90, 12
90, 13
90, 14
91, 10
91, 11
91, 12
91, 13
91, 14
92, 9
92, 10
92, 11
92, 12
92, 13
92, 14
93, 9
93, 10
93, 11
93, 12
93, 13
93, 14
94, 9
94, 10
94, 11
94, 12
94, 13
94, 14
95, 9
95, 10
95, 11
95, 12
95, 13
95, 14
96, 9
96, 10
96, 11
96, 12
96, 13
96, 14
97, 9
97, 10
97, 11
97, 12
97, 13
97, 14
98, 9
98, 10
98, 11
98, 12
98, 13
98, 14
99, 9
99, 10
99, 11
99, 12
99, 13
99, 14
100, 11
100, 12
100, 13
100, 14
