231, 149
231, 150
231, 151
232, 145
232, 146
232, 147
232, 148
232, 149
232, 150
232, 151
232, 152
233, 108
233, 109
233, 110
233, 111
233, 112
233, 113
233, 114
233, 134
233, 135
233, 136
233, 137
233, 138
233, 139
233, 140
233, 141
233, 142
233, 143
233, 144
233, 145
233, 146
233, 147
233, 148
233, 149
233, 150
233, 151
233, 152
233, 153
234, 106
234, 107
234, 108
234, 109
234, 110
234, 111
234, 112
234, 113
234, 114
234, 115
234, 116
234, 117
234, 118
234, 131
234, 132
234, 133
234, 134
234, 135
234, 136
234, 137
234, 138
234, 139
234, 140
234, 141
234, 142
234, 143
234, 144
234, 145
234, 146
234, 147
234, 148
234, 149
234, 150
234, 151
234, 152
234, 153
234, 154
234, 155
234, 200
235, 105
235, 106
235, 107
235, 108
235, 109
235, 110
235, 111
235, 112
235, 113
235, 114
235, 115
235, 116
235, 117
235, 118
235, 119
235, 120
235, 121
235, 122
235, 123
235, 124
235, 125
235, 126
235, 127
235, 128
235, 129
235, 130
235, 131
235, 132
235, 133
235, 134
235, 135
235, 136
235, 137
235, 138
235, 139
235, 140
235, 141
235, 142
235, 143
235, 144
235, 145
235, 146
235, 147
235, 148
235, 149
235, 150
235, 151
235, 152
235, 153
235, 154
235, 155
235, 156
235, 199
235, 200
236, 104
236, 105
236, 106
236, 107
236, 108
236, 109
236, 110
236, 111
236, 112
236, 113
236, 114
236, 115
236, 116
236, 117
236, 118
236, 119
236, 120
236, 121
236, 122
236, 123
236, 124
236, 125
236, 126
236, 127
236, 128
236, 129
236, 130
236, 131
236, 132
236, 133
236, 134
236, 135
236, 136
236, 137
236, 138
236, 139
236, 140
236, 141
236, 142
236, 143
236, 144
236, 145
236, 146
236, 147
236, 148
236, 149
236, 150
236, 151
236, 152
236, 153
236, 154
236, 155
236, 199
236, 200
236, 201
237, 103
237, 104
237, 105
237, 106
237, 107
237, 108
237, 109
237, 110
237, 111
237, 112
237, 113
237, 114
237, 115
237, 116
237, 117
237, 118
237, 119
237, 120
237, 121
237, 122
237, 123
237, 124
237, 125
237, 126
237, 127
237, 128
237, 129
237, 130
237, 131
237, 132
237, 133
237, 134
237, 135
237, 136
237, 137
237, 138
237, 139
237, 140
237, 141
237, 142
237, 143
237, 144
237, 145
237, 146
237, 147
237, 148
237, 149
237, 150
237, 151
237, 152
237, 153
237, 154
237, 155
237, 199
237, 200
237, 201
238, 102
238, 103
238, 104
238, 105
238, 106
238, 107
238, 108
238, 109
238, 110
238, 111
238, 112
238, 113
238, 114
238, 115
238, 116
238, 117
238, 118
238, 119
238, 120
238, 121
238, 122
238, 123
238, 124
238, 125
238, 126
238, 127
238, 128
238, 129
238, 130
238, 131
238, 132
238, 133
238, 134
238, 135
238, 136
238, 137
238, 138
238, 139
238, 140
238, 141
238, 142
238, 143
238, 144
238, 145
238, 146
238, 147
238, 148
238, 149
238, 150
238, 151
238, 152
238, 153
238, 154
238, 198
238, 199
238, 200
238, 201
239, 102
239, 103
239, 104
239, 105
239, 106
239, 107
239, 108
239, 109
239, 110
239, 111
239, 112
239, 113
239, 114
239, 115
239, 116
239, 117
239, 118
239, 119
239, 120
239, 121
239, 122
239, 123
239, 124
239, 125
239, 126
239, 127
239, 128
239, 129
239, 130
239, 131
239, 132
239, 133
239, 134
239, 135
239, 136
239, 137
239, 138
239, 139
239, 140
239, 141
239, 142
239, 143
239, 144
239, 145
239, 146
239, 147
239, 148
239, 149
239, 150
239, 151
239, 152
239, 153
239, 154
239, 198
239, 199
239, 200
239, 201
240, 102
240, 103
240, 104
240, 105
240, 106
240, 107
240, 108
240, 109
240, 110
240, 111
240, 112
240, 113
240, 114
240, 115
240, 116
240, 117
240, 118
240, 119
240, 120
240, 121
240, 122
240, 123
240, 124
240, 125
240, 126
240, 127
240, 128
240, 129
240, 130
240, 131
240, 132
240, 133
240, 134
240, 135
240, 136
240, 137
240, 138
240, 139
240, 140
240, 141
240, 142
240, 143
240, 144
240, 145
240, 146
240, 147
240, 148
240, 149
240, 150
240, 151
240, 152
240, 153
240, 154
240, 198
240, 199
240, 200
240, 201
241, 101
241, 102
241, 103
241, 104
241, 105
241, 106
241, 107
241, 108
241, 109
241, 110
241, 111
241, 112
241, 113
241, 114
241, 115
241, 116
241, 117
241, 118
241, 119
241, 120
241, 121
241, 122
241, 123
241, 124
241, 125
241, 126
241, 127
241, 128
241, 129
241, 130
241, 131
241, 132
241, 133
241, 134
241, 135
241, 136
241, 137
241, 138
241, 139
241, 140
241, 141
241, 142
241, 143
241, 144
241, 145
241, 146
241, 147
241, 148
241, 149
241, 150
241, 151
241, 152
241, 153
241, 154
241, 155
241, 198
241, 199
241, 200
241, 201
242, 101
242, 102
242, 103
242, 104
242, 105
242, 106
242, 107
242, 108
242, 109
242, 110
242, 111
242, 112
242, 113
242, 114
242, 115
242, 116
242, 117
242, 118
242, 119
242, 120
242, 121
242, 122
242, 123
242, 124
242, 125
242, 126
242, 127
242, 128
242, 129
242, 130
242, 131
242, 132
242, 133
242, 134
242, 135
242, 136
242, 137
242, 138
242, 139
242, 140
242, 141
242, 142
242, 143
242, 144
242, 145
242, 146
242, 147
242, 148
242, 149
242, 150
242, 151
242, 152
242, 153
242, 154
242, 155
242, 156
242, 197
242, 198
242, 199
242, 200
242, 201
242, 202
243, 100
243, 101
243, 102
243, 103
243, 104
243, 105
243, 106
243, 107
243, 108
243, 109
243, 110
243, 111
243, 112
243, 113
243, 114
243, 115
243, 116
243, 117
243, 118
243, 119
243, 120
243, 121
243, 122
243, 123
243, 124
243, 125
243, 126
243, 127
243, 128
243, 129
243, 130
243, 131
243, 132
243, 133
243, 134
243, 135
243, 136
243, 137
243, 138
243, 139
243, 140
243, 141
243, 142
243, 143
243, 144
243, 145
243, 146
243, 147
243, 148
243, 149
243, 150
243, 151
243, 152
243, 153
243, 154
243, 155
243, 156
243, 197
243, 198
243, 199
243, 200
243, 201
243, 202
244, 100
244, 101
244, 102
244, 103
244, 104
244, 105
244, 106
244, 107
244, 108
244, 109
244, 110
244, 111
244, 112
244, 113
244, 114
244, 115
244, 116
244, 117
244, 118
244, 119
244, 120
244, 121
244, 122
244, 123
244, 124
244, 125
244, 126
244, 127
244, 128
244, 129
244, 130
244, 131
244, 132
244, 133
244, 134
244, 135
244, 136
244, 137
244, 138
244, 139
244, 140
244, 141
244, 142
244, 143
244, 144
244, 145
244, 146
244, 147
244, 148
244, 149
244, 150
244, 151
244, 152
244, 153
244, 154
244, 155
244, 156
244, 157
244, 167
244, 168
244, 169
244, 187
244, 188
244, 189
244, 190
244, 191
244, 192
244, 197
244, 198
244, 199
244, 200
244, 201
244, 202
245, 100
245, 101
245, 102
245, 103
245, 104
245, 105
245, 106
245, 107
245, 108
245, 109
245, 110
245, 111
245, 112
245, 113
245, 114
245, 115
245, 116
245, 117
245, 118
245, 119
245, 120
245, 121
245, 122
245, 123
245, 124
245, 125
245, 126
245, 127
245, 128
245, 129
245, 130
245, 131
245, 132
245, 133
245, 134
245, 135
245, 136
245, 137
245, 138
245, 139
245, 140
245, 141
245, 142
245, 143
245, 144
245, 145
245, 146
245, 147
245, 148
245, 149
245, 150
245, 151
245, 152
245, 153
245, 154
245, 155
245, 156
245, 157
245, 167
245, 168
245, 169
245, 170
245, 188
245, 189
245, 190
245, 191
245, 192
245, 197
245, 198
245, 199
245, 200
245, 201
245, 202
246, 100
246, 101
246, 102
246, 103
246, 104
246, 105
246, 106
246, 107
246, 108
246, 109
246, 110
246, 111
246, 112
246, 113
246, 114
246, 115
246, 116
246, 117
246, 118
246, 119
246, 120
246, 121
246, 122
246, 123
246, 124
246, 125
246, 126
246, 127
246, 128
246, 129
246, 130
246, 131
246, 132
246, 133
246, 134
246, 135
246, 136
246, 137
246, 138
246, 139
246, 140
246, 141
246, 142
246, 143
246, 144
246, 145
246, 146
246, 147
246, 148
246, 149
246, 150
246, 151
246, 152
246, 153
246, 154
246, 155
246, 156
246, 157
246, 167
246, 168
246, 169
246, 170
246, 171
246, 197
246, 198
246, 199
246, 200
246, 201
246, 202
247, 100
247, 101
247, 102
247, 103
247, 104
247, 105
247, 106
247, 107
247, 108
247, 109
247, 110
247, 111
247, 112
247, 113
247, 114
247, 115
247, 116
247, 117
247, 118
247, 119
247, 120
247, 121
247, 122
247, 123
247, 124
247, 125
247, 126
247, 127
247, 128
247, 129
247, 130
247, 131
247, 132
247, 133
247, 134
247, 135
247, 136
247, 137
247, 138
247, 139
247, 140
247, 141
247, 142
247, 143
247, 144
247, 145
247, 146
247, 147
247, 148
247, 149
247, 150
247, 151
247, 152
247, 153
247, 154
247, 155
247, 156
247, 157
247, 167
247, 168
247, 169
247, 170
247, 171
247, 197
247, 198
247, 199
247, 200
247, 201
247, 202
248, 100
248, 101
248, 102
248, 103
248, 104
248, 105
248, 106
248, 107
248, 108
248, 109
248, 110
248, 111
248, 112
248, 113
248, 114
248, 115
248, 116
248, 117
248, 118
248, 119
248, 120
248, 121
248, 122
248, 123
248, 124
248, 125
248, 126
248, 127
248, 128
248, 129
248, 130
248, 131
248, 132
248, 133
248, 134
248, 135
248, 136
248, 137
248, 138
248, 139
248, 140
248, 141
248, 142
248, 143
248, 144
248, 145
248, 146
248, 147
248, 148
248, 149
248, 150
248, 151
248, 152
248, 153
248, 154
248, 155
248, 156
248, 157
248, 158
248, 167
248, 168
248, 169
248, 170
248, 171
248, 198
248, 199
248, 200
248, 201
248, 202
249, 100
249, 101
249, 102
249, 103
249, 104
249, 105
249, 106
249, 107
249, 108
249, 109
249, 110
249, 111
249, 112
249, 113
249, 114
249, 115
249, 116
249, 117
249, 118
249, 119
249, 120
249, 121
249, 122
249, 123
249, 124
249, 125
249, 126
249, 127
249, 128
249, 129
249, 130
249, 131
249, 132
249, 133
249, 134
249, 135
249, 136
249, 137
249, 138
249, 139
249, 140
249, 141
249, 142
249, 143
249, 144
249, 145
249, 146
249, 147
249, 148
249, 149
249, 150
249, 151
249, 152
249, 153
249, 154
249, 155
249, 156
249, 157
249, 158
249, 167
249, 168
249, 169
249, 170
249, 171
249, 172
249, 198
249, 199
249, 200
249, 201
249, 202
250, 100
250, 101
250, 102
250, 103
250, 104
250, 105
250, 106
250, 107
250, 108
250, 109
250, 110
250, 111
250, 112
250, 113
250, 114
250, 115
250, 116
250, 117
250, 118
250, 119
250, 120
250, 121
250, 122
250, 123
250, 124
250, 125
250, 126
250, 127
250, 128
250, 129
250, 130
250, 131
250, 132
250, 133
250, 134
250, 135
250, 136
250, 137
250, 138
250, 139
250, 140
250, 141
250, 142
250, 143
250, 144
250, 145
250, 146
250, 147
250, 148
250, 149
250, 150
250, 151
250, 152
250, 153
250, 154
250, 155
250, 156
250, 157
250, 158
250, 166
250, 167
250, 168
250, 169
250, 170
250, 171
250, 172
250, 173
250, 174
250, 198
250, 199
250, 200
250, 201
250, 202
251, 100
251, 101
251, 102
251, 103
251, 104
251, 105
251, 106
251, 107
251, 108
251, 109
251, 110
251, 111
251, 112
251, 113
251, 114
251, 115
251, 116
251, 117
251, 118
251, 119
251, 120
251, 121
251, 122
251, 123
251, 124
251, 125
251, 126
251, 127
251, 128
251, 129
251, 130
251, 131
251, 132
251, 133
251, 134
251, 135
251, 136
251, 137
251, 138
251, 139
251, 140
251, 141
251, 142
251, 143
251, 144
251, 145
251, 146
251, 147
251, 148
251, 149
251, 150
251, 151
251, 152
251, 153
251, 154
251, 155
251, 156
251, 157
251, 158
251, 159
251, 166
251, 167
251, 168
251, 169
251, 170
251, 171
251, 172
251, 173
251, 174
251, 175
251, 176
251, 198
251, 199
251, 200
251, 201
251, 202
251, 203
252, 99
252, 100
252, 101
252, 102
252, 103
252, 104
252, 105
252, 106
252, 107
252, 108
252, 109
252, 110
252, 111
252, 112
252, 113
252, 114
252, 115
252, 116
252, 117
252, 118
252, 119
252, 120
252, 121
252, 122
252, 123
252, 124
252, 125
252, 126
252, 127
252, 128
252, 129
252, 130
252, 131
252, 132
252, 133
252, 134
252, 135
252, 136
252, 137
252, 138
252, 139
252, 140
252, 141
252, 142
252, 143
252, 144
252, 145
252, 146
252, 147
252, 148
252, 149
252, 150
252, 151
252, 152
252, 153
252, 154
252, 155
252, 156
252, 157
252, 158
252, 159
252, 166
252, 167
252, 168
252, 169
252, 170
252, 171
252, 172
252, 173
252, 174
252, 175
252, 176
252, 177
252, 178
252, 179
252, 180
252, 197
252, 198
252, 199
252, 200
252, 201
252, 202
252, 203
253, 99
253, 100
253, 101
253, 102
253, 103
253, 104
253, 105
253, 106
253, 107
253, 108
253, 109
253, 110
253, 111
253, 112
253, 113
253, 114
253, 115
253, 116
253, 117
253, 118
253, 119
253, 120
253, 121
253, 122
253, 123
253, 124
253, 125
253, 126
253, 127
253, 128
253, 129
253, 130
253, 131
253, 132
253, 133
253, 134
253, 135
253, 136
253, 137
253, 138
253, 139
253, 140
253, 141
253, 142
253, 143
253, 144
253, 145
253, 146
253, 147
253, 148
253, 149
253, 150
253, 151
253, 152
253, 153
253, 154
253, 155
253, 156
253, 157
253, 158
253, 159
253, 160
253, 165
253, 166
253, 167
253, 168
253, 169
253, 170
253, 171
253, 172
253, 173
253, 174
253, 175
253, 176
253, 177
253, 178
253, 179
253, 180
253, 181
253, 192
253, 197
253, 198
253, 199
253, 200
253, 201
253, 202
253, 203
254, 99
254, 100
254, 101
254, 102
254, 103
254, 104
254, 105
254, 106
254, 107
254, 108
254, 109
254, 110
254, 111
254, 112
254, 113
254, 114
254, 115
254, 116
254, 117
254, 118
254, 119
254, 120
254, 121
254, 122
254, 123
254, 124
254, 125
254, 126
254, 127
254, 128
254, 129
254, 130
254, 131
254, 132
254, 133
254, 134
254, 135
254, 136
254, 137
254, 138
254, 139
254, 140
254, 141
254, 142
254, 143
254, 144
254, 145
254, 146
254, 147
254, 148
254, 149
254, 150
254, 151
254, 152
254, 153
254, 154
254, 155
254, 156
254, 157
254, 158
254, 159
254, 160
254, 165
254, 166
254, 167
254, 168
254, 169
254, 170
254, 171
254, 172
254, 173
254, 174
254, 175
254, 176
254, 177
254, 178
254, 179
254, 180
254, 181
254, 190
254, 191
254, 192
254, 193
254, 197
254, 198
254, 199
254, 200
254, 201
254, 202
254, 203
255, 99
255, 100
255, 101
255, 102
255, 103
255, 104
255, 105
255, 106
255, 107
255, 108
255, 109
255, 110
255, 111
255, 112
255, 113
255, 114
255, 115
255, 116
255, 117
255, 118
255, 119
255, 120
255, 121
255, 122
255, 123
255, 124
255, 125
255, 126
255, 127
255, 128
255, 129
255, 130
255, 131
255, 132
255, 133
255, 134
255, 135
255, 136
255, 137
255, 138
255, 139
255, 140
255, 141
255, 142
255, 143
255, 144
255, 145
255, 146
255, 147
255, 148
255, 149
255, 150
255, 151
255, 152
255, 153
255, 154
255, 155
255, 156
255, 157
255, 158
255, 159
255, 160
255, 161
255, 165
255, 166
255, 167
255, 168
255, 169
255, 170
255, 171
255, 172
255, 173
255, 174
255, 175
255, 176
255, 177
255, 178
255, 179
255, 180
255, 181
255, 191
255, 192
255, 193
255, 197
255, 198
255, 199
255, 200
255, 201
255, 202
255, 203
256, 99
256, 100
256, 101
256, 102
256, 103
256, 104
256, 105
256, 106
256, 107
256, 108
256, 109
256, 110
256, 111
256, 112
256, 113
256, 114
256, 115
256, 116
256, 117
256, 118
256, 119
256, 120
256, 121
256, 122
256, 123
256, 124
256, 125
256, 126
256, 127
256, 128
256, 129
256, 130
256, 131
256, 132
256, 133
256, 134
256, 135
256, 136
256, 137
256, 138
256, 139
256, 140
256, 141
256, 142
256, 143
256, 144
256, 145
256, 146
256, 147
256, 148
256, 149
256, 150
256, 151
256, 152
256, 153
256, 154
256, 155
256, 156
256, 157
256, 158
256, 159
256, 160
256, 161
256, 164
256, 165
256, 166
256, 167
256, 168
256, 169
256, 170
256, 171
256, 172
256, 173
256, 174
256, 175
256, 176
256, 177
256, 178
256, 179
256, 180
256, 181
256, 191
256, 192
256, 193
256, 197
256, 198
256, 199
256, 200
256, 201
256, 202
256, 203
257, 99
257, 100
257, 101
257, 102
257, 103
257, 104
257, 105
257, 106
257, 107
257, 108
257, 109
257, 110
257, 111
257, 112
257, 113
257, 114
257, 115
257, 116
257, 117
257, 118
257, 119
257, 120
257, 121
257, 122
257, 123
257, 124
257, 125
257, 126
257, 127
257, 128
257, 129
257, 130
257, 131
257, 132
257, 133
257, 134
257, 135
257, 136
257, 137
257, 138
257, 139
257, 140
257, 141
257, 142
257, 143
257, 144
257, 145
257, 146
257, 147
257, 148
257, 149
257, 150
257, 151
257, 152
257, 153
257, 154
257, 155
257, 156
257, 157
257, 158
257, 159
257, 160
257, 161
257, 162
257, 164
257, 165
257, 166
257, 167
257, 168
257, 169
257, 170
257, 171
257, 172
257, 173
257, 174
257, 175
257, 176
257, 177
257, 178
257, 179
257, 180
257, 181
257, 191
257, 192
257, 193
257, 194
257, 197
257, 198
257, 199
257, 200
257, 201
257, 202
257, 203
257, 204
258, 100
258, 101
258, 102
258, 103
258, 104
258, 105
258, 106
258, 107
258, 108
258, 109
258, 110
258, 111
258, 112
258, 113
258, 114
258, 115
258, 116
258, 117
258, 118
258, 119
258, 120
258, 121
258, 122
258, 123
258, 124
258, 125
258, 126
258, 127
258, 128
258, 129
258, 130
258, 131
258, 132
258, 133
258, 134
258, 135
258, 136
258, 137
258, 138
258, 139
258, 140
258, 141
258, 142
258, 143
258, 144
258, 145
258, 146
258, 147
258, 148
258, 149
258, 150
258, 151
258, 152
258, 153
258, 154
258, 155
258, 156
258, 157
258, 158
258, 159
258, 160
258, 161
258, 162
258, 164
258, 165
258, 166
258, 167
258, 168
258, 169
258, 170
258, 171
258, 172
258, 173
258, 174
258, 175
258, 176
258, 177
258, 178
258, 179
258, 180
258, 181
258, 192
258, 193
258, 194
258, 197
258, 198
258, 199
258, 200
258, 201
258, 202
258, 203
258, 204
259, 100
259, 101
259, 102
259, 103
259, 104
259, 105
259, 106
259, 107
259, 108
259, 109
259, 110
259, 111
259, 112
259, 113
259, 114
259, 115
259, 116
259, 117
259, 118
259, 119
259, 120
259, 121
259, 122
259, 123
259, 124
259, 125
259, 126
259, 127
259, 128
259, 129
259, 130
259, 131
259, 132
259, 133
259, 134
259, 135
259, 136
259, 137
259, 138
259, 139
259, 140
259, 141
259, 142
259, 143
259, 144
259, 145
259, 146
259, 147
259, 148
259, 149
259, 150
259, 151
259, 152
259, 153
259, 154
259, 155
259, 156
259, 157
259, 158
259, 159
259, 160
259, 161
259, 162
259, 163
259, 164
259, 165
259, 166
259, 167
259, 168
259, 169
259, 170
259, 171
259, 172
259, 173
259, 174
259, 175
259, 176
259, 177
259, 178
259, 179
259, 180
259, 181
259, 192
259, 193
259, 194
259, 197
259, 198
259, 199
259, 200
259, 201
259, 202
259, 203
259, 204
260, 100
260, 101
260, 102
260, 103
260, 104
260, 105
260, 106
260, 107
260, 108
260, 109
260, 110
260, 111
260, 112
260, 113
260, 114
260, 115
260, 116
260, 117
260, 118
260, 119
260, 120
260, 121
260, 122
260, 123
260, 124
260, 125
260, 126
260, 127
260, 128
260, 129
260, 130
260, 131
260, 132
260, 133
260, 134
260, 135
260, 136
260, 137
260, 138
260, 139
260, 140
260, 141
260, 142
260, 143
260, 144
260, 145
260, 146
260, 147
260, 148
260, 149
260, 150
260, 151
260, 152
260, 153
260, 154
260, 155
260, 156
260, 157
260, 158
260, 159
260, 160
260, 161
260, 162
260, 163
260, 164
260, 165
260, 166
260, 167
260, 168
260, 169
260, 170
260, 171
260, 172
260, 173
260, 174
260, 175
260, 176
260, 177
260, 178
260, 179
260, 180
260, 181
260, 192
260, 193
260, 194
260, 195
260, 197
260, 198
260, 199
260, 200
260, 201
260, 202
260, 203
260, 204
261, 100
261, 101
261, 102
261, 103
261, 104
261, 105
261, 106
261, 107
261, 108
261, 109
261, 110
261, 111
261, 112
261, 113
261, 114
261, 115
261, 116
261, 117
261, 118
261, 119
261, 120
261, 121
261, 122
261, 123
261, 124
261, 125
261, 126
261, 127
261, 128
261, 129
261, 130
261, 131
261, 132
261, 133
261, 134
261, 135
261, 136
261, 137
261, 138
261, 139
261, 140
261, 141
261, 142
261, 143
261, 144
261, 145
261, 146
261, 147
261, 148
261, 149
261, 150
261, 151
261, 152
261, 153
261, 154
261, 155
261, 156
261, 157
261, 158
261, 159
261, 160
261, 161
261, 162
261, 163
261, 164
261, 165
261, 166
261, 167
261, 168
261, 169
261, 170
261, 171
261, 172
261, 173
261, 174
261, 175
261, 176
261, 177
261, 178
261, 179
261, 180
261, 181
261, 191
261, 192
261, 193
261, 194
261, 195
261, 197
261, 198
261, 199
261, 200
261, 201
261, 202
261, 203
261, 204
262, 100
262, 101
262, 102
262, 103
262, 104
262, 105
262, 106
262, 107
262, 108
262, 109
262, 110
262, 111
262, 112
262, 113
262, 114
262, 115
262, 116
262, 117
262, 118
262, 119
262, 120
262, 121
262, 122
262, 123
262, 124
262, 125
262, 126
262, 127
262, 128
262, 129
262, 130
262, 131
262, 132
262, 133
262, 134
262, 135
262, 136
262, 137
262, 138
262, 139
262, 140
262, 141
262, 142
262, 143
262, 144
262, 145
262, 146
262, 147
262, 148
262, 149
262, 150
262, 151
262, 152
262, 153
262, 154
262, 155
262, 156
262, 157
262, 158
262, 159
262, 160
262, 161
262, 162
262, 163
262, 164
262, 165
262, 166
262, 167
262, 168
262, 169
262, 170
262, 171
262, 172
262, 173
262, 174
262, 175
262, 176
262, 177
262, 178
262, 179
262, 180
262, 181
262, 191
262, 192
262, 193
262, 194
262, 195
262, 197
262, 198
262, 199
262, 200
262, 201
262, 202
262, 203
262, 204
263, 100
263, 101
263, 102
263, 103
263, 104
263, 105
263, 106
263, 107
263, 108
263, 109
263, 110
263, 111
263, 112
263, 113
263, 114
263, 115
263, 116
263, 117
263, 118
263, 119
263, 120
263, 121
263, 122
263, 123
263, 124
263, 125
263, 126
263, 127
263, 128
263, 129
263, 130
263, 131
263, 132
263, 133
263, 134
263, 135
263, 136
263, 137
263, 138
263, 139
263, 140
263, 141
263, 142
263, 143
263, 144
263, 145
263, 146
263, 147
263, 148
263, 149
263, 150
263, 151
263, 152
263, 153
263, 154
263, 155
263, 156
263, 157
263, 158
263, 159
263, 160
263, 161
263, 162
263, 163
263, 164
263, 165
263, 166
263, 167
263, 168
263, 169
263, 170
263, 171
263, 172
263, 173
263, 174
263, 175
263, 176
263, 177
263, 178
263, 179
263, 180
263, 181
263, 191
263, 192
263, 193
263, 194
263, 195
263, 197
263, 198
263, 199
263, 200
263, 201
263, 202
263, 203
263, 204
264, 100
264, 101
264, 102
264, 103
264, 104
264, 105
264, 106
264, 107
264, 108
264, 109
264, 110
264, 111
264, 112
264, 113
264, 114
264, 115
264, 116
264, 117
264, 118
264, 119
264, 120
264, 121
264, 122
264, 123
264, 124
264, 125
264, 126
264, 127
264, 128
264, 129
264, 130
264, 131
264, 132
264, 133
264, 134
264, 135
264, 136
264, 137
264, 138
264, 139
264, 140
264, 141
264, 142
264, 143
264, 144
264, 145
264, 146
264, 147
264, 148
264, 149
264, 150
264, 151
264, 152
264, 153
264, 154
264, 155
264, 156
264, 157
264, 158
264, 159
264, 160
264, 161
264, 162
264, 163
264, 164
264, 165
264, 166
264, 167
264, 168
264, 169
264, 170
264, 171
264, 172
264, 173
264, 174
264, 175
264, 176
264, 177
264, 178
264, 179
264, 180
264, 181
264, 182
264, 191
264, 192
264, 193
264, 194
264, 195
264, 197
264, 198
264, 199
264, 200
264, 201
264, 202
264, 203
264, 204
265, 99
265, 100
265, 101
265, 102
265, 103
265, 104
265, 105
265, 106
265, 107
265, 108
265, 109
265, 110
265, 111
265, 112
265, 113
265, 114
265, 115
265, 116
265, 117
265, 118
265, 119
265, 120
265, 121
265, 122
265, 123
265, 124
265, 125
265, 126
265, 127
265, 128
265, 129
265, 130
265, 131
265, 132
265, 133
265, 134
265, 135
265, 136
265, 137
265, 138
265, 139
265, 140
265, 141
265, 142
265, 143
265, 144
265, 145
265, 146
265, 147
265, 148
265, 149
265, 150
265, 151
265, 152
265, 153
265, 154
265, 155
265, 156
265, 157
265, 158
265, 159
265, 160
265, 161
265, 162
265, 163
265, 164
265, 165
265, 166
265, 167
265, 168
265, 169
265, 170
265, 171
265, 172
265, 173
265, 174
265, 175
265, 176
265, 177
265, 178
265, 179
265, 180
265, 181
265, 191
265, 192
265, 193
265, 194
265, 195
265, 197
265, 198
265, 199
265, 200
265, 201
265, 202
265, 203
265, 204
266, 99
266, 100
266, 101
266, 102
266, 103
266, 104
266, 105
266, 106
266, 107
266, 108
266, 109
266, 110
266, 111
266, 112
266, 113
266, 114
266, 115
266, 116
266, 117
266, 118
266, 119
266, 120
266, 121
266, 122
266, 123
266, 124
266, 125
266, 126
266, 127
266, 128
266, 129
266, 130
266, 131
266, 132
266, 133
266, 134
266, 135
266, 136
266, 137
266, 138
266, 139
266, 140
266, 141
266, 142
266, 143
266, 144
266, 145
266, 146
266, 147
266, 148
266, 149
266, 150
266, 151
266, 152
266, 153
266, 154
266, 155
266, 156
266, 157
266, 158
266, 159
266, 160
266, 161
266, 162
266, 163
266, 164
266, 165
266, 166
266, 167
266, 168
266, 169
266, 170
266, 171
266, 172
266, 173
266, 174
266, 175
266, 176
266, 177
266, 178
266, 179
266, 180
266, 181
266, 191
266, 192
266, 193
266, 194
266, 195
266, 197
266, 198
266, 199
266, 200
266, 201
266, 202
266, 203
266, 204
267, 99
267, 100
267, 101
267, 102
267, 103
267, 104
267, 105
267, 106
267, 107
267, 108
267, 109
267, 110
267, 111
267, 112
267, 113
267, 114
267, 115
267, 116
267, 117
267, 118
267, 119
267, 120
267, 121
267, 122
267, 123
267, 124
267, 125
267, 126
267, 127
267, 128
267, 129
267, 130
267, 131
267, 132
267, 133
267, 134
267, 135
267, 136
267, 137
267, 138
267, 139
267, 140
267, 141
267, 142
267, 143
267, 144
267, 145
267, 146
267, 147
267, 148
267, 149
267, 150
267, 151
267, 152
267, 153
267, 154
267, 155
267, 156
267, 157
267, 158
267, 159
267, 160
267, 161
267, 162
267, 163
267, 164
267, 165
267, 166
267, 167
267, 168
267, 169
267, 170
267, 171
267, 172
267, 173
267, 174
267, 175
267, 176
267, 177
267, 178
267, 179
267, 180
267, 181
267, 192
267, 193
267, 194
267, 195
267, 196
267, 197
267, 198
267, 199
267, 200
267, 201
267, 202
267, 203
267, 204
267, 205
268, 99
268, 100
268, 101
268, 102
268, 103
268, 104
268, 105
268, 106
268, 107
268, 108
268, 109
268, 110
268, 111
268, 112
268, 113
268, 114
268, 115
268, 116
268, 117
268, 118
268, 119
268, 120
268, 121
268, 122
268, 123
268, 124
268, 125
268, 126
268, 127
268, 128
268, 129
268, 130
268, 131
268, 132
268, 133
268, 134
268, 135
268, 136
268, 137
268, 138
268, 139
268, 140
268, 141
268, 142
268, 143
268, 144
268, 145
268, 146
268, 147
268, 148
268, 149
268, 150
268, 151
268, 152
268, 153
268, 154
268, 155
268, 156
268, 157
268, 158
268, 159
268, 160
268, 161
268, 162
268, 163
268, 164
268, 165
268, 166
268, 167
268, 168
268, 169
268, 170
268, 171
268, 172
268, 173
268, 174
268, 175
268, 176
268, 177
268, 178
268, 179
268, 180
268, 192
268, 193
268, 194
268, 195
268, 196
268, 197
268, 198
268, 199
268, 200
268, 201
268, 202
268, 203
268, 204
268, 205
269, 99
269, 100
269, 101
269, 102
269, 103
269, 104
269, 105
269, 106
269, 107
269, 108
269, 109
269, 110
269, 111
269, 112
269, 113
269, 114
269, 115
269, 116
269, 117
269, 118
269, 119
269, 120
269, 121
269, 122
269, 123
269, 124
269, 125
269, 126
269, 127
269, 128
269, 129
269, 130
269, 131
269, 132
269, 133
269, 134
269, 135
269, 136
269, 137
269, 138
269, 139
269, 140
269, 141
269, 142
269, 143
269, 144
269, 145
269, 146
269, 147
269, 148
269, 149
269, 150
269, 151
269, 152
269, 153
269, 154
269, 155
269, 156
269, 157
269, 158
269, 159
269, 160
269, 161
269, 162
269, 163
269, 164
269, 165
269, 166
269, 167
269, 168
269, 169
269, 170
269, 171
269, 172
269, 173
269, 174
269, 175
269, 176
269, 177
269, 178
269, 179
269, 180
269, 192
269, 193
269, 194
269, 195
269, 196
269, 197
269, 198
269, 199
269, 200
269, 201
269, 202
269, 203
269, 204
269, 205
270, 99
270, 100
270, 101
270, 102
270, 103
270, 104
270, 105
270, 106
270, 107
270, 108
270, 109
270, 110
270, 111
270, 112
270, 113
270, 114
270, 115
270, 116
270, 117
270, 118
270, 119
270, 120
270, 121
270, 122
270, 123
270, 124
270, 125
270, 126
270, 127
270, 128
270, 129
270, 130
270, 131
270, 132
270, 133
270, 134
270, 135
270, 136
270, 137
270, 138
270, 139
270, 140
270, 141
270, 142
270, 143
270, 144
270, 145
270, 146
270, 147
270, 148
270, 149
270, 150
270, 151
270, 152
270, 153
270, 154
270, 155
270, 156
270, 157
270, 158
270, 159
270, 160
270, 161
270, 162
270, 163
270, 164
270, 165
270, 166
270, 167
270, 168
270, 169
270, 170
270, 171
270, 172
270, 173
270, 174
270, 175
270, 176
270, 177
270, 178
270, 179
270, 180
270, 192
270, 193
270, 194
270, 195
270, 196
270, 197
270, 198
270, 199
270, 200
270, 201
270, 202
270, 203
270, 204
270, 205
271, 99
271, 100
271, 101
271, 102
271, 103
271, 104
271, 105
271, 106
271, 107
271, 108
271, 109
271, 110
271, 111
271, 112
271, 113
271, 114
271, 115
271, 116
271, 117
271, 118
271, 119
271, 120
271, 121
271, 122
271, 123
271, 124
271, 125
271, 126
271, 127
271, 128
271, 129
271, 130
271, 131
271, 132
271, 133
271, 134
271, 135
271, 136
271, 137
271, 138
271, 139
271, 140
271, 141
271, 142
271, 143
271, 144
271, 145
271, 146
271, 147
271, 148
271, 149
271, 150
271, 151
271, 152
271, 153
271, 154
271, 155
271, 156
271, 157
271, 158
271, 159
271, 160
271, 161
271, 162
271, 163
271, 164
271, 165
271, 166
271, 167
271, 168
271, 169
271, 170
271, 171
271, 172
271, 173
271, 174
271, 175
271, 176
271, 177
271, 178
271, 179
271, 180
271, 192
271, 193
271, 194
271, 195
271, 196
271, 197
271, 198
271, 199
271, 200
271, 201
271, 202
271, 203
271, 204
271, 205
272, 99
272, 100
272, 101
272, 102
272, 103
272, 104
272, 105
272, 106
272, 107
272, 108
272, 109
272, 110
272, 111
272, 112
272, 113
272, 114
272, 115
272, 116
272, 117
272, 118
272, 119
272, 120
272, 121
272, 122
272, 123
272, 124
272, 125
272, 126
272, 127
272, 128
272, 129
272, 130
272, 131
272, 132
272, 133
272, 134
272, 135
272, 136
272, 137
272, 138
272, 139
272, 140
272, 141
272, 142
272, 143
272, 144
272, 145
272, 146
272, 147
272, 148
272, 149
272, 150
272, 151
272, 152
272, 153
272, 154
272, 155
272, 156
272, 157
272, 158
272, 159
272, 160
272, 161
272, 162
272, 163
272, 164
272, 165
272, 166
272, 167
272, 168
272, 169
272, 170
272, 171
272, 172
272, 173
272, 174
272, 175
272, 176
272, 177
272, 178
272, 179
272, 180
272, 181
272, 191
272, 192
272, 193
272, 194
272, 195
272, 196
272, 197
272, 198
272, 199
272, 200
272, 201
272, 202
272, 203
272, 204
272, 205
273, 99
273, 100
273, 101
273, 102
273, 103
273, 104
273, 105
273, 106
273, 107
273, 108
273, 109
273, 110
273, 111
273, 112
273, 113
273, 114
273, 115
273, 116
273, 117
273, 118
273, 119
273, 120
273, 121
273, 122
273, 123
273, 124
273, 125
273, 126
273, 127
273, 128
273, 129
273, 130
273, 131
273, 132
273, 133
273, 134
273, 135
273, 136
273, 137
273, 138
273, 139
273, 140
273, 141
273, 142
273, 143
273, 144
273, 145
273, 146
273, 147
273, 148
273, 149
273, 150
273, 151
273, 152
273, 153
273, 154
273, 155
273, 156
273, 157
273, 158
273, 159
273, 160
273, 161
273, 162
273, 163
273, 164
273, 165
273, 166
273, 167
273, 168
273, 169
273, 170
273, 171
273, 172
273, 173
273, 174
273, 175
273, 176
273, 177
273, 178
273, 179
273, 180
273, 181
273, 191
273, 192
273, 193
273, 194
273, 195
273, 196
273, 197
273, 198
273, 199
273, 200
273, 201
273, 202
273, 203
273, 204
273, 205
274, 99
274, 100
274, 101
274, 102
274, 103
274, 104
274, 105
274, 106
274, 107
274, 108
274, 109
274, 110
274, 111
274, 112
274, 113
274, 114
274, 115
274, 116
274, 117
274, 118
274, 119
274, 120
274, 121
274, 122
274, 123
274, 124
274, 125
274, 126
274, 127
274, 128
274, 129
274, 130
274, 131
274, 132
274, 133
274, 134
274, 135
274, 136
274, 137
274, 138
274, 139
274, 140
274, 141
274, 142
274, 143
274, 144
274, 145
274, 146
274, 147
274, 148
274, 149
274, 150
274, 151
274, 152
274, 153
274, 154
274, 155
274, 156
274, 157
274, 158
274, 159
274, 160
274, 161
274, 162
274, 163
274, 164
274, 165
274, 166
274, 167
274, 168
274, 169
274, 170
274, 171
274, 172
274, 173
274, 174
274, 175
274, 176
274, 177
274, 178
274, 179
274, 180
274, 181
274, 191
274, 192
274, 193
274, 194
274, 195
274, 196
274, 197
274, 198
274, 199
274, 200
274, 201
274, 202
274, 203
274, 204
274, 205
275, 99
275, 100
275, 101
275, 102
275, 103
275, 104
275, 105
275, 106
275, 107
275, 108
275, 109
275, 110
275, 111
275, 112
275, 113
275, 114
275, 115
275, 116
275, 117
275, 118
275, 119
275, 120
275, 121
275, 122
275, 123
275, 124
275, 125
275, 126
275, 127
275, 128
275, 129
275, 130
275, 131
275, 132
275, 133
275, 134
275, 135
275, 136
275, 137
275, 138
275, 139
275, 140
275, 141
275, 142
275, 143
275, 144
275, 145
275, 146
275, 147
275, 148
275, 149
275, 150
275, 151
275, 152
275, 153
275, 154
275, 155
275, 156
275, 157
275, 158
275, 159
275, 160
275, 161
275, 162
275, 163
275, 164
275, 165
275, 166
275, 167
275, 168
275, 169
275, 170
275, 171
275, 172
275, 173
275, 174
275, 175
275, 176
275, 177
275, 178
275, 179
275, 180
275, 181
275, 191
275, 192
275, 193
275, 194
275, 195
275, 196
275, 197
275, 198
275, 199
275, 200
275, 201
275, 202
275, 203
275, 204
275, 205
276, 99
276, 100
276, 101
276, 102
276, 103
276, 104
276, 105
276, 106
276, 107
276, 108
276, 109
276, 110
276, 111
276, 112
276, 113
276, 114
276, 115
276, 116
276, 117
276, 118
276, 119
276, 120
276, 121
276, 122
276, 123
276, 124
276, 125
276, 126
276, 127
276, 128
276, 129
276, 130
276, 131
276, 132
276, 133
276, 134
276, 135
276, 136
276, 137
276, 138
276, 139
276, 140
276, 141
276, 142
276, 143
276, 144
276, 145
276, 146
276, 147
276, 148
276, 149
276, 150
276, 151
276, 152
276, 153
276, 154
276, 155
276, 156
276, 157
276, 158
276, 159
276, 160
276, 161
276, 162
276, 163
276, 164
276, 165
276, 166
276, 167
276, 168
276, 169
276, 170
276, 171
276, 172
276, 173
276, 174
276, 175
276, 176
276, 177
276, 178
276, 179
276, 180
276, 181
276, 191
276, 192
276, 193
276, 194
276, 195
276, 196
276, 197
276, 198
276, 199
276, 200
276, 201
276, 202
276, 203
276, 204
276, 205
277, 99
277, 100
277, 101
277, 102
277, 103
277, 104
277, 105
277, 106
277, 107
277, 108
277, 109
277, 110
277, 111
277, 112
277, 113
277, 114
277, 115
277, 116
277, 117
277, 118
277, 119
277, 120
277, 121
277, 122
277, 123
277, 124
277, 125
277, 126
277, 127
277, 128
277, 129
277, 130
277, 131
277, 132
277, 133
277, 134
277, 135
277, 136
277, 137
277, 138
277, 139
277, 140
277, 141
277, 142
277, 143
277, 144
277, 145
277, 146
277, 147
277, 148
277, 149
277, 150
277, 151
277, 152
277, 153
277, 154
277, 155
277, 156
277, 157
277, 158
277, 159
277, 160
277, 161
277, 162
277, 163
277, 164
277, 165
277, 166
277, 167
277, 168
277, 169
277, 170
277, 171
277, 172
277, 173
277, 174
277, 175
277, 176
277, 177
277, 178
277, 179
277, 180
277, 181
277, 191
277, 192
277, 193
277, 194
277, 195
277, 196
277, 197
277, 198
277, 199
277, 200
277, 201
277, 202
277, 203
277, 204
277, 205
278, 99
278, 100
278, 101
278, 102
278, 103
278, 104
278, 105
278, 106
278, 107
278, 108
278, 109
278, 110
278, 111
278, 112
278, 113
278, 114
278, 115
278, 116
278, 117
278, 118
278, 119
278, 120
278, 121
278, 122
278, 123
278, 124
278, 125
278, 126
278, 127
278, 128
278, 129
278, 130
278, 131
278, 132
278, 133
278, 134
278, 135
278, 136
278, 137
278, 138
278, 139
278, 140
278, 141
278, 142
278, 143
278, 144
278, 145
278, 146
278, 147
278, 148
278, 149
278, 150
278, 151
278, 152
278, 153
278, 154
278, 155
278, 156
278, 157
278, 158
278, 159
278, 160
278, 161
278, 162
278, 164
278, 165
278, 166
278, 167
278, 168
278, 169
278, 170
278, 171
278, 172
278, 173
278, 174
278, 175
278, 176
278, 177
278, 178
278, 179
278, 180
278, 181
278, 191
278, 192
278, 193
278, 194
278, 195
278, 196
278, 197
278, 198
278, 199
278, 200
278, 201
278, 202
278, 203
278, 204
278, 205
279, 99
279, 100
279, 101
279, 102
279, 103
279, 104
279, 105
279, 106
279, 107
279, 108
279, 109
279, 110
279, 111
279, 112
279, 113
279, 114
279, 115
279, 116
279, 117
279, 118
279, 119
279, 120
279, 121
279, 122
279, 123
279, 124
279, 125
279, 126
279, 127
279, 128
279, 129
279, 130
279, 131
279, 132
279, 133
279, 134
279, 135
279, 136
279, 137
279, 138
279, 139
279, 140
279, 141
279, 142
279, 143
279, 144
279, 145
279, 146
279, 147
279, 148
279, 149
279, 150
279, 151
279, 152
279, 153
279, 154
279, 155
279, 156
279, 157
279, 158
279, 159
279, 160
279, 161
279, 162
279, 164
279, 165
279, 166
279, 167
279, 168
279, 169
279, 170
279, 171
279, 172
279, 173
279, 174
279, 175
279, 176
279, 177
279, 178
279, 179
279, 180
279, 181
279, 182
279, 191
279, 192
279, 193
279, 194
279, 195
279, 196
279, 197
279, 198
279, 199
279, 200
279, 201
279, 202
279, 203
279, 204
279, 205
280, 99
280, 100
280, 101
280, 102
280, 103
280, 104
280, 105
280, 106
280, 107
280, 108
280, 109
280, 110
280, 111
280, 112
280, 113
280, 114
280, 115
280, 116
280, 117
280, 118
280, 119
280, 120
280, 121
280, 122
280, 123
280, 124
280, 125
280, 126
280, 127
280, 128
280, 129
280, 130
280, 131
280, 132
280, 133
280, 134
280, 135
280, 136
280, 137
280, 138
280, 139
280, 140
280, 141
280, 142
280, 143
280, 144
280, 145
280, 146
280, 147
280, 148
280, 149
280, 150
280, 151
280, 152
280, 153
280, 154
280, 155
280, 156
280, 157
280, 158
280, 159
280, 160
280, 161
280, 162
280, 164
280, 165
280, 166
280, 167
280, 168
280, 169
280, 170
280, 171
280, 172
280, 173
280, 174
280, 175
280, 176
280, 177
280, 178
280, 179
280, 180
280, 181
280, 182
280, 190
280, 191
280, 192
280, 193
280, 194
280, 195
280, 196
280, 197
280, 198
280, 199
280, 200
280, 201
280, 202
280, 203
280, 204
280, 205
281, 99
281, 100
281, 101
281, 102
281, 103
281, 104
281, 105
281, 106
281, 107
281, 108
281, 109
281, 110
281, 111
281, 112
281, 113
281, 114
281, 115
281, 116
281, 117
281, 118
281, 119
281, 120
281, 121
281, 122
281, 123
281, 124
281, 125
281, 126
281, 127
281, 128
281, 129
281, 130
281, 131
281, 132
281, 133
281, 134
281, 135
281, 136
281, 137
281, 138
281, 139
281, 140
281, 141
281, 142
281, 143
281, 144
281, 145
281, 146
281, 147
281, 148
281, 149
281, 150
281, 151
281, 152
281, 153
281, 154
281, 155
281, 156
281, 157
281, 158
281, 159
281, 160
281, 161
281, 162
281, 164
281, 165
281, 166
281, 167
281, 168
281, 169
281, 170
281, 171
281, 172
281, 173
281, 174
281, 175
281, 176
281, 177
281, 178
281, 179
281, 180
281, 181
281, 182
281, 190
281, 191
281, 192
281, 193
281, 194
281, 195
281, 196
281, 197
281, 198
281, 199
281, 200
281, 201
281, 202
281, 203
281, 204
281, 205
282, 99
282, 100
282, 101
282, 102
282, 103
282, 104
282, 105
282, 106
282, 107
282, 108
282, 109
282, 110
282, 111
282, 112
282, 113
282, 114
282, 115
282, 116
282, 117
282, 118
282, 119
282, 120
282, 121
282, 122
282, 123
282, 124
282, 125
282, 126
282, 127
282, 128
282, 129
282, 130
282, 131
282, 132
282, 133
282, 134
282, 135
282, 136
282, 137
282, 138
282, 139
282, 140
282, 141
282, 142
282, 143
282, 144
282, 145
282, 146
282, 147
282, 148
282, 149
282, 150
282, 151
282, 152
282, 153
282, 154
282, 155
282, 156
282, 157
282, 158
282, 159
282, 160
282, 161
282, 162
282, 164
282, 165
282, 166
282, 167
282, 168
282, 169
282, 170
282, 171
282, 172
282, 173
282, 174
282, 175
282, 176
282, 177
282, 178
282, 179
282, 180
282, 181
282, 182
282, 190
282, 191
282, 192
282, 193
282, 194
282, 195
282, 196
282, 197
282, 198
282, 199
282, 200
282, 201
282, 202
282, 203
282, 204
282, 205
283, 99
283, 100
283, 101
283, 102
283, 103
283, 104
283, 105
283, 106
283, 107
283, 108
283, 109
283, 110
283, 111
283, 112
283, 113
283, 114
283, 115
283, 116
283, 117
283, 118
283, 119
283, 120
283, 121
283, 122
283, 123
283, 124
283, 125
283, 126
283, 127
283, 128
283, 129
283, 130
283, 131
283, 132
283, 133
283, 134
283, 135
283, 136
283, 137
283, 138
283, 139
283, 140
283, 141
283, 142
283, 143
283, 144
283, 145
283, 146
283, 147
283, 148
283, 149
283, 150
283, 151
283, 152
283, 153
283, 154
283, 155
283, 156
283, 157
283, 158
283, 159
283, 160
283, 161
283, 162
283, 164
283, 165
283, 166
283, 167
283, 168
283, 169
283, 170
283, 171
283, 172
283, 173
283, 174
283, 175
283, 176
283, 177
283, 178
283, 179
283, 180
283, 181
283, 182
283, 190
283, 191
283, 192
283, 193
283, 194
283, 195
283, 196
283, 197
283, 198
283, 199
283, 200
283, 201
283, 202
283, 203
283, 204
283, 205
284, 99
284, 100
284, 101
284, 102
284, 103
284, 104
284, 105
284, 106
284, 107
284, 108
284, 109
284, 110
284, 111
284, 112
284, 113
284, 114
284, 115
284, 116
284, 117
284, 118
284, 119
284, 120
284, 121
284, 122
284, 123
284, 124
284, 125
284, 126
284, 127
284, 128
284, 129
284, 130
284, 131
284, 132
284, 133
284, 134
284, 135
284, 136
284, 137
284, 138
284, 139
284, 140
284, 141
284, 142
284, 143
284, 144
284, 145
284, 146
284, 147
284, 148
284, 149
284, 150
284, 151
284, 152
284, 153
284, 154
284, 155
284, 156
284, 157
284, 158
284, 159
284, 160
284, 161
284, 162
284, 164
284, 165
284, 166
284, 167
284, 168
284, 169
284, 170
284, 171
284, 172
284, 173
284, 174
284, 175
284, 176
284, 177
284, 178
284, 179
284, 180
284, 181
284, 182
284, 189
284, 190
284, 191
284, 192
284, 193
284, 194
284, 195
284, 196
284, 197
284, 198
284, 199
284, 200
284, 201
284, 202
284, 203
284, 204
284, 205
285, 99
285, 100
285, 101
285, 102
285, 103
285, 104
285, 105
285, 106
285, 107
285, 108
285, 109
285, 110
285, 111
285, 112
285, 113
285, 114
285, 115
285, 116
285, 117
285, 118
285, 119
285, 120
285, 121
285, 122
285, 123
285, 124
285, 125
285, 126
285, 127
285, 128
285, 129
285, 130
285, 131
285, 132
285, 133
285, 134
285, 135
285, 136
285, 137
285, 138
285, 139
285, 140
285, 141
285, 142
285, 143
285, 144
285, 145
285, 146
285, 147
285, 148
285, 149
285, 150
285, 151
285, 152
285, 153
285, 154
285, 155
285, 156
285, 157
285, 158
285, 159
285, 160
285, 161
285, 162
285, 164
285, 165
285, 166
285, 167
285, 168
285, 169
285, 170
285, 171
285, 172
285, 173
285, 174
285, 175
285, 176
285, 177
285, 178
285, 179
285, 180
285, 181
285, 182
285, 183
285, 189
285, 190
285, 191
285, 192
285, 193
285, 194
285, 195
285, 196
285, 197
285, 198
285, 199
285, 200
285, 201
285, 202
285, 203
285, 204
285, 205
286, 99
286, 100
286, 101
286, 102
286, 103
286, 104
286, 105
286, 106
286, 107
286, 108
286, 109
286, 110
286, 111
286, 112
286, 113
286, 114
286, 115
286, 116
286, 117
286, 118
286, 119
286, 120
286, 121
286, 122
286, 123
286, 124
286, 125
286, 126
286, 127
286, 128
286, 129
286, 130
286, 131
286, 132
286, 133
286, 134
286, 135
286, 136
286, 137
286, 138
286, 139
286, 140
286, 141
286, 142
286, 143
286, 144
286, 145
286, 146
286, 147
286, 148
286, 149
286, 150
286, 151
286, 152
286, 153
286, 154
286, 155
286, 156
286, 157
286, 158
286, 159
286, 160
286, 161
286, 162
286, 164
286, 165
286, 166
286, 167
286, 168
286, 169
286, 170
286, 171
286, 172
286, 173
286, 174
286, 175
286, 176
286, 177
286, 178
286, 179
286, 180
286, 181
286, 182
286, 183
286, 189
286, 190
286, 191
286, 192
286, 193
286, 194
286, 195
286, 196
286, 197
286, 198
286, 199
286, 200
286, 201
286, 202
286, 203
286, 204
286, 205
287, 99
287, 100
287, 101
287, 102
287, 103
287, 104
287, 105
287, 106
287, 107
287, 108
287, 109
287, 110
287, 111
287, 112
287, 113
287, 114
287, 115
287, 116
287, 117
287, 118
287, 119
287, 120
287, 121
287, 122
287, 123
287, 124
287, 125
287, 126
287, 127
287, 128
287, 129
287, 130
287, 131
287, 132
287, 133
287, 134
287, 135
287, 136
287, 137
287, 138
287, 139
287, 140
287, 141
287, 142
287, 143
287, 144
287, 145
287, 146
287, 147
287, 148
287, 149
287, 150
287, 151
287, 152
287, 153
287, 154
287, 155
287, 156
287, 157
287, 158
287, 159
287, 160
287, 161
287, 162
287, 164
287, 165
287, 166
287, 167
287, 168
287, 169
287, 170
287, 171
287, 172
287, 173
287, 174
287, 175
287, 176
287, 177
287, 178
287, 179
287, 180
287, 181
287, 182
287, 183
287, 189
287, 190
287, 191
287, 192
287, 193
287, 194
287, 195
287, 196
287, 197
287, 198
287, 199
287, 200
287, 201
287, 202
287, 203
287, 204
287, 205
288, 99
288, 100
288, 101
288, 102
288, 103
288, 104
288, 105
288, 106
288, 107
288, 108
288, 109
288, 110
288, 111
288, 112
288, 113
288, 114
288, 115
288, 116
288, 117
288, 118
288, 119
288, 120
288, 121
288, 122
288, 123
288, 124
288, 125
288, 126
288, 127
288, 128
288, 129
288, 130
288, 131
288, 132
288, 133
288, 134
288, 135
288, 136
288, 137
288, 138
288, 139
288, 140
288, 141
288, 142
288, 143
288, 144
288, 145
288, 146
288, 147
288, 148
288, 149
288, 150
288, 151
288, 152
288, 153
288, 154
288, 155
288, 156
288, 157
288, 158
288, 159
288, 160
288, 161
288, 162
288, 164
288, 165
288, 166
288, 167
288, 168
288, 169
288, 170
288, 171
288, 172
288, 173
288, 174
288, 175
288, 176
288, 177
288, 178
288, 179
288, 180
288, 181
288, 182
288, 183
288, 189
288, 190
288, 191
288, 192
288, 193
288, 194
288, 195
288, 196
288, 197
288, 198
288, 199
288, 200
288, 201
288, 202
288, 203
288, 204
288, 205
289, 99
289, 100
289, 101
289, 102
289, 103
289, 104
289, 105
289, 106
289, 107
289, 108
289, 109
289, 110
289, 111
289, 112
289, 113
289, 114
289, 115
289, 116
289, 117
289, 118
289, 119
289, 120
289, 121
289, 122
289, 123
289, 124
289, 125
289, 126
289, 127
289, 128
289, 129
289, 130
289, 131
289, 132
289, 133
289, 134
289, 135
289, 136
289, 137
289, 138
289, 139
289, 140
289, 141
289, 142
289, 143
289, 144
289, 145
289, 146
289, 147
289, 148
289, 149
289, 150
289, 151
289, 152
289, 153
289, 154
289, 155
289, 156
289, 157
289, 158
289, 159
289, 160
289, 161
289, 162
289, 164
289, 165
289, 166
289, 167
289, 168
289, 169
289, 170
289, 171
289, 172
289, 173
289, 174
289, 175
289, 176
289, 177
289, 178
289, 179
289, 180
289, 181
289, 182
289, 183
289, 189
289, 190
289, 191
289, 192
289, 193
289, 194
289, 195
289, 196
289, 197
289, 198
289, 199
289, 200
289, 201
289, 202
289, 203
289, 204
289, 205
290, 99
290, 100
290, 101
290, 102
290, 103
290, 104
290, 105
290, 106
290, 107
290, 108
290, 109
290, 110
290, 111
290, 112
290, 113
290, 114
290, 115
290, 116
290, 117
290, 118
290, 119
290, 120
290, 121
290, 122
290, 123
290, 124
290, 125
290, 126
290, 127
290, 128
290, 129
290, 130
290, 131
290, 132
290, 133
290, 134
290, 135
290, 136
290, 137
290, 138
290, 139
290, 140
290, 141
290, 142
290, 143
290, 144
290, 145
290, 146
290, 147
290, 148
290, 149
290, 150
290, 151
290, 152
290, 153
290, 154
290, 155
290, 156
290, 157
290, 158
290, 159
290, 160
290, 161
290, 162
290, 164
290, 165
290, 166
290, 167
290, 168
290, 169
290, 170
290, 171
290, 172
290, 173
290, 174
290, 175
290, 176
290, 177
290, 178
290, 179
290, 180
290, 181
290, 182
290, 183
290, 184
290, 185
290, 186
290, 189
290, 190
290, 191
290, 192
290, 193
290, 194
290, 195
290, 196
290, 197
290, 198
290, 199
290, 200
290, 201
290, 202
290, 203
290, 204
290, 205
291, 99
291, 100
291, 101
291, 102
291, 103
291, 104
291, 105
291, 106
291, 107
291, 108
291, 109
291, 110
291, 111
291, 112
291, 113
291, 114
291, 115
291, 116
291, 117
291, 118
291, 119
291, 120
291, 121
291, 122
291, 123
291, 124
291, 125
291, 126
291, 127
291, 128
291, 129
291, 130
291, 131
291, 132
291, 133
291, 134
291, 135
291, 136
291, 137
291, 138
291, 139
291, 140
291, 141
291, 142
291, 143
291, 144
291, 145
291, 146
291, 147
291, 148
291, 149
291, 150
291, 151
291, 152
291, 153
291, 154
291, 155
291, 156
291, 157
291, 158
291, 159
291, 160
291, 161
291, 162
291, 163
291, 164
291, 165
291, 166
291, 167
291, 168
291, 169
291, 170
291, 171
291, 172
291, 173
291, 174
291, 175
291, 176
291, 177
291, 178
291, 179
291, 180
291, 181
291, 182
291, 183
291, 184
291, 185
291, 186
291, 187
291, 188
291, 189
291, 190
291, 191
291, 192
291, 193
291, 194
291, 195
291, 196
291, 197
291, 198
291, 199
291, 200
291, 201
291, 202
291, 203
291, 204
291, 205
292, 100
292, 101
292, 102
292, 103
292, 104
292, 105
292, 106
292, 107
292, 108
292, 109
292, 110
292, 111
292, 112
292, 113
292, 114
292, 115
292, 116
292, 117
292, 118
292, 119
292, 120
292, 121
292, 122
292, 123
292, 124
292, 125
292, 126
292, 127
292, 128
292, 129
292, 130
292, 131
292, 132
292, 133
292, 134
292, 135
292, 136
292, 137
292, 138
292, 139
292, 140
292, 141
292, 142
292, 143
292, 144
292, 145
292, 146
292, 147
292, 148
292, 149
292, 150
292, 151
292, 152
292, 153
292, 154
292, 155
292, 156
292, 157
292, 158
292, 159
292, 160
292, 161
292, 162
292, 163
292, 164
292, 165
292, 166
292, 167
292, 168
292, 169
292, 170
292, 171
292, 172
292, 173
292, 174
292, 175
292, 176
292, 177
292, 178
292, 179
292, 180
292, 181
292, 182
292, 183
292, 184
292, 185
292, 186
292, 187
292, 188
292, 189
292, 190
292, 191
292, 192
292, 193
292, 194
292, 195
292, 196
292, 197
292, 198
292, 199
292, 200
292, 201
292, 202
292, 203
292, 204
292, 205
293, 100
293, 101
293, 102
293, 103
293, 104
293, 105
293, 106
293, 107
293, 108
293, 109
293, 110
293, 111
293, 112
293, 113
293, 114
293, 115
293, 116
293, 117
293, 118
293, 119
293, 120
293, 121
293, 122
293, 123
293, 124
293, 125
293, 126
293, 127
293, 128
293, 129
293, 130
293, 131
293, 132
293, 133
293, 134
293, 135
293, 136
293, 137
293, 138
293, 139
293, 140
293, 141
293, 142
293, 143
293, 144
293, 145
293, 146
293, 147
293, 148
293, 149
293, 150
293, 151
293, 152
293, 153
293, 154
293, 155
293, 156
293, 157
293, 158
293, 159
293, 160
293, 161
293, 162
293, 163
293, 164
293, 165
293, 166
293, 167
293, 168
293, 169
293, 170
293, 171
293, 172
293, 173
293, 174
293, 175
293, 176
293, 177
293, 178
293, 179
293, 180
293, 181
293, 182
293, 183
293, 184
293, 185
293, 186
293, 187
293, 188
293, 189
293, 190
293, 191
293, 192
293, 193
293, 194
293, 195
293, 196
293, 197
293, 198
293, 199
293, 200
293, 201
293, 202
293, 203
293, 204
293, 205
294, 100
294, 101
294, 102
294, 103
294, 104
294, 105
294, 106
294, 107
294, 108
294, 109
294, 110
294, 111
294, 112
294, 113
294, 114
294, 115
294, 116
294, 117
294, 118
294, 119
294, 120
294, 121
294, 122
294, 123
294, 124
294, 125
294, 126
294, 127
294, 128
294, 129
294, 130
294, 131
294, 132
294, 133
294, 134
294, 135
294, 136
294, 137
294, 138
294, 139
294, 140
294, 141
294, 142
294, 143
294, 144
294, 145
294, 146
294, 147
294, 148
294, 149
294, 150
294, 151
294, 152
294, 153
294, 154
294, 155
294, 156
294, 157
294, 158
294, 159
294, 160
294, 161
294, 162
294, 163
294, 164
294, 165
294, 166
294, 167
294, 168
294, 169
294, 170
294, 171
294, 172
294, 173
294, 174
294, 175
294, 176
294, 177
294, 178
294, 179
294, 180
294, 181
294, 182
294, 183
294, 184
294, 185
294, 186
294, 187
294, 188
294, 189
294, 190
294, 191
294, 192
294, 193
294, 194
294, 195
294, 196
294, 197
294, 198
294, 199
294, 200
294, 201
294, 202
294, 203
294, 204
294, 205
295, 100
295, 101
295, 102
295, 103
295, 104
295, 105
295, 106
295, 107
295, 108
295, 109
295, 110
295, 111
295, 112
295, 113
295, 114
295, 115
295, 116
295, 117
295, 118
295, 119
295, 120
295, 121
295, 122
295, 123
295, 124
295, 125
295, 126
295, 127
295, 128
295, 129
295, 130
295, 131
295, 132
295, 133
295, 134
295, 135
295, 136
295, 137
295, 138
295, 139
295, 140
295, 141
295, 142
295, 143
295, 144
295, 145
295, 146
295, 147
295, 148
295, 149
295, 150
295, 151
295, 152
295, 153
295, 154
295, 155
295, 156
295, 157
295, 158
295, 159
295, 160
295, 161
295, 162
295, 164
295, 165
295, 166
295, 167
295, 168
295, 169
295, 170
295, 171
295, 172
295, 173
295, 174
295, 175
295, 176
295, 177
295, 178
295, 179
295, 180
295, 181
295, 182
295, 183
295, 184
295, 185
295, 186
295, 187
295, 188
295, 189
295, 190
295, 191
295, 192
295, 193
295, 194
295, 195
295, 196
295, 197
295, 198
295, 199
295, 200
295, 201
295, 202
295, 203
295, 204
295, 205
296, 100
296, 101
296, 102
296, 103
296, 104
296, 105
296, 106
296, 107
296, 108
296, 109
296, 110
296, 111
296, 112
296, 113
296, 114
296, 115
296, 116
296, 117
296, 118
296, 119
296, 120
296, 121
296, 122
296, 123
296, 124
296, 125
296, 126
296, 127
296, 128
296, 129
296, 130
296, 131
296, 132
296, 133
296, 134
296, 135
296, 136
296, 137
296, 138
296, 139
296, 140
296, 141
296, 142
296, 143
296, 144
296, 145
296, 146
296, 147
296, 148
296, 149
296, 150
296, 151
296, 152
296, 153
296, 154
296, 155
296, 156
296, 157
296, 158
296, 159
296, 160
296, 161
296, 162
296, 165
296, 166
296, 167
296, 168
296, 169
296, 170
296, 171
296, 172
296, 173
296, 174
296, 175
296, 176
296, 177
296, 178
296, 179
296, 180
296, 181
296, 182
296, 183
296, 184
296, 185
296, 186
296, 187
296, 188
296, 189
296, 190
296, 191
296, 192
296, 193
296, 194
296, 195
296, 196
296, 197
296, 198
296, 199
296, 200
296, 201
296, 202
296, 203
296, 204
296, 205
297, 100
297, 101
297, 102
297, 103
297, 104
297, 105
297, 106
297, 107
297, 108
297, 109
297, 110
297, 111
297, 112
297, 113
297, 114
297, 115
297, 116
297, 117
297, 118
297, 119
297, 120
297, 121
297, 122
297, 123
297, 124
297, 125
297, 126
297, 127
297, 128
297, 129
297, 130
297, 131
297, 132
297, 133
297, 134
297, 135
297, 136
297, 137
297, 138
297, 139
297, 140
297, 141
297, 142
297, 143
297, 144
297, 145
297, 146
297, 147
297, 148
297, 149
297, 150
297, 151
297, 152
297, 153
297, 154
297, 155
297, 156
297, 157
297, 158
297, 159
297, 160
297, 161
297, 165
297, 166
297, 167
297, 168
297, 169
297, 170
297, 171
297, 172
297, 173
297, 174
297, 175
297, 176
297, 177
297, 178
297, 179
297, 180
297, 181
297, 182
297, 183
297, 184
297, 185
297, 186
297, 187
297, 188
297, 189
297, 190
297, 191
297, 192
297, 193
297, 194
297, 195
297, 196
297, 197
297, 198
297, 199
297, 200
297, 201
297, 202
297, 203
297, 204
297, 205
298, 100
298, 101
298, 102
298, 103
298, 104
298, 105
298, 106
298, 107
298, 108
298, 109
298, 110
298, 111
298, 112
298, 113
298, 114
298, 115
298, 116
298, 117
298, 118
298, 119
298, 120
298, 121
298, 122
298, 123
298, 124
298, 125
298, 126
298, 127
298, 128
298, 129
298, 130
298, 131
298, 132
298, 133
298, 134
298, 135
298, 136
298, 137
298, 138
298, 139
298, 140
298, 141
298, 142
298, 143
298, 144
298, 145
298, 146
298, 147
298, 148
298, 149
298, 150
298, 151
298, 152
298, 153
298, 154
298, 155
298, 156
298, 157
298, 158
298, 159
298, 160
298, 161
298, 166
298, 167
298, 168
298, 169
298, 170
298, 171
298, 172
298, 173
298, 174
298, 175
298, 176
298, 177
298, 178
298, 179
298, 180
298, 181
298, 182
298, 183
298, 184
298, 185
298, 186
298, 187
298, 188
298, 189
298, 190
298, 191
298, 192
298, 193
298, 194
298, 195
298, 196
298, 197
298, 198
298, 199
298, 200
298, 201
298, 202
298, 203
298, 204
298, 205
299, 100
299, 101
299, 102
299, 103
299, 104
299, 105
299, 106
299, 107
299, 108
299, 109
299, 110
299, 111
299, 112
299, 113
299, 114
299, 115
299, 116
299, 117
299, 118
299, 119
299, 120
299, 121
299, 122
299, 123
299, 124
299, 125
299, 126
299, 127
299, 128
299, 129
299, 130
299, 131
299, 132
299, 133
299, 134
299, 135
299, 136
299, 137
299, 138
299, 139
299, 140
299, 141
299, 142
299, 143
299, 144
299, 145
299, 146
299, 147
299, 148
299, 149
299, 150
299, 151
299, 152
299, 153
299, 154
299, 155
299, 156
299, 157
299, 158
299, 159
299, 160
299, 161
299, 166
299, 167
299, 168
299, 169
299, 170
299, 171
299, 172
299, 173
299, 174
299, 175
299, 176
299, 177
299, 178
299, 179
299, 180
299, 181
299, 182
299, 183
299, 184
299, 185
299, 186
299, 187
299, 188
299, 189
299, 190
299, 191
299, 192
299, 193
299, 194
299, 195
299, 196
299, 197
299, 198
299, 199
299, 200
299, 201
299, 202
299, 203
299, 204
299, 205
300, 100
300, 101
300, 102
300, 103
300, 104
300, 105
300, 106
300, 107
300, 108
300, 109
300, 110
300, 111
300, 112
300, 113
300, 114
300, 115
300, 116
300, 117
300, 118
300, 119
300, 120
300, 121
300, 122
300, 123
300, 124
300, 125
300, 126
300, 127
300, 128
300, 129
300, 130
300, 131
300, 132
300, 133
300, 134
300, 135
300, 136
300, 137
300, 138
300, 139
300, 140
300, 141
300, 142
300, 143
300, 144
300, 145
300, 146
300, 147
300, 148
300, 149
300, 150
300, 151
300, 152
300, 153
300, 154
300, 155
300, 156
300, 157
300, 158
300, 159
300, 160
300, 161
300, 166
300, 167
300, 168
300, 169
300, 170
300, 171
300, 172
300, 173
300, 174
300, 175
300, 176
300, 177
300, 178
300, 179
300, 180
300, 181
300, 182
300, 183
300, 184
300, 185
300, 186
300, 187
300, 188
300, 189
300, 190
300, 191
300, 192
300, 193
300, 194
300, 195
300, 196
300, 197
300, 198
300, 199
300, 200
300, 201
300, 202
300, 203
300, 204
301, 100
301, 101
301, 102
301, 103
301, 104
301, 105
301, 106
301, 107
301, 108
301, 109
301, 110
301, 111
301, 112
301, 113
301, 114
301, 115
301, 116
301, 117
301, 118
301, 119
301, 120
301, 121
301, 122
301, 123
301, 124
301, 125
301, 126
301, 127
301, 128
301, 129
301, 130
301, 131
301, 132
301, 133
301, 134
301, 135
301, 136
301, 137
301, 138
301, 139
301, 140
301, 141
301, 142
301, 143
301, 144
301, 145
301, 146
301, 147
301, 148
301, 149
301, 150
301, 151
301, 152
301, 153
301, 154
301, 155
301, 156
301, 157
301, 158
301, 159
301, 160
301, 161
301, 166
301, 167
301, 168
301, 169
301, 170
301, 171
301, 172
301, 173
301, 174
301, 175
301, 176
301, 177
301, 178
301, 179
301, 180
301, 181
301, 182
301, 183
301, 184
301, 185
301, 186
301, 187
301, 188
301, 189
301, 190
301, 191
301, 192
301, 193
301, 194
301, 195
301, 196
301, 197
301, 198
301, 199
301, 200
301, 201
301, 202
301, 203
301, 204
302, 100
302, 101
302, 102
302, 103
302, 104
302, 105
302, 106
302, 107
302, 108
302, 109
302, 110
302, 111
302, 112
302, 113
302, 114
302, 115
302, 116
302, 117
302, 118
302, 119
302, 120
302, 121
302, 122
302, 123
302, 124
302, 125
302, 126
302, 127
302, 128
302, 129
302, 130
302, 131
302, 132
302, 133
302, 134
302, 135
302, 136
302, 137
302, 138
302, 139
302, 140
302, 141
302, 142
302, 143
302, 144
302, 145
302, 146
302, 147
302, 148
302, 149
302, 150
302, 151
302, 152
302, 153
302, 154
302, 155
302, 156
302, 157
302, 158
302, 159
302, 160
302, 161
302, 162
302, 166
302, 167
302, 168
302, 169
302, 170
302, 171
302, 172
302, 173
302, 174
302, 175
302, 176
302, 177
302, 178
302, 179
302, 180
302, 181
302, 182
302, 183
302, 184
302, 185
302, 186
302, 187
302, 188
302, 189
302, 190
302, 191
302, 192
302, 193
302, 194
302, 195
302, 196
302, 197
302, 198
302, 199
302, 200
302, 201
302, 202
302, 203
302, 204
303, 100
303, 101
303, 102
303, 103
303, 104
303, 105
303, 106
303, 107
303, 108
303, 109
303, 110
303, 111
303, 112
303, 113
303, 114
303, 115
303, 116
303, 117
303, 118
303, 119
303, 120
303, 121
303, 122
303, 123
303, 124
303, 125
303, 126
303, 127
303, 128
303, 129
303, 130
303, 131
303, 132
303, 133
303, 134
303, 135
303, 136
303, 137
303, 138
303, 139
303, 140
303, 141
303, 142
303, 143
303, 144
303, 145
303, 146
303, 147
303, 148
303, 149
303, 150
303, 151
303, 152
303, 153
303, 154
303, 155
303, 156
303, 157
303, 158
303, 159
303, 160
303, 161
303, 162
303, 165
303, 166
303, 167
303, 168
303, 169
303, 170
303, 171
303, 172
303, 173
303, 174
303, 175
303, 176
303, 177
303, 178
303, 179
303, 180
303, 181
303, 182
303, 183
303, 184
303, 185
303, 186
303, 187
303, 188
303, 189
303, 190
303, 191
303, 192
303, 193
303, 194
303, 195
303, 196
303, 197
303, 198
303, 199
303, 200
303, 201
303, 202
303, 203
303, 204
304, 100
304, 101
304, 102
304, 103
304, 104
304, 105
304, 106
304, 107
304, 108
304, 109
304, 110
304, 111
304, 112
304, 113
304, 114
304, 115
304, 116
304, 117
304, 118
304, 119
304, 120
304, 121
304, 122
304, 123
304, 124
304, 125
304, 126
304, 127
304, 128
304, 129
304, 130
304, 131
304, 132
304, 133
304, 134
304, 135
304, 136
304, 137
304, 138
304, 139
304, 140
304, 141
304, 142
304, 143
304, 144
304, 145
304, 146
304, 147
304, 148
304, 149
304, 150
304, 151
304, 152
304, 153
304, 154
304, 155
304, 156
304, 157
304, 158
304, 159
304, 160
304, 161
304, 162
304, 166
304, 167
304, 168
304, 169
304, 170
304, 171
304, 172
304, 173
304, 174
304, 175
304, 176
304, 177
304, 178
304, 179
304, 180
304, 181
304, 182
304, 183
304, 184
304, 185
304, 186
304, 187
304, 188
304, 189
304, 190
304, 191
304, 192
304, 193
304, 194
304, 195
304, 196
304, 197
304, 198
304, 199
304, 200
304, 201
304, 202
304, 203
305, 100
305, 101
305, 102
305, 103
305, 104
305, 105
305, 106
305, 107
305, 108
305, 109
305, 110
305, 111
305, 112
305, 113
305, 114
305, 115
305, 116
305, 117
305, 118
305, 119
305, 120
305, 121
305, 122
305, 123
305, 124
305, 125
305, 126
305, 127
305, 128
305, 129
305, 130
305, 131
305, 132
305, 133
305, 134
305, 135
305, 136
305, 137
305, 138
305, 139
305, 140
305, 141
305, 142
305, 143
305, 144
305, 145
305, 146
305, 147
305, 148
305, 149
305, 150
305, 151
305, 152
305, 153
305, 154
305, 155
305, 156
305, 157
305, 158
305, 159
305, 160
305, 161
305, 166
305, 167
305, 168
305, 169
305, 170
305, 171
305, 172
305, 173
305, 174
305, 175
305, 176
305, 177
305, 178
305, 179
305, 180
305, 181
305, 182
305, 183
305, 184
305, 185
305, 186
305, 187
305, 188
305, 189
305, 190
305, 191
305, 192
305, 193
305, 194
305, 195
305, 196
305, 197
305, 198
305, 199
305, 200
305, 201
306, 100
306, 101
306, 102
306, 103
306, 104
306, 105
306, 106
306, 107
306, 108
306, 109
306, 110
306, 111
306, 112
306, 113
306, 114
306, 115
306, 116
306, 117
306, 118
306, 119
306, 120
306, 121
306, 122
306, 123
306, 124
306, 125
306, 126
306, 127
306, 128
306, 129
306, 130
306, 131
306, 132
306, 133
306, 134
306, 135
306, 136
306, 137
306, 138
306, 139
306, 140
306, 141
306, 142
306, 143
306, 144
306, 145
306, 146
306, 147
306, 148
306, 149
306, 150
306, 151
306, 152
306, 153
306, 154
306, 155
306, 156
306, 157
306, 158
306, 159
306, 160
306, 161
306, 167
306, 168
306, 169
306, 170
306, 171
306, 172
306, 173
306, 174
306, 175
306, 176
306, 177
306, 178
306, 179
306, 180
306, 181
306, 182
306, 183
306, 184
306, 185
306, 186
306, 187
306, 188
306, 189
306, 190
306, 191
306, 192
306, 193
306, 194
306, 195
306, 196
306, 197
306, 198
306, 199
307, 100
307, 101
307, 102
307, 103
307, 104
307, 105
307, 106
307, 107
307, 108
307, 109
307, 110
307, 111
307, 112
307, 113
307, 114
307, 115
307, 116
307, 117
307, 118
307, 119
307, 120
307, 121
307, 122
307, 123
307, 124
307, 125
307, 126
307, 127
307, 128
307, 129
307, 130
307, 131
307, 132
307, 133
307, 134
307, 135
307, 136
307, 137
307, 138
307, 139
307, 140
307, 141
307, 142
307, 143
307, 144
307, 145
307, 146
307, 147
307, 148
307, 149
307, 150
307, 151
307, 152
307, 153
307, 154
307, 155
307, 156
307, 157
307, 158
307, 159
307, 160
307, 161
307, 167
307, 168
307, 169
307, 170
307, 171
307, 172
307, 173
307, 174
307, 175
307, 176
307, 177
307, 178
307, 179
307, 180
307, 181
307, 182
307, 183
307, 184
307, 185
307, 186
307, 187
307, 188
307, 189
307, 190
307, 191
307, 192
307, 193
307, 194
307, 195
307, 196
307, 197
307, 198
308, 100
308, 101
308, 102
308, 103
308, 104
308, 105
308, 106
308, 107
308, 108
308, 109
308, 110
308, 111
308, 112
308, 113
308, 114
308, 115
308, 116
308, 117
308, 118
308, 119
308, 120
308, 121
308, 122
308, 123
308, 124
308, 125
308, 126
308, 127
308, 128
308, 129
308, 130
308, 131
308, 132
308, 133
308, 134
308, 135
308, 136
308, 137
308, 138
308, 139
308, 140
308, 141
308, 142
308, 143
308, 144
308, 145
308, 146
308, 147
308, 148
308, 149
308, 150
308, 151
308, 152
308, 153
308, 154
308, 155
308, 156
308, 157
308, 158
308, 159
308, 160
308, 161
308, 173
308, 174
308, 175
308, 176
308, 177
308, 178
308, 179
308, 180
308, 181
308, 182
308, 183
308, 184
308, 185
308, 186
308, 187
308, 188
308, 189
308, 190
308, 191
308, 192
308, 193
308, 194
308, 195
308, 196
308, 197
309, 100
309, 101
309, 102
309, 103
309, 104
309, 105
309, 106
309, 107
309, 108
309, 109
309, 110
309, 111
309, 112
309, 113
309, 114
309, 115
309, 116
309, 117
309, 118
309, 119
309, 120
309, 121
309, 122
309, 123
309, 124
309, 125
309, 126
309, 127
309, 128
309, 129
309, 130
309, 131
309, 132
309, 133
309, 134
309, 135
309, 136
309, 137
309, 138
309, 139
309, 140
309, 141
309, 142
309, 143
309, 144
309, 145
309, 146
309, 147
309, 148
309, 149
309, 150
309, 151
309, 152
309, 153
309, 154
309, 155
309, 156
309, 157
309, 158
309, 159
309, 160
309, 161
309, 173
309, 174
309, 175
309, 176
309, 177
309, 178
309, 179
309, 180
309, 181
309, 182
309, 183
309, 184
309, 185
309, 186
309, 187
309, 188
309, 189
309, 190
309, 191
309, 192
309, 193
309, 194
309, 195
309, 196
310, 100
310, 101
310, 102
310, 103
310, 104
310, 105
310, 106
310, 107
310, 108
310, 109
310, 110
310, 111
310, 112
310, 113
310, 114
310, 115
310, 116
310, 117
310, 118
310, 119
310, 120
310, 121
310, 122
310, 123
310, 124
310, 125
310, 126
310, 127
310, 128
310, 129
310, 130
310, 131
310, 132
310, 133
310, 134
310, 135
310, 136
310, 137
310, 138
310, 139
310, 140
310, 141
310, 142
310, 143
310, 144
310, 145
310, 146
310, 147
310, 148
310, 149
310, 150
310, 151
310, 152
310, 153
310, 154
310, 155
310, 156
310, 157
310, 158
310, 159
310, 160
310, 161
310, 173
310, 174
310, 175
310, 176
310, 177
310, 178
310, 179
310, 180
310, 181
310, 182
310, 183
310, 184
310, 185
310, 186
310, 187
310, 188
310, 189
310, 190
310, 191
310, 192
310, 193
310, 194
311, 100
311, 101
311, 102
311, 103
311, 104
311, 105
311, 106
311, 107
311, 108
311, 109
311, 110
311, 111
311, 112
311, 113
311, 114
311, 115
311, 116
311, 117
311, 118
311, 119
311, 120
311, 121
311, 122
311, 123
311, 124
311, 125
311, 126
311, 127
311, 128
311, 129
311, 130
311, 131
311, 132
311, 133
311, 134
311, 135
311, 136
311, 137
311, 138
311, 139
311, 140
311, 141
311, 142
311, 143
311, 144
311, 145
311, 146
311, 147
311, 148
311, 149
311, 150
311, 151
311, 152
311, 153
311, 154
311, 155
311, 156
311, 157
311, 158
311, 159
311, 160
311, 161
311, 173
311, 174
311, 175
311, 176
311, 177
311, 178
311, 179
311, 180
311, 181
311, 182
311, 183
311, 184
311, 185
311, 186
311, 187
311, 188
311, 189
311, 190
311, 191
311, 192
311, 193
312, 100
312, 101
312, 102
312, 103
312, 104
312, 105
312, 106
312, 107
312, 108
312, 109
312, 110
312, 111
312, 112
312, 113
312, 114
312, 115
312, 116
312, 117
312, 118
312, 119
312, 120
312, 121
312, 122
312, 123
312, 124
312, 125
312, 126
312, 127
312, 128
312, 129
312, 130
312, 131
312, 132
312, 133
312, 134
312, 135
312, 136
312, 137
312, 138
312, 139
312, 140
312, 141
312, 142
312, 143
312, 144
312, 145
312, 146
312, 147
312, 148
312, 149
312, 150
312, 151
312, 152
312, 153
312, 154
312, 155
312, 156
312, 157
312, 158
312, 159
312, 160
312, 161
312, 173
312, 174
312, 175
312, 176
312, 177
312, 178
312, 179
312, 180
312, 181
312, 182
312, 183
312, 184
312, 185
312, 186
312, 187
312, 188
312, 189
312, 190
312, 191
312, 192
313, 101
313, 102
313, 103
313, 104
313, 105
313, 106
313, 107
313, 108
313, 109
313, 110
313, 111
313, 112
313, 113
313, 114
313, 115
313, 116
313, 117
313, 118
313, 119
313, 120
313, 121
313, 122
313, 123
313, 124
313, 125
313, 126
313, 127
313, 128
313, 129
313, 130
313, 131
313, 132
313, 133
313, 134
313, 135
313, 136
313, 137
313, 138
313, 139
313, 140
313, 141
313, 142
313, 143
313, 144
313, 145
313, 146
313, 147
313, 148
313, 149
313, 150
313, 151
313, 152
313, 153
313, 154
313, 155
313, 156
313, 157
313, 158
313, 159
313, 160
313, 161
313, 173
313, 174
313, 175
313, 176
313, 177
313, 178
313, 179
313, 180
313, 181
313, 182
313, 183
313, 184
313, 185
313, 186
313, 187
313, 188
313, 189
313, 190
313, 191
314, 101
314, 102
314, 103
314, 104
314, 105
314, 106
314, 107
314, 108
314, 109
314, 110
314, 111
314, 112
314, 113
314, 114
314, 115
314, 116
314, 117
314, 118
314, 119
314, 120
314, 121
314, 122
314, 123
314, 124
314, 125
314, 126
314, 127
314, 128
314, 129
314, 130
314, 131
314, 132
314, 133
314, 134
314, 135
314, 136
314, 137
314, 138
314, 139
314, 140
314, 141
314, 142
314, 143
314, 144
314, 145
314, 146
314, 147
314, 148
314, 149
314, 150
314, 151
314, 152
314, 153
314, 154
314, 155
314, 156
314, 157
314, 158
314, 159
314, 160
314, 161
314, 174
314, 175
314, 176
314, 177
314, 178
314, 182
314, 183
314, 184
315, 101
315, 102
315, 103
315, 104
315, 105
315, 106
315, 107
315, 108
315, 109
315, 110
315, 111
315, 112
315, 113
315, 114
315, 115
315, 116
315, 117
315, 118
315, 119
315, 120
315, 121
315, 122
315, 123
315, 124
315, 125
315, 126
315, 127
315, 128
315, 129
315, 130
315, 131
315, 132
315, 133
315, 134
315, 135
315, 136
315, 137
315, 138
315, 139
315, 140
315, 141
315, 142
315, 143
315, 144
315, 145
315, 146
315, 147
315, 148
315, 149
315, 150
315, 151
315, 152
315, 153
315, 154
315, 155
315, 156
315, 157
315, 158
315, 159
315, 160
315, 161
315, 175
315, 176
316, 101
316, 102
316, 103
316, 104
316, 105
316, 106
316, 107
316, 108
316, 109
316, 110
316, 111
316, 112
316, 113
316, 114
316, 115
316, 116
316, 117
316, 118
316, 119
316, 120
316, 121
316, 122
316, 123
316, 124
316, 125
316, 126
316, 127
316, 128
316, 129
316, 130
316, 131
316, 132
316, 133
316, 134
316, 135
316, 136
316, 137
316, 138
316, 139
316, 140
316, 141
316, 142
316, 143
316, 144
316, 145
316, 146
316, 147
316, 148
316, 149
316, 150
316, 151
316, 152
316, 153
316, 154
316, 155
316, 156
316, 157
316, 158
316, 159
316, 160
316, 161
317, 101
317, 102
317, 103
317, 104
317, 105
317, 106
317, 107
317, 108
317, 109
317, 110
317, 111
317, 112
317, 113
317, 114
317, 115
317, 116
317, 117
317, 118
317, 119
317, 120
317, 121
317, 122
317, 123
317, 124
317, 125
317, 126
317, 127
317, 128
317, 129
317, 130
317, 131
317, 132
317, 133
317, 134
317, 135
317, 136
317, 137
317, 138
317, 139
317, 140
317, 141
317, 142
317, 143
317, 144
317, 145
317, 146
317, 147
317, 148
317, 149
317, 150
317, 151
317, 152
317, 153
317, 154
317, 155
317, 156
317, 157
317, 158
317, 159
317, 160
317, 161
317, 162
318, 101
318, 102
318, 103
318, 104
318, 105
318, 106
318, 107
318, 108
318, 109
318, 110
318, 111
318, 112
318, 113
318, 114
318, 115
318, 116
318, 117
318, 118
318, 119
318, 120
318, 121
318, 122
318, 123
318, 124
318, 125
318, 126
318, 127
318, 128
318, 129
318, 130
318, 131
318, 132
318, 133
318, 134
318, 135
318, 136
318, 137
318, 138
318, 139
318, 140
318, 141
318, 142
318, 143
318, 144
318, 145
318, 146
318, 147
318, 148
318, 149
318, 150
318, 151
318, 152
318, 153
318, 154
318, 155
318, 156
318, 157
318, 158
318, 159
318, 160
318, 161
318, 162
319, 102
319, 103
319, 104
319, 105
319, 106
319, 107
319, 108
319, 109
319, 110
319, 111
319, 112
319, 113
319, 114
319, 115
319, 116
319, 117
319, 118
319, 119
319, 120
319, 121
319, 122
319, 123
319, 124
319, 125
319, 126
319, 127
319, 128
319, 129
319, 130
319, 131
319, 132
319, 133
319, 134
319, 135
319, 136
319, 137
319, 138
319, 139
319, 140
319, 141
319, 142
319, 143
319, 144
319, 145
319, 146
319, 147
319, 148
319, 149
319, 150
319, 151
319, 152
319, 153
319, 154
319, 155
319, 156
319, 157
319, 158
319, 159
319, 160
319, 161
319, 162
320, 102
320, 103
320, 104
320, 105
320, 106
320, 107
320, 108
320, 109
320, 110
320, 111
320, 112
320, 113
320, 114
320, 115
320, 116
320, 117
320, 118
320, 119
320, 120
320, 121
320, 122
320, 123
320, 124
320, 125
320, 126
320, 127
320, 128
320, 129
320, 130
320, 131
320, 132
320, 133
320, 134
320, 135
320, 136
320, 137
320, 138
320, 139
320, 140
320, 141
320, 142
320, 143
320, 144
320, 145
320, 146
320, 147
320, 148
320, 149
320, 150
320, 151
320, 152
320, 153
320, 154
320, 155
320, 156
320, 157
320, 158
320, 159
320, 160
320, 161
320, 162
321, 102
321, 103
321, 104
321, 105
321, 106
321, 107
321, 108
321, 109
321, 110
321, 111
321, 112
321, 113
321, 114
321, 115
321, 116
321, 117
321, 118
321, 119
321, 120
321, 121
321, 122
321, 123
321, 124
321, 125
321, 126
321, 127
321, 128
321, 129
321, 130
321, 131
321, 132
321, 133
321, 134
321, 135
321, 136
321, 137
321, 138
321, 139
321, 140
321, 141
321, 142
321, 143
321, 144
321, 145
321, 146
321, 147
321, 148
321, 149
321, 150
321, 151
321, 152
321, 153
321, 154
321, 155
321, 156
321, 157
321, 158
321, 159
321, 160
321, 161
321, 162
322, 102
322, 103
322, 104
322, 105
322, 106
322, 107
322, 108
322, 109
322, 110
322, 111
322, 112
322, 113
322, 114
322, 115
322, 116
322, 117
322, 118
322, 119
322, 120
322, 121
322, 122
322, 123
322, 124
322, 125
322, 126
322, 127
322, 128
322, 129
322, 130
322, 131
322, 132
322, 133
322, 134
322, 135
322, 136
322, 137
322, 138
322, 139
322, 140
322, 141
322, 142
322, 143
322, 144
322, 145
322, 146
322, 147
322, 148
322, 149
322, 150
322, 151
322, 152
322, 153
322, 154
322, 155
322, 156
322, 157
322, 158
322, 159
322, 160
322, 161
323, 102
323, 103
323, 104
323, 105
323, 106
323, 107
323, 108
323, 109
323, 110
323, 111
323, 112
323, 113
323, 114
323, 115
323, 116
323, 117
323, 118
323, 119
323, 120
323, 121
323, 122
323, 123
323, 124
323, 125
323, 126
323, 127
323, 128
323, 129
323, 130
323, 131
323, 132
323, 133
323, 134
323, 135
323, 136
323, 137
323, 138
323, 139
323, 140
323, 141
323, 142
323, 143
323, 144
323, 145
323, 146
323, 147
323, 148
323, 149
323, 150
323, 151
323, 152
323, 153
323, 154
323, 155
323, 156
323, 157
323, 158
323, 159
323, 160
323, 161
324, 102
324, 103
324, 104
324, 105
324, 106
324, 107
324, 108
324, 109
324, 110
324, 111
324, 112
324, 113
324, 114
324, 115
324, 116
324, 117
324, 118
324, 119
324, 120
324, 121
324, 122
324, 123
324, 124
324, 125
324, 126
324, 127
324, 128
324, 129
324, 130
324, 131
324, 132
324, 133
324, 134
324, 135
324, 136
324, 137
324, 138
324, 139
324, 140
324, 141
324, 142
324, 143
324, 144
324, 145
324, 146
324, 147
324, 148
324, 149
324, 150
324, 151
324, 152
324, 153
324, 154
324, 155
324, 156
324, 157
324, 158
324, 159
324, 160
324, 161
324, 162
325, 102
325, 103
325, 104
325, 105
325, 106
325, 107
325, 108
325, 109
325, 110
325, 111
325, 112
325, 113
325, 114
325, 115
325, 116
325, 117
325, 118
325, 119
325, 120
325, 121
325, 122
325, 123
325, 124
325, 125
325, 126
325, 127
325, 128
325, 129
325, 130
325, 131
325, 132
325, 133
325, 134
325, 135
325, 136
325, 137
325, 138
325, 139
325, 140
325, 141
325, 142
325, 143
325, 144
325, 145
325, 146
325, 147
325, 148
325, 149
325, 150
325, 151
325, 152
325, 153
325, 154
325, 155
325, 156
325, 157
325, 158
325, 159
325, 160
325, 161
325, 162
326, 102
326, 103
326, 104
326, 105
326, 106
326, 107
326, 108
326, 109
326, 110
326, 111
326, 112
326, 113
326, 114
326, 115
326, 116
326, 117
326, 118
326, 119
326, 120
326, 121
326, 122
326, 123
326, 124
326, 125
326, 126
326, 127
326, 128
326, 129
326, 130
326, 131
326, 132
326, 133
326, 134
326, 135
326, 136
326, 137
326, 138
326, 139
326, 140
326, 141
326, 142
326, 143
326, 144
326, 145
326, 146
326, 147
326, 148
326, 149
326, 150
326, 151
326, 152
326, 153
326, 154
326, 155
326, 156
326, 157
326, 158
326, 159
326, 160
326, 161
326, 162
327, 102
327, 103
327, 104
327, 105
327, 106
327, 107
327, 108
327, 109
327, 110
327, 111
327, 112
327, 113
327, 114
327, 115
327, 116
327, 117
327, 118
327, 119
327, 120
327, 121
327, 122
327, 123
327, 124
327, 125
327, 126
327, 127
327, 128
327, 129
327, 130
327, 131
327, 132
327, 133
327, 134
327, 135
327, 136
327, 137
327, 138
327, 139
327, 140
327, 141
327, 142
327, 143
327, 144
327, 145
327, 146
327, 147
327, 148
327, 149
327, 150
327, 151
327, 152
327, 153
327, 154
327, 155
327, 156
327, 157
327, 158
327, 159
327, 160
327, 161
327, 162
328, 102
328, 103
328, 104
328, 105
328, 106
328, 107
328, 108
328, 109
328, 110
328, 111
328, 112
328, 113
328, 114
328, 115
328, 116
328, 117
328, 118
328, 119
328, 120
328, 121
328, 122
328, 123
328, 124
328, 125
328, 126
328, 127
328, 128
328, 129
328, 130
328, 131
328, 132
328, 133
328, 134
328, 135
328, 136
328, 137
328, 138
328, 139
328, 140
328, 141
328, 142
328, 143
328, 144
328, 145
328, 146
328, 147
328, 148
328, 149
328, 150
328, 151
328, 152
328, 153
328, 154
328, 155
328, 156
328, 157
328, 158
328, 159
328, 160
328, 161
328, 162
329, 102
329, 103
329, 104
329, 105
329, 106
329, 107
329, 108
329, 109
329, 110
329, 111
329, 112
329, 113
329, 114
329, 115
329, 116
329, 117
329, 118
329, 119
329, 120
329, 121
329, 122
329, 123
329, 124
329, 125
329, 126
329, 127
329, 128
329, 129
329, 130
329, 131
329, 132
329, 133
329, 134
329, 135
329, 136
329, 137
329, 138
329, 139
329, 140
329, 141
329, 142
329, 143
329, 144
329, 145
329, 146
329, 147
329, 148
329, 149
329, 150
329, 151
329, 152
329, 153
329, 154
329, 155
329, 156
329, 157
329, 158
329, 159
329, 160
329, 161
329, 162
330, 102
330, 103
330, 104
330, 105
330, 106
330, 107
330, 108
330, 109
330, 110
330, 111
330, 112
330, 113
330, 114
330, 115
330, 116
330, 117
330, 118
330, 119
330, 120
330, 121
330, 122
330, 123
330, 124
330, 125
330, 126
330, 127
330, 128
330, 129
330, 130
330, 131
330, 132
330, 133
330, 134
330, 135
330, 136
330, 137
330, 138
330, 139
330, 140
330, 141
330, 142
330, 143
330, 144
330, 145
330, 146
330, 147
330, 148
330, 149
330, 150
330, 151
330, 152
330, 153
330, 154
330, 155
330, 156
330, 157
330, 158
330, 159
330, 160
330, 161
330, 162
331, 102
331, 103
331, 104
331, 105
331, 106
331, 107
331, 108
331, 109
331, 110
331, 111
331, 112
331, 113
331, 114
331, 115
331, 116
331, 117
331, 118
331, 119
331, 120
331, 121
331, 122
331, 123
331, 124
331, 125
331, 126
331, 127
331, 128
331, 129
331, 130
331, 131
331, 132
331, 133
331, 134
331, 135
331, 136
331, 137
331, 138
331, 139
331, 140
331, 141
331, 142
331, 143
331, 144
331, 145
331, 146
331, 147
331, 148
331, 149
331, 150
331, 151
331, 152
331, 153
331, 154
331, 155
331, 156
331, 157
331, 158
331, 159
331, 160
331, 161
332, 102
332, 103
332, 104
332, 105
332, 106
332, 107
332, 108
332, 109
332, 110
332, 111
332, 112
332, 113
332, 114
332, 115
332, 116
332, 117
332, 118
332, 119
332, 120
332, 121
332, 122
332, 123
332, 124
332, 125
332, 126
332, 127
332, 128
332, 129
332, 130
332, 131
332, 132
332, 133
332, 134
332, 135
332, 136
332, 137
332, 138
332, 139
332, 140
332, 141
332, 142
332, 143
332, 144
332, 145
332, 146
332, 147
332, 148
332, 149
332, 150
332, 151
332, 152
332, 153
332, 154
332, 155
332, 156
332, 157
332, 158
332, 159
332, 160
332, 161
333, 102
333, 103
333, 104
333, 105
333, 106
333, 107
333, 108
333, 109
333, 110
333, 111
333, 112
333, 113
333, 114
333, 115
333, 116
333, 117
333, 118
333, 119
333, 120
333, 121
333, 122
333, 123
333, 124
333, 125
333, 126
333, 127
333, 128
333, 129
333, 130
333, 131
333, 132
333, 133
333, 134
333, 135
333, 136
333, 137
333, 138
333, 139
333, 140
333, 141
333, 142
333, 143
333, 144
333, 145
333, 146
333, 147
333, 148
333, 149
333, 150
333, 151
333, 152
333, 153
333, 154
333, 155
333, 156
333, 157
333, 158
333, 159
333, 160
333, 161
334, 102
334, 103
334, 104
334, 105
334, 106
334, 107
334, 108
334, 109
334, 110
334, 111
334, 112
334, 113
334, 114
334, 115
334, 116
334, 117
334, 118
334, 119
334, 120
334, 121
334, 122
334, 123
334, 124
334, 125
334, 126
334, 127
334, 128
334, 129
334, 130
334, 131
334, 132
334, 133
334, 134
334, 135
334, 136
334, 137
334, 138
334, 139
334, 140
334, 141
334, 142
334, 143
334, 144
334, 145
334, 146
334, 147
334, 148
334, 149
334, 150
334, 151
334, 152
334, 153
334, 154
334, 155
334, 156
334, 157
334, 158
334, 159
334, 160
334, 161
335, 103
335, 104
335, 105
335, 106
335, 107
335, 108
335, 109
335, 110
335, 111
335, 112
335, 113
335, 114
335, 115
335, 116
335, 117
335, 118
335, 119
335, 120
335, 121
335, 122
335, 123
335, 124
335, 125
335, 126
335, 127
335, 128
335, 129
335, 130
335, 131
335, 132
335, 133
335, 134
335, 135
335, 136
335, 137
335, 138
335, 139
335, 140
335, 141
335, 142
335, 143
335, 144
335, 145
335, 146
335, 147
335, 148
335, 149
335, 150
335, 151
335, 152
335, 153
335, 154
335, 155
335, 156
335, 157
335, 158
335, 159
335, 160
335, 161
336, 103
336, 104
336, 105
336, 106
336, 107
336, 108
336, 109
336, 110
336, 111
336, 112
336, 113
336, 114
336, 115
336, 116
336, 117
336, 118
336, 119
336, 120
336, 121
336, 122
336, 123
336, 124
336, 125
336, 126
336, 127
336, 128
336, 129
336, 130
336, 131
336, 132
336, 133
336, 134
336, 135
336, 136
336, 137
336, 138
336, 139
336, 140
336, 141
336, 142
336, 143
336, 144
336, 145
336, 146
336, 147
336, 148
336, 149
336, 150
336, 151
336, 152
336, 153
336, 154
336, 155
336, 156
336, 157
336, 158
336, 159
336, 160
336, 161
337, 103
337, 104
337, 105
337, 106
337, 107
337, 108
337, 109
337, 110
337, 111
337, 112
337, 113
337, 114
337, 115
337, 116
337, 117
337, 118
337, 119
337, 120
337, 121
337, 122
337, 123
337, 124
337, 125
337, 126
337, 127
337, 128
337, 129
337, 130
337, 131
337, 132
337, 133
337, 134
337, 135
337, 136
337, 137
337, 138
337, 139
337, 140
337, 141
337, 142
337, 143
337, 144
337, 145
337, 146
337, 147
337, 148
337, 149
337, 150
337, 151
337, 152
337, 153
337, 154
337, 155
337, 156
337, 157
337, 158
337, 159
337, 160
338, 103
338, 104
338, 105
338, 106
338, 107
338, 108
338, 109
338, 110
338, 111
338, 112
338, 113
338, 114
338, 115
338, 116
338, 117
338, 118
338, 119
338, 120
338, 121
338, 122
338, 123
338, 124
338, 125
338, 126
338, 127
338, 128
338, 129
338, 130
338, 131
338, 132
338, 133
338, 134
338, 135
338, 136
338, 137
338, 138
338, 139
338, 140
338, 141
338, 142
338, 143
338, 144
338, 145
338, 146
338, 147
338, 148
338, 149
338, 150
338, 151
338, 152
338, 153
338, 154
338, 155
338, 156
338, 157
338, 158
338, 159
338, 160
339, 103
339, 104
339, 105
339, 106
339, 107
339, 108
339, 109
339, 110
339, 111
339, 112
339, 113
339, 114
339, 115
339, 116
339, 117
339, 118
339, 119
339, 120
339, 121
339, 122
339, 123
339, 124
339, 125
339, 126
339, 127
339, 128
339, 129
339, 130
339, 131
339, 132
339, 133
339, 134
339, 135
339, 136
339, 137
339, 138
339, 139
339, 140
339, 141
339, 142
339, 143
339, 144
339, 145
339, 146
339, 147
339, 148
339, 149
339, 150
339, 151
339, 152
339, 153
339, 154
339, 155
339, 156
339, 157
339, 158
339, 159
339, 160
340, 103
340, 104
340, 105
340, 106
340, 107
340, 108
340, 109
340, 110
340, 111
340, 112
340, 113
340, 114
340, 115
340, 116
340, 117
340, 118
340, 119
340, 120
340, 121
340, 122
340, 123
340, 124
340, 125
340, 126
340, 127
340, 128
340, 129
340, 130
340, 131
340, 132
340, 133
340, 134
340, 135
340, 136
340, 137
340, 138
340, 139
340, 140
340, 141
340, 142
340, 143
340, 144
340, 145
340, 146
340, 147
340, 148
340, 149
340, 150
340, 151
340, 152
340, 153
340, 154
340, 155
340, 156
340, 157
340, 158
340, 159
340, 160
341, 103
341, 104
341, 105
341, 106
341, 107
341, 108
341, 109
341, 110
341, 111
341, 112
341, 113
341, 114
341, 115
341, 116
341, 117
341, 118
341, 119
341, 120
341, 121
341, 122
341, 123
341, 124
341, 125
341, 126
341, 127
341, 128
341, 129
341, 130
341, 131
341, 132
341, 133
341, 134
341, 135
341, 136
341, 137
341, 138
341, 139
341, 140
341, 141
341, 142
341, 143
341, 144
341, 145
341, 146
341, 147
341, 148
341, 149
341, 150
341, 151
341, 152
341, 153
341, 154
341, 155
341, 156
341, 157
341, 158
341, 159
342, 103
342, 104
342, 105
342, 106
342, 107
342, 108
342, 109
342, 110
342, 111
342, 112
342, 113
342, 114
342, 115
342, 116
342, 117
342, 118
342, 119
342, 120
342, 121
342, 122
342, 123
342, 124
342, 125
342, 126
342, 127
342, 128
342, 129
342, 130
342, 131
342, 132
342, 133
342, 134
342, 135
342, 136
342, 137
342, 138
342, 139
342, 140
342, 141
342, 142
342, 143
342, 144
342, 145
342, 146
342, 147
342, 148
342, 149
342, 150
342, 151
342, 152
342, 153
342, 154
342, 155
342, 156
342, 157
342, 158
342, 159
343, 103
343, 104
343, 105
343, 106
343, 107
343, 108
343, 109
343, 110
343, 111
343, 112
343, 113
343, 114
343, 115
343, 116
343, 117
343, 118
343, 119
343, 120
343, 121
343, 122
343, 123
343, 124
343, 125
343, 126
343, 127
343, 128
343, 129
343, 130
343, 131
343, 132
343, 133
343, 134
343, 135
343, 136
343, 137
343, 138
343, 139
343, 140
343, 141
343, 142
343, 143
343, 144
343, 145
343, 146
343, 147
343, 148
343, 149
343, 150
343, 151
343, 152
343, 153
343, 154
343, 155
343, 156
343, 157
344, 103
344, 104
344, 105
344, 106
344, 107
344, 108
344, 109
344, 110
344, 111
344, 112
344, 113
344, 114
344, 115
344, 116
344, 117
344, 118
344, 119
344, 120
344, 121
344, 122
344, 123
344, 124
344, 125
344, 126
344, 127
344, 128
344, 129
344, 130
344, 131
344, 132
344, 133
344, 134
344, 135
344, 136
344, 137
344, 138
344, 139
344, 140
344, 141
344, 142
344, 143
344, 144
344, 145
344, 146
344, 147
344, 148
344, 149
344, 150
344, 151
344, 152
344, 153
344, 154
344, 155
345, 104
345, 105
345, 106
345, 107
345, 108
345, 109
345, 110
345, 111
345, 112
345, 113
345, 114
345, 115
345, 116
345, 117
345, 118
345, 119
345, 120
345, 121
345, 122
345, 123
345, 124
345, 125
345, 126
345, 127
345, 128
345, 129
345, 130
345, 131
345, 132
345, 133
345, 134
345, 135
345, 136
345, 137
345, 138
345, 139
345, 140
345, 141
345, 142
345, 143
345, 144
345, 145
345, 146
345, 147
345, 148
345, 149
345, 150
345, 151
345, 152
346, 104
346, 105
346, 106
346, 107
346, 108
346, 109
346, 110
346, 111
346, 112
346, 113
346, 114
346, 115
346, 116
346, 117
346, 118
346, 119
346, 120
346, 121
346, 122
346, 123
346, 124
346, 125
346, 126
346, 127
346, 128
346, 129
346, 130
346, 131
346, 132
346, 133
346, 134
346, 135
346, 136
346, 137
346, 138
346, 139
346, 140
346, 141
346, 142
346, 143
346, 144
346, 145
346, 146
346, 147
346, 148
346, 149
347, 105
347, 106
347, 107
347, 108
347, 109
347, 110
347, 111
347, 112
347, 113
347, 114
347, 115
347, 116
347, 117
347, 118
347, 119
347, 120
347, 121
347, 122
347, 123
347, 124
347, 125
347, 126
347, 127
347, 128
347, 129
347, 130
347, 131
347, 132
347, 133
347, 134
347, 135
347, 136
347, 137
347, 138
347, 139
347, 140
347, 141
347, 142
347, 143
347, 144
347, 145
347, 146
348, 105
348, 106
348, 107
348, 108
348, 109
348, 110
348, 111
348, 112
348, 113
348, 114
348, 115
348, 116
348, 117
348, 118
348, 119
348, 120
348, 121
348, 122
348, 123
348, 124
348, 125
348, 126
348, 127
348, 128
348, 129
348, 130
348, 131
348, 132
348, 133
348, 134
348, 135
348, 136
348, 137
348, 138
348, 139
348, 140
348, 141
349, 113
349, 114
349, 115
349, 116
349, 117
349, 118
349, 119
349, 120
349, 121
349, 122
349, 123
349, 124
349, 125
349, 126
349, 127
349, 128
349, 129
349, 130
349, 131
349, 132
349, 133
349, 134
349, 135
349, 136
349, 137
