181, 76
181, 77
181, 78
181, 79
181, 80
181, 81
181, 82
182, 76
182, 77
182, 78
182, 79
182, 80
182, 81
182, 82
182, 83
182, 84
182, 85
182, 86
182, 141
182, 142
182, 143
182, 144
182, 145
183, 75
183, 76
183, 77
183, 78
183, 79
183, 80
183, 81
183, 82
183, 83
183, 84
183, 85
183, 86
183, 87
183, 88
183, 89
183, 90
183, 91
183, 92
183, 93
183, 138
183, 139
183, 140
183, 141
183, 142
183, 143
183, 144
183, 145
183, 146
183, 147
183, 148
183, 149
184, 75
184, 76
184, 77
184, 78
184, 79
184, 80
184, 81
184, 82
184, 83
184, 84
184, 85
184, 86
184, 87
184, 88
184, 89
184, 90
184, 91
184, 92
184, 93
184, 94
184, 95
184, 96
184, 97
184, 98
184, 99
184, 100
184, 101
184, 102
184, 131
184, 132
184, 133
184, 134
184, 135
184, 136
184, 137
184, 138
184, 139
184, 140
184, 141
184, 142
184, 143
184, 144
184, 145
184, 146
184, 147
184, 148
184, 149
184, 150
185, 74
185, 75
185, 76
185, 77
185, 78
185, 79
185, 80
185, 81
185, 82
185, 83
185, 84
185, 85
185, 86
185, 87
185, 88
185, 89
185, 90
185, 91
185, 92
185, 93
185, 94
185, 95
185, 96
185, 97
185, 98
185, 99
185, 100
185, 101
185, 102
185, 103
185, 104
185, 105
185, 106
185, 107
185, 124
185, 125
185, 126
185, 127
185, 128
185, 129
185, 130
185, 131
185, 132
185, 133
185, 134
185, 135
185, 136
185, 137
185, 138
185, 139
185, 140
185, 141
185, 142
185, 143
185, 144
185, 145
185, 146
185, 147
185, 148
185, 149
185, 150
185, 151
186, 73
186, 74
186, 75
186, 76
186, 77
186, 78
186, 79
186, 80
186, 81
186, 82
186, 83
186, 84
186, 85
186, 86
186, 87
186, 88
186, 89
186, 90
186, 91
186, 92
186, 93
186, 94
186, 95
186, 96
186, 97
186, 98
186, 99
186, 100
186, 101
186, 102
186, 103
186, 104
186, 105
186, 106
186, 107
186, 108
186, 109
186, 110
186, 111
186, 112
186, 113
186, 114
186, 115
186, 116
186, 117
186, 118
186, 119
186, 120
186, 121
186, 122
186, 123
186, 124
186, 125
186, 126
186, 127
186, 128
186, 129
186, 130
186, 131
186, 132
186, 133
186, 134
186, 135
186, 136
186, 137
186, 138
186, 139
186, 140
186, 141
186, 142
186, 143
186, 144
186, 145
186, 146
186, 147
186, 148
186, 149
186, 150
186, 151
186, 152
187, 72
187, 73
187, 74
187, 75
187, 76
187, 77
187, 78
187, 79
187, 80
187, 81
187, 82
187, 83
187, 84
187, 85
187, 86
187, 87
187, 88
187, 89
187, 90
187, 91
187, 92
187, 93
187, 94
187, 95
187, 96
187, 97
187, 98
187, 99
187, 100
187, 101
187, 102
187, 103
187, 104
187, 105
187, 106
187, 107
187, 108
187, 109
187, 110
187, 111
187, 112
187, 113
187, 114
187, 115
187, 116
187, 117
187, 118
187, 119
187, 120
187, 121
187, 122
187, 123
187, 124
187, 125
187, 126
187, 127
187, 128
187, 129
187, 130
187, 131
187, 132
187, 133
187, 134
187, 135
187, 136
187, 137
187, 138
187, 139
187, 140
187, 141
187, 142
187, 143
187, 144
187, 145
187, 146
187, 147
187, 148
187, 149
187, 150
187, 151
187, 152
188, 71
188, 72
188, 73
188, 74
188, 75
188, 76
188, 77
188, 78
188, 79
188, 80
188, 81
188, 82
188, 83
188, 84
188, 85
188, 86
188, 87
188, 88
188, 89
188, 90
188, 91
188, 92
188, 93
188, 94
188, 95
188, 96
188, 97
188, 98
188, 99
188, 100
188, 101
188, 102
188, 103
188, 104
188, 105
188, 106
188, 107
188, 108
188, 109
188, 110
188, 111
188, 112
188, 113
188, 114
188, 115
188, 116
188, 117
188, 118
188, 119
188, 120
188, 121
188, 122
188, 123
188, 124
188, 125
188, 126
188, 127
188, 128
188, 129
188, 130
188, 131
188, 132
188, 133
188, 134
188, 135
188, 136
188, 137
188, 138
188, 139
188, 140
188, 141
188, 142
188, 143
188, 144
188, 145
188, 146
188, 147
188, 148
188, 149
188, 150
188, 151
188, 152
188, 153
189, 71
189, 72
189, 73
189, 74
189, 75
189, 76
189, 77
189, 78
189, 79
189, 80
189, 81
189, 82
189, 83
189, 84
189, 85
189, 86
189, 87
189, 88
189, 89
189, 90
189, 91
189, 92
189, 93
189, 94
189, 95
189, 96
189, 97
189, 98
189, 99
189, 100
189, 101
189, 102
189, 103
189, 104
189, 105
189, 106
189, 107
189, 108
189, 109
189, 110
189, 111
189, 112
189, 113
189, 114
189, 115
189, 116
189, 117
189, 118
189, 119
189, 120
189, 121
189, 122
189, 123
189, 124
189, 125
189, 126
189, 127
189, 128
189, 129
189, 130
189, 131
189, 132
189, 133
189, 134
189, 135
189, 136
189, 137
189, 138
189, 139
189, 140
189, 141
189, 142
189, 143
189, 144
189, 145
189, 146
189, 147
189, 148
189, 149
189, 150
189, 151
189, 152
189, 153
190, 71
190, 72
190, 73
190, 74
190, 75
190, 76
190, 77
190, 78
190, 79
190, 80
190, 81
190, 82
190, 83
190, 84
190, 85
190, 86
190, 87
190, 88
190, 89
190, 90
190, 91
190, 92
190, 93
190, 94
190, 95
190, 96
190, 97
190, 98
190, 99
190, 100
190, 101
190, 102
190, 103
190, 104
190, 105
190, 106
190, 107
190, 108
190, 109
190, 110
190, 111
190, 112
190, 113
190, 114
190, 115
190, 116
190, 117
190, 118
190, 119
190, 120
190, 121
190, 122
190, 123
190, 124
190, 125
190, 126
190, 127
190, 128
190, 129
190, 130
190, 131
190, 132
190, 133
190, 134
190, 135
190, 136
190, 137
190, 138
190, 139
190, 140
190, 141
190, 142
190, 143
190, 144
190, 145
190, 146
190, 147
190, 148
190, 149
190, 150
190, 151
190, 152
190, 153
190, 154
191, 70
191, 71
191, 72
191, 73
191, 74
191, 75
191, 76
191, 77
191, 78
191, 79
191, 80
191, 81
191, 82
191, 83
191, 84
191, 85
191, 86
191, 87
191, 88
191, 89
191, 90
191, 91
191, 92
191, 93
191, 94
191, 95
191, 96
191, 97
191, 98
191, 99
191, 100
191, 101
191, 102
191, 103
191, 104
191, 105
191, 106
191, 107
191, 108
191, 109
191, 110
191, 111
191, 112
191, 113
191, 114
191, 115
191, 116
191, 117
191, 118
191, 119
191, 120
191, 121
191, 122
191, 123
191, 124
191, 125
191, 126
191, 127
191, 128
191, 129
191, 130
191, 131
191, 132
191, 133
191, 134
191, 135
191, 136
191, 137
191, 138
191, 139
191, 140
191, 141
191, 142
191, 143
191, 144
191, 145
191, 146
191, 147
191, 148
191, 149
191, 150
191, 151
191, 152
191, 153
191, 154
192, 70
192, 71
192, 72
192, 73
192, 74
192, 75
192, 76
192, 77
192, 78
192, 79
192, 80
192, 81
192, 82
192, 83
192, 84
192, 85
192, 86
192, 87
192, 88
192, 89
192, 90
192, 91
192, 92
192, 93
192, 94
192, 95
192, 96
192, 97
192, 98
192, 99
192, 100
192, 101
192, 102
192, 103
192, 104
192, 105
192, 106
192, 107
192, 108
192, 109
192, 110
192, 111
192, 112
192, 113
192, 114
192, 115
192, 116
192, 117
192, 118
192, 119
192, 120
192, 121
192, 122
192, 123
192, 124
192, 125
192, 126
192, 127
192, 128
192, 129
192, 130
192, 131
192, 132
192, 133
192, 134
192, 135
192, 136
192, 137
192, 138
192, 139
192, 140
192, 141
192, 142
192, 143
192, 144
192, 145
192, 146
192, 147
192, 148
192, 149
192, 150
192, 151
192, 152
192, 153
192, 154
192, 155
193, 69
193, 70
193, 71
193, 72
193, 73
193, 74
193, 75
193, 76
193, 77
193, 78
193, 79
193, 80
193, 81
193, 82
193, 83
193, 84
193, 85
193, 86
193, 87
193, 88
193, 89
193, 90
193, 91
193, 92
193, 93
193, 94
193, 95
193, 96
193, 97
193, 98
193, 99
193, 100
193, 101
193, 102
193, 103
193, 104
193, 105
193, 106
193, 107
193, 108
193, 109
193, 110
193, 111
193, 112
193, 113
193, 114
193, 115
193, 116
193, 117
193, 118
193, 119
193, 120
193, 121
193, 122
193, 123
193, 124
193, 125
193, 126
193, 127
193, 128
193, 129
193, 130
193, 131
193, 132
193, 133
193, 134
193, 135
193, 136
193, 137
193, 138
193, 139
193, 140
193, 141
193, 142
193, 143
193, 144
193, 145
193, 146
193, 147
193, 148
193, 149
193, 150
193, 151
193, 152
193, 153
193, 154
193, 155
194, 68
194, 69
194, 70
194, 71
194, 72
194, 73
194, 74
194, 75
194, 76
194, 77
194, 78
194, 79
194, 80
194, 81
194, 82
194, 83
194, 84
194, 85
194, 86
194, 87
194, 88
194, 89
194, 90
194, 91
194, 92
194, 93
194, 94
194, 95
194, 96
194, 97
194, 98
194, 99
194, 100
194, 101
194, 102
194, 103
194, 104
194, 105
194, 106
194, 107
194, 108
194, 109
194, 110
194, 111
194, 112
194, 113
194, 114
194, 115
194, 116
194, 117
194, 118
194, 119
194, 120
194, 121
194, 122
194, 123
194, 124
194, 125
194, 126
194, 127
194, 128
194, 129
194, 130
194, 131
194, 132
194, 133
194, 134
194, 135
194, 136
194, 137
194, 138
194, 139
194, 140
194, 141
194, 142
194, 143
194, 144
194, 145
194, 146
194, 147
194, 148
194, 149
194, 150
194, 151
194, 152
194, 153
194, 154
194, 155
195, 67
195, 68
195, 69
195, 70
195, 71
195, 72
195, 73
195, 74
195, 75
195, 76
195, 77
195, 78
195, 79
195, 80
195, 81
195, 82
195, 83
195, 84
195, 85
195, 86
195, 87
195, 88
195, 89
195, 90
195, 91
195, 92
195, 93
195, 94
195, 95
195, 96
195, 97
195, 98
195, 99
195, 100
195, 101
195, 102
195, 103
195, 104
195, 105
195, 106
195, 107
195, 108
195, 109
195, 110
195, 111
195, 112
195, 113
195, 114
195, 115
195, 116
195, 117
195, 118
195, 119
195, 120
195, 121
195, 122
195, 123
195, 124
195, 125
195, 126
195, 127
195, 128
195, 129
195, 130
195, 131
195, 132
195, 133
195, 134
195, 135
195, 136
195, 137
195, 138
195, 139
195, 140
195, 141
195, 142
195, 143
195, 144
195, 145
195, 146
195, 147
195, 148
195, 149
195, 150
195, 151
195, 152
195, 153
195, 154
195, 155
196, 67
196, 68
196, 69
196, 70
196, 71
196, 72
196, 73
196, 74
196, 75
196, 76
196, 77
196, 78
196, 79
196, 80
196, 81
196, 82
196, 83
196, 84
196, 85
196, 86
196, 87
196, 88
196, 89
196, 90
196, 91
196, 92
196, 93
196, 94
196, 95
196, 96
196, 97
196, 98
196, 99
196, 100
196, 101
196, 102
196, 103
196, 104
196, 105
196, 106
196, 107
196, 108
196, 109
196, 110
196, 111
196, 112
196, 113
196, 114
196, 115
196, 116
196, 117
196, 118
196, 119
196, 120
196, 121
196, 122
196, 123
196, 124
196, 125
196, 126
196, 127
196, 128
196, 129
196, 130
196, 131
196, 132
196, 133
196, 134
196, 135
196, 136
196, 137
196, 138
196, 139
196, 140
196, 141
196, 142
196, 143
196, 144
196, 145
196, 146
196, 147
196, 148
196, 149
196, 150
196, 151
196, 152
196, 153
196, 154
196, 155
197, 67
197, 68
197, 69
197, 70
197, 71
197, 72
197, 73
197, 74
197, 75
197, 76
197, 77
197, 78
197, 79
197, 80
197, 81
197, 82
197, 83
197, 84
197, 85
197, 86
197, 87
197, 88
197, 89
197, 90
197, 91
197, 92
197, 93
197, 94
197, 95
197, 96
197, 97
197, 98
197, 99
197, 100
197, 101
197, 102
197, 103
197, 104
197, 105
197, 106
197, 107
197, 108
197, 109
197, 110
197, 111
197, 112
197, 113
197, 114
197, 115
197, 116
197, 117
197, 118
197, 119
197, 120
197, 121
197, 122
197, 123
197, 124
197, 125
197, 126
197, 127
197, 128
197, 129
197, 130
197, 131
197, 132
197, 133
197, 134
197, 135
197, 136
197, 137
197, 138
197, 139
197, 140
197, 141
197, 142
197, 143
197, 144
197, 145
197, 146
197, 147
197, 148
197, 149
197, 150
197, 151
197, 152
197, 153
197, 154
197, 155
197, 156
198, 66
198, 67
198, 68
198, 69
198, 70
198, 71
198, 72
198, 73
198, 74
198, 75
198, 76
198, 77
198, 78
198, 79
198, 80
198, 81
198, 82
198, 83
198, 84
198, 85
198, 86
198, 87
198, 88
198, 89
198, 90
198, 91
198, 92
198, 93
198, 94
198, 95
198, 96
198, 97
198, 98
198, 99
198, 100
198, 101
198, 102
198, 103
198, 104
198, 105
198, 106
198, 107
198, 108
198, 109
198, 110
198, 111
198, 112
198, 113
198, 114
198, 115
198, 116
198, 117
198, 118
198, 119
198, 120
198, 121
198, 122
198, 123
198, 124
198, 125
198, 126
198, 127
198, 128
198, 129
198, 130
198, 131
198, 132
198, 133
198, 134
198, 135
198, 136
198, 137
198, 138
198, 139
198, 140
198, 141
198, 142
198, 143
198, 144
198, 145
198, 146
198, 147
198, 148
198, 149
198, 150
198, 151
198, 152
198, 153
198, 154
198, 155
198, 156
199, 66
199, 67
199, 68
199, 69
199, 70
199, 71
199, 72
199, 73
199, 74
199, 75
199, 76
199, 77
199, 78
199, 79
199, 80
199, 81
199, 82
199, 83
199, 84
199, 85
199, 86
199, 87
199, 88
199, 89
199, 90
199, 91
199, 92
199, 93
199, 94
199, 95
199, 96
199, 97
199, 98
199, 99
199, 100
199, 101
199, 102
199, 103
199, 104
199, 105
199, 106
199, 107
199, 108
199, 109
199, 110
199, 111
199, 112
199, 113
199, 114
199, 115
199, 116
199, 117
199, 118
199, 119
199, 120
199, 121
199, 122
199, 123
199, 124
199, 125
199, 126
199, 127
199, 128
199, 129
199, 130
199, 131
199, 132
199, 133
199, 134
199, 135
199, 136
199, 137
199, 138
199, 139
199, 140
199, 141
199, 142
199, 143
199, 144
199, 145
199, 146
199, 147
199, 148
199, 149
199, 150
199, 151
199, 152
199, 153
199, 154
199, 155
199, 156
200, 66
200, 67
200, 68
200, 69
200, 70
200, 71
200, 72
200, 73
200, 74
200, 75
200, 76
200, 77
200, 78
200, 79
200, 80
200, 81
200, 82
200, 83
200, 84
200, 85
200, 86
200, 87
200, 88
200, 89
200, 90
200, 91
200, 92
200, 93
200, 94
200, 95
200, 96
200, 97
200, 98
200, 99
200, 100
200, 101
200, 102
200, 103
200, 104
200, 105
200, 106
200, 107
200, 108
200, 109
200, 110
200, 111
200, 112
200, 113
200, 114
200, 115
200, 116
200, 117
200, 118
200, 119
200, 120
200, 121
200, 122
200, 123
200, 124
200, 125
200, 126
200, 127
200, 128
200, 129
200, 130
200, 131
200, 132
200, 133
200, 134
200, 135
200, 136
200, 137
200, 138
200, 139
200, 140
200, 141
200, 142
200, 143
200, 144
200, 145
200, 146
200, 147
200, 148
200, 149
200, 150
200, 151
200, 152
200, 153
200, 154
200, 155
200, 156
201, 66
201, 67
201, 68
201, 69
201, 70
201, 71
201, 72
201, 73
201, 74
201, 75
201, 76
201, 77
201, 78
201, 79
201, 80
201, 81
201, 82
201, 83
201, 84
201, 85
201, 86
201, 87
201, 88
201, 89
201, 90
201, 91
201, 92
201, 93
201, 94
201, 95
201, 96
201, 97
201, 98
201, 99
201, 100
201, 101
201, 102
201, 103
201, 104
201, 105
201, 106
201, 107
201, 108
201, 109
201, 110
201, 111
201, 112
201, 113
201, 114
201, 115
201, 116
201, 117
201, 118
201, 119
201, 120
201, 121
201, 122
201, 123
201, 124
201, 125
201, 126
201, 127
201, 128
201, 129
201, 130
201, 131
201, 132
201, 133
201, 134
201, 135
201, 136
201, 137
201, 138
201, 139
201, 140
201, 141
201, 142
201, 143
201, 144
201, 145
201, 146
201, 147
201, 148
201, 149
201, 150
201, 151
201, 152
201, 153
201, 154
201, 155
201, 156
202, 65
202, 66
202, 67
202, 68
202, 69
202, 70
202, 71
202, 72
202, 73
202, 74
202, 75
202, 76
202, 77
202, 78
202, 79
202, 80
202, 81
202, 82
202, 83
202, 84
202, 85
202, 86
202, 87
202, 88
202, 89
202, 90
202, 91
202, 92
202, 93
202, 94
202, 95
202, 96
202, 97
202, 98
202, 99
202, 100
202, 101
202, 102
202, 103
202, 104
202, 105
202, 106
202, 107
202, 108
202, 109
202, 110
202, 111
202, 112
202, 113
202, 114
202, 115
202, 116
202, 117
202, 118
202, 119
202, 120
202, 121
202, 122
202, 123
202, 124
202, 125
202, 126
202, 127
202, 128
202, 129
202, 130
202, 131
202, 132
202, 133
202, 134
202, 135
202, 136
202, 137
202, 138
202, 139
202, 140
202, 141
202, 142
202, 143
202, 144
202, 145
202, 146
202, 147
202, 148
202, 149
202, 150
202, 151
202, 152
202, 153
202, 154
202, 155
202, 156
203, 65
203, 66
203, 67
203, 68
203, 69
203, 70
203, 71
203, 72
203, 73
203, 74
203, 75
203, 76
203, 77
203, 78
203, 79
203, 80
203, 81
203, 82
203, 83
203, 84
203, 85
203, 86
203, 87
203, 88
203, 89
203, 90
203, 91
203, 92
203, 93
203, 94
203, 95
203, 96
203, 97
203, 98
203, 99
203, 100
203, 101
203, 102
203, 103
203, 104
203, 105
203, 106
203, 107
203, 108
203, 109
203, 110
203, 111
203, 112
203, 113
203, 114
203, 115
203, 116
203, 117
203, 118
203, 119
203, 120
203, 121
203, 122
203, 123
203, 124
203, 125
203, 126
203, 127
203, 128
203, 129
203, 130
203, 131
203, 132
203, 133
203, 134
203, 135
203, 136
203, 137
203, 138
203, 139
203, 140
203, 141
203, 142
203, 143
203, 144
203, 145
203, 146
203, 147
203, 148
203, 149
203, 150
203, 151
203, 152
203, 153
203, 154
203, 155
203, 156
204, 64
204, 65
204, 66
204, 67
204, 68
204, 69
204, 70
204, 71
204, 72
204, 73
204, 74
204, 75
204, 76
204, 77
204, 78
204, 79
204, 80
204, 81
204, 82
204, 83
204, 84
204, 85
204, 86
204, 87
204, 88
204, 89
204, 90
204, 91
204, 92
204, 93
204, 94
204, 95
204, 96
204, 97
204, 98
204, 99
204, 100
204, 101
204, 102
204, 103
204, 104
204, 105
204, 106
204, 107
204, 108
204, 109
204, 110
204, 111
204, 112
204, 113
204, 114
204, 115
204, 116
204, 117
204, 118
204, 119
204, 120
204, 121
204, 122
204, 123
204, 124
204, 125
204, 126
204, 127
204, 128
204, 129
204, 130
204, 131
204, 132
204, 133
204, 134
204, 135
204, 136
204, 137
204, 138
204, 139
204, 140
204, 141
204, 142
204, 143
204, 144
204, 145
204, 146
204, 147
204, 148
204, 149
204, 150
204, 151
204, 152
204, 153
204, 154
204, 155
204, 156
204, 157
205, 63
205, 64
205, 65
205, 66
205, 67
205, 68
205, 69
205, 70
205, 71
205, 72
205, 73
205, 74
205, 75
205, 76
205, 77
205, 78
205, 79
205, 80
205, 81
205, 82
205, 83
205, 84
205, 85
205, 86
205, 87
205, 88
205, 89
205, 90
205, 91
205, 92
205, 93
205, 94
205, 95
205, 96
205, 97
205, 98
205, 99
205, 100
205, 101
205, 102
205, 103
205, 104
205, 105
205, 106
205, 107
205, 108
205, 109
205, 110
205, 111
205, 112
205, 113
205, 114
205, 115
205, 116
205, 117
205, 118
205, 119
205, 120
205, 121
205, 122
205, 123
205, 124
205, 125
205, 126
205, 127
205, 128
205, 129
205, 130
205, 131
205, 132
205, 133
205, 134
205, 135
205, 136
205, 137
205, 138
205, 139
205, 140
205, 141
205, 142
205, 143
205, 144
205, 145
205, 146
205, 147
205, 148
205, 149
205, 150
205, 151
205, 152
205, 153
205, 154
205, 155
205, 156
205, 157
206, 63
206, 64
206, 65
206, 66
206, 67
206, 68
206, 69
206, 70
206, 71
206, 72
206, 73
206, 74
206, 75
206, 76
206, 77
206, 78
206, 79
206, 80
206, 81
206, 82
206, 83
206, 84
206, 85
206, 86
206, 87
206, 88
206, 89
206, 90
206, 91
206, 92
206, 93
206, 94
206, 95
206, 96
206, 97
206, 98
206, 99
206, 100
206, 101
206, 102
206, 103
206, 104
206, 105
206, 106
206, 107
206, 108
206, 109
206, 110
206, 111
206, 112
206, 113
206, 114
206, 115
206, 116
206, 117
206, 118
206, 119
206, 120
206, 121
206, 122
206, 123
206, 124
206, 125
206, 126
206, 127
206, 128
206, 129
206, 130
206, 131
206, 132
206, 133
206, 134
206, 135
206, 136
206, 137
206, 138
206, 139
206, 140
206, 141
206, 142
206, 143
206, 144
206, 145
206, 146
206, 147
206, 148
206, 149
206, 150
206, 151
206, 152
206, 153
206, 154
206, 155
206, 156
206, 157
206, 158
207, 62
207, 63
207, 64
207, 65
207, 66
207, 67
207, 68
207, 69
207, 70
207, 71
207, 72
207, 73
207, 74
207, 75
207, 76
207, 77
207, 78
207, 79
207, 80
207, 81
207, 82
207, 83
207, 84
207, 85
207, 86
207, 87
207, 88
207, 89
207, 90
207, 91
207, 92
207, 93
207, 94
207, 95
207, 96
207, 97
207, 98
207, 99
207, 100
207, 101
207, 102
207, 103
207, 104
207, 105
207, 106
207, 107
207, 108
207, 109
207, 110
207, 111
207, 112
207, 113
207, 114
207, 115
207, 116
207, 117
207, 118
207, 119
207, 120
207, 121
207, 122
207, 123
207, 124
207, 125
207, 126
207, 127
207, 128
207, 129
207, 130
207, 131
207, 132
207, 133
207, 134
207, 135
207, 136
207, 137
207, 138
207, 139
207, 140
207, 141
207, 142
207, 143
207, 144
207, 145
207, 146
207, 147
207, 148
207, 149
207, 150
207, 151
207, 152
207, 153
207, 154
207, 155
207, 156
207, 157
207, 158
208, 62
208, 63
208, 64
208, 65
208, 66
208, 67
208, 68
208, 69
208, 70
208, 71
208, 72
208, 73
208, 74
208, 75
208, 76
208, 77
208, 78
208, 79
208, 80
208, 81
208, 82
208, 83
208, 84
208, 85
208, 86
208, 87
208, 88
208, 89
208, 90
208, 91
208, 92
208, 93
208, 94
208, 95
208, 96
208, 97
208, 98
208, 99
208, 100
208, 101
208, 102
208, 103
208, 104
208, 105
208, 106
208, 107
208, 108
208, 109
208, 110
208, 111
208, 112
208, 113
208, 114
208, 115
208, 116
208, 117
208, 118
208, 119
208, 120
208, 121
208, 122
208, 123
208, 124
208, 125
208, 126
208, 127
208, 128
208, 129
208, 130
208, 131
208, 132
208, 133
208, 134
208, 135
208, 136
208, 137
208, 138
208, 139
208, 140
208, 141
208, 142
208, 143
208, 144
208, 145
208, 146
208, 147
208, 148
208, 149
208, 150
208, 151
208, 152
208, 153
208, 154
208, 155
208, 156
208, 157
208, 158
208, 159
209, 62
209, 63
209, 64
209, 65
209, 66
209, 67
209, 68
209, 69
209, 70
209, 71
209, 72
209, 73
209, 74
209, 75
209, 76
209, 77
209, 78
209, 79
209, 80
209, 81
209, 82
209, 83
209, 84
209, 85
209, 86
209, 87
209, 88
209, 89
209, 90
209, 91
209, 92
209, 93
209, 94
209, 95
209, 96
209, 97
209, 98
209, 99
209, 100
209, 101
209, 102
209, 103
209, 104
209, 105
209, 106
209, 107
209, 108
209, 109
209, 110
209, 111
209, 112
209, 113
209, 114
209, 115
209, 116
209, 117
209, 118
209, 119
209, 120
209, 121
209, 122
209, 123
209, 124
209, 125
209, 126
209, 127
209, 128
209, 129
209, 130
209, 131
209, 132
209, 133
209, 134
209, 135
209, 136
209, 137
209, 138
209, 139
209, 140
209, 141
209, 142
209, 143
209, 144
209, 145
209, 146
209, 147
209, 148
209, 149
209, 150
209, 151
209, 152
209, 153
209, 154
209, 155
209, 156
209, 157
209, 158
209, 159
210, 62
210, 63
210, 64
210, 65
210, 66
210, 67
210, 68
210, 69
210, 70
210, 71
210, 72
210, 73
210, 74
210, 75
210, 76
210, 77
210, 78
210, 79
210, 80
210, 81
210, 82
210, 83
210, 84
210, 85
210, 86
210, 87
210, 88
210, 89
210, 90
210, 91
210, 92
210, 93
210, 94
210, 95
210, 96
210, 97
210, 98
210, 99
210, 100
210, 101
210, 102
210, 103
210, 104
210, 105
210, 106
210, 107
210, 108
210, 109
210, 110
210, 111
210, 112
210, 113
210, 114
210, 115
210, 116
210, 117
210, 118
210, 119
210, 120
210, 121
210, 122
210, 123
210, 124
210, 125
210, 126
210, 127
210, 128
210, 129
210, 130
210, 131
210, 132
210, 133
210, 134
210, 135
210, 136
210, 137
210, 138
210, 139
210, 140
210, 141
210, 142
210, 143
210, 144
210, 145
210, 146
210, 147
210, 148
210, 149
210, 150
210, 151
210, 152
210, 153
210, 154
210, 155
210, 156
210, 157
210, 158
210, 159
211, 62
211, 63
211, 64
211, 65
211, 66
211, 67
211, 68
211, 69
211, 70
211, 71
211, 72
211, 73
211, 74
211, 75
211, 76
211, 77
211, 78
211, 79
211, 80
211, 81
211, 82
211, 83
211, 84
211, 85
211, 86
211, 87
211, 88
211, 89
211, 90
211, 91
211, 92
211, 93
211, 94
211, 95
211, 96
211, 97
211, 98
211, 99
211, 100
211, 101
211, 102
211, 103
211, 104
211, 105
211, 106
211, 107
211, 108
211, 109
211, 110
211, 111
211, 112
211, 113
211, 114
211, 115
211, 116
211, 117
211, 118
211, 119
211, 120
211, 121
211, 122
211, 123
211, 124
211, 125
211, 126
211, 127
211, 128
211, 129
211, 130
211, 131
211, 132
211, 133
211, 134
211, 135
211, 136
211, 137
211, 138
211, 139
211, 140
211, 141
211, 142
211, 143
211, 144
211, 145
211, 146
211, 147
211, 148
211, 149
211, 150
211, 151
211, 152
211, 153
211, 154
211, 155
211, 156
211, 157
211, 158
211, 159
211, 160
212, 61
212, 62
212, 63
212, 64
212, 65
212, 66
212, 67
212, 68
212, 69
212, 70
212, 71
212, 72
212, 73
212, 74
212, 75
212, 76
212, 77
212, 78
212, 79
212, 80
212, 81
212, 82
212, 83
212, 84
212, 85
212, 86
212, 87
212, 88
212, 89
212, 90
212, 91
212, 92
212, 93
212, 94
212, 95
212, 96
212, 97
212, 98
212, 99
212, 100
212, 101
212, 102
212, 103
212, 104
212, 105
212, 106
212, 107
212, 108
212, 109
212, 110
212, 111
212, 112
212, 113
212, 114
212, 115
212, 116
212, 117
212, 118
212, 119
212, 120
212, 121
212, 122
212, 123
212, 124
212, 125
212, 126
212, 127
212, 128
212, 129
212, 130
212, 131
212, 132
212, 133
212, 134
212, 135
212, 136
212, 137
212, 138
212, 139
212, 140
212, 141
212, 142
212, 143
212, 144
212, 145
212, 146
212, 147
212, 148
212, 149
212, 150
212, 151
212, 152
212, 153
212, 154
212, 155
212, 156
212, 157
212, 158
212, 159
212, 160
213, 61
213, 62
213, 63
213, 64
213, 65
213, 66
213, 67
213, 68
213, 69
213, 70
213, 71
213, 72
213, 73
213, 74
213, 75
213, 76
213, 77
213, 78
213, 79
213, 80
213, 81
213, 82
213, 83
213, 84
213, 85
213, 86
213, 87
213, 88
213, 89
213, 90
213, 91
213, 92
213, 93
213, 94
213, 95
213, 96
213, 97
213, 98
213, 99
213, 100
213, 101
213, 102
213, 103
213, 104
213, 105
213, 106
213, 107
213, 108
213, 109
213, 110
213, 111
213, 112
213, 113
213, 114
213, 115
213, 116
213, 117
213, 118
213, 119
213, 120
213, 121
213, 122
213, 123
213, 124
213, 125
213, 126
213, 127
213, 128
213, 129
213, 130
213, 131
213, 132
213, 133
213, 134
213, 135
213, 136
213, 137
213, 138
213, 139
213, 140
213, 141
213, 142
213, 143
213, 144
213, 145
213, 146
213, 147
213, 148
213, 149
213, 150
213, 151
213, 152
213, 153
213, 154
213, 155
213, 156
213, 157
213, 158
213, 159
213, 160
214, 61
214, 62
214, 63
214, 64
214, 65
214, 66
214, 67
214, 68
214, 69
214, 70
214, 71
214, 72
214, 73
214, 74
214, 75
214, 76
214, 77
214, 78
214, 79
214, 80
214, 81
214, 82
214, 83
214, 84
214, 85
214, 86
214, 87
214, 88
214, 89
214, 90
214, 91
214, 92
214, 93
214, 94
214, 95
214, 96
214, 97
214, 98
214, 99
214, 100
214, 101
214, 102
214, 103
214, 104
214, 105
214, 106
214, 107
214, 108
214, 109
214, 110
214, 111
214, 112
214, 113
214, 114
214, 115
214, 116
214, 117
214, 118
214, 119
214, 120
214, 121
214, 122
214, 123
214, 124
214, 125
214, 126
214, 127
214, 128
214, 129
214, 130
214, 131
214, 132
214, 133
214, 134
214, 135
214, 136
214, 137
214, 138
214, 139
214, 140
214, 141
214, 142
214, 143
214, 144
214, 145
214, 146
214, 147
214, 148
214, 149
214, 150
214, 151
214, 152
214, 153
214, 154
214, 155
214, 156
214, 157
214, 158
214, 159
214, 160
215, 60
215, 61
215, 62
215, 63
215, 64
215, 65
215, 66
215, 67
215, 68
215, 69
215, 70
215, 71
215, 72
215, 73
215, 74
215, 75
215, 76
215, 77
215, 78
215, 79
215, 80
215, 81
215, 82
215, 83
215, 84
215, 85
215, 86
215, 87
215, 88
215, 89
215, 90
215, 91
215, 92
215, 93
215, 94
215, 95
215, 96
215, 97
215, 98
215, 99
215, 100
215, 101
215, 102
215, 103
215, 104
215, 105
215, 106
215, 107
215, 108
215, 109
215, 110
215, 111
215, 112
215, 113
215, 114
215, 115
215, 116
215, 117
215, 118
215, 119
215, 120
215, 121
215, 122
215, 123
215, 124
215, 125
215, 126
215, 127
215, 128
215, 129
215, 130
215, 131
215, 132
215, 133
215, 134
215, 135
215, 136
215, 137
215, 138
215, 139
215, 140
215, 141
215, 142
215, 143
215, 144
215, 145
215, 146
215, 147
215, 148
215, 149
215, 150
215, 151
215, 152
215, 153
215, 154
215, 155
215, 156
215, 157
215, 158
215, 159
215, 160
215, 161
216, 60
216, 61
216, 62
216, 63
216, 64
216, 65
216, 66
216, 67
216, 68
216, 69
216, 70
216, 71
216, 72
216, 73
216, 74
216, 75
216, 76
216, 77
216, 78
216, 79
216, 80
216, 81
216, 82
216, 83
216, 84
216, 85
216, 86
216, 87
216, 88
216, 89
216, 90
216, 91
216, 92
216, 93
216, 94
216, 95
216, 96
216, 97
216, 98
216, 99
216, 100
216, 101
216, 102
216, 103
216, 104
216, 105
216, 106
216, 107
216, 108
216, 109
216, 110
216, 111
216, 112
216, 113
216, 114
216, 115
216, 116
216, 117
216, 118
216, 119
216, 120
216, 121
216, 122
216, 123
216, 124
216, 125
216, 126
216, 127
216, 128
216, 129
216, 130
216, 131
216, 132
216, 133
216, 134
216, 135
216, 136
216, 137
216, 138
216, 139
216, 140
216, 141
216, 142
216, 143
216, 144
216, 145
216, 146
216, 147
216, 148
216, 149
216, 150
216, 151
216, 152
216, 153
216, 154
216, 155
216, 156
216, 157
216, 158
216, 159
216, 160
216, 161
217, 59
217, 60
217, 61
217, 62
217, 63
217, 64
217, 65
217, 66
217, 67
217, 68
217, 69
217, 70
217, 71
217, 72
217, 73
217, 74
217, 75
217, 76
217, 77
217, 78
217, 79
217, 80
217, 81
217, 82
217, 83
217, 84
217, 85
217, 86
217, 87
217, 88
217, 89
217, 90
217, 91
217, 92
217, 93
217, 94
217, 95
217, 96
217, 97
217, 98
217, 99
217, 100
217, 101
217, 102
217, 103
217, 104
217, 105
217, 106
217, 107
217, 108
217, 109
217, 110
217, 111
217, 112
217, 113
217, 114
217, 115
217, 116
217, 117
217, 118
217, 119
217, 120
217, 121
217, 122
217, 123
217, 124
217, 125
217, 126
217, 127
217, 128
217, 129
217, 130
217, 131
217, 132
217, 133
217, 134
217, 135
217, 136
217, 137
217, 138
217, 139
217, 140
217, 141
217, 142
217, 143
217, 144
217, 145
217, 146
217, 147
217, 148
217, 149
217, 150
217, 151
217, 152
217, 153
217, 154
217, 155
217, 156
217, 157
217, 158
217, 159
217, 160
217, 161
218, 58
218, 59
218, 60
218, 61
218, 62
218, 63
218, 64
218, 65
218, 66
218, 67
218, 68
218, 69
218, 70
218, 71
218, 72
218, 73
218, 74
218, 75
218, 76
218, 77
218, 78
218, 79
218, 80
218, 81
218, 82
218, 83
218, 84
218, 85
218, 86
218, 87
218, 88
218, 89
218, 90
218, 91
218, 92
218, 93
218, 94
218, 95
218, 96
218, 97
218, 98
218, 99
218, 100
218, 101
218, 102
218, 103
218, 104
218, 105
218, 106
218, 107
218, 108
218, 109
218, 110
218, 111
218, 112
218, 113
218, 114
218, 115
218, 116
218, 117
218, 118
218, 119
218, 120
218, 121
218, 122
218, 123
218, 124
218, 125
218, 126
218, 127
218, 128
218, 129
218, 130
218, 131
218, 132
218, 133
218, 134
218, 135
218, 136
218, 137
218, 138
218, 139
218, 140
218, 141
218, 142
218, 143
218, 144
218, 145
218, 146
218, 147
218, 148
218, 149
218, 150
218, 151
218, 152
218, 153
218, 154
218, 155
218, 156
218, 157
218, 158
218, 159
218, 160
218, 161
218, 162
219, 58
219, 59
219, 60
219, 61
219, 62
219, 63
219, 64
219, 65
219, 66
219, 67
219, 68
219, 69
219, 70
219, 71
219, 72
219, 73
219, 74
219, 75
219, 76
219, 77
219, 78
219, 79
219, 80
219, 81
219, 82
219, 83
219, 84
219, 85
219, 86
219, 87
219, 88
219, 89
219, 90
219, 91
219, 92
219, 93
219, 94
219, 95
219, 96
219, 97
219, 98
219, 99
219, 100
219, 101
219, 102
219, 103
219, 104
219, 105
219, 106
219, 107
219, 108
219, 109
219, 110
219, 111
219, 112
219, 113
219, 114
219, 115
219, 116
219, 117
219, 118
219, 119
219, 120
219, 121
219, 122
219, 123
219, 124
219, 125
219, 126
219, 127
219, 128
219, 129
219, 130
219, 131
219, 132
219, 133
219, 134
219, 135
219, 136
219, 137
219, 138
219, 139
219, 140
219, 141
219, 142
219, 143
219, 144
219, 145
219, 146
219, 147
219, 148
219, 149
219, 150
219, 151
219, 152
219, 153
219, 154
219, 155
219, 156
219, 157
219, 158
219, 159
219, 160
219, 161
219, 162
220, 58
220, 59
220, 60
220, 61
220, 62
220, 63
220, 64
220, 65
220, 66
220, 67
220, 68
220, 69
220, 70
220, 71
220, 72
220, 73
220, 74
220, 75
220, 76
220, 77
220, 78
220, 79
220, 80
220, 81
220, 82
220, 83
220, 84
220, 85
220, 86
220, 87
220, 88
220, 89
220, 90
220, 91
220, 92
220, 93
220, 94
220, 95
220, 96
220, 97
220, 98
220, 99
220, 100
220, 101
220, 102
220, 103
220, 104
220, 105
220, 106
220, 107
220, 108
220, 109
220, 110
220, 111
220, 112
220, 113
220, 114
220, 115
220, 116
220, 117
220, 118
220, 119
220, 120
220, 121
220, 122
220, 123
220, 124
220, 125
220, 126
220, 127
220, 128
220, 129
220, 130
220, 131
220, 132
220, 133
220, 134
220, 135
220, 136
220, 137
220, 138
220, 139
220, 140
220, 141
220, 142
220, 143
220, 144
220, 145
220, 146
220, 147
220, 148
220, 149
220, 150
220, 151
220, 152
220, 153
220, 154
220, 155
220, 156
220, 157
220, 158
220, 159
220, 160
220, 161
220, 162
220, 163
221, 58
221, 59
221, 60
221, 61
221, 62
221, 63
221, 64
221, 65
221, 66
221, 67
221, 68
221, 69
221, 70
221, 71
221, 72
221, 73
221, 74
221, 75
221, 76
221, 77
221, 78
221, 79
221, 80
221, 81
221, 82
221, 83
221, 84
221, 85
221, 86
221, 87
221, 88
221, 89
221, 90
221, 91
221, 92
221, 93
221, 94
221, 95
221, 96
221, 97
221, 98
221, 99
221, 100
221, 101
221, 102
221, 103
221, 104
221, 105
221, 106
221, 107
221, 108
221, 109
221, 110
221, 111
221, 112
221, 113
221, 114
221, 115
221, 116
221, 117
221, 118
221, 119
221, 120
221, 121
221, 122
221, 123
221, 124
221, 125
221, 126
221, 127
221, 128
221, 129
221, 130
221, 131
221, 132
221, 133
221, 134
221, 135
221, 136
221, 137
221, 138
221, 139
221, 140
221, 141
221, 142
221, 143
221, 144
221, 145
221, 146
221, 147
221, 148
221, 149
221, 150
221, 151
221, 152
221, 153
221, 154
221, 155
221, 156
221, 157
221, 158
221, 159
221, 160
221, 161
221, 162
221, 163
222, 58
222, 59
222, 60
222, 61
222, 62
222, 63
222, 64
222, 65
222, 66
222, 67
222, 68
222, 69
222, 70
222, 71
222, 72
222, 73
222, 74
222, 75
222, 76
222, 77
222, 78
222, 79
222, 80
222, 81
222, 82
222, 83
222, 84
222, 85
222, 86
222, 87
222, 88
222, 89
222, 90
222, 91
222, 92
222, 93
222, 94
222, 95
222, 96
222, 97
222, 98
222, 99
222, 100
222, 101
222, 102
222, 103
222, 104
222, 105
222, 106
222, 107
222, 108
222, 109
222, 110
222, 111
222, 112
222, 113
222, 114
222, 115
222, 116
222, 117
222, 118
222, 119
222, 120
222, 121
222, 122
222, 123
222, 124
222, 125
222, 126
222, 127
222, 128
222, 129
222, 130
222, 131
222, 132
222, 133
222, 134
222, 135
222, 136
222, 137
222, 138
222, 139
222, 140
222, 141
222, 142
222, 143
222, 144
222, 145
222, 146
222, 147
222, 148
222, 149
222, 150
222, 151
222, 152
222, 153
222, 154
222, 155
222, 156
222, 157
222, 158
222, 159
222, 160
222, 161
222, 162
222, 163
222, 164
223, 58
223, 59
223, 60
223, 61
223, 62
223, 63
223, 64
223, 65
223, 66
223, 67
223, 68
223, 69
223, 70
223, 71
223, 72
223, 73
223, 74
223, 75
223, 76
223, 77
223, 78
223, 79
223, 80
223, 81
223, 82
223, 83
223, 84
223, 85
223, 86
223, 87
223, 88
223, 89
223, 90
223, 91
223, 92
223, 93
223, 94
223, 95
223, 96
223, 97
223, 98
223, 99
223, 100
223, 101
223, 102
223, 103
223, 104
223, 105
223, 106
223, 107
223, 108
223, 109
223, 110
223, 111
223, 112
223, 113
223, 114
223, 115
223, 116
223, 117
223, 118
223, 119
223, 120
223, 121
223, 122
223, 123
223, 124
223, 125
223, 126
223, 127
223, 128
223, 129
223, 130
223, 131
223, 132
223, 133
223, 134
223, 135
223, 136
223, 137
223, 138
223, 139
223, 140
223, 141
223, 142
223, 143
223, 144
223, 145
223, 146
223, 147
223, 148
223, 149
223, 150
223, 151
223, 152
223, 153
223, 154
223, 155
223, 156
223, 157
223, 158
223, 159
223, 160
223, 161
223, 162
223, 163
223, 164
224, 57
224, 58
224, 59
224, 60
224, 61
224, 62
224, 63
224, 64
224, 65
224, 66
224, 67
224, 68
224, 69
224, 70
224, 71
224, 72
224, 73
224, 74
224, 75
224, 76
224, 77
224, 78
224, 79
224, 80
224, 81
224, 82
224, 83
224, 84
224, 85
224, 86
224, 87
224, 88
224, 89
224, 90
224, 91
224, 92
224, 93
224, 94
224, 95
224, 96
224, 97
224, 98
224, 99
224, 100
224, 101
224, 102
224, 103
224, 104
224, 105
224, 106
224, 107
224, 108
224, 109
224, 110
224, 111
224, 112
224, 113
224, 114
224, 115
224, 116
224, 117
224, 118
224, 119
224, 120
224, 121
224, 122
224, 123
224, 124
224, 125
224, 126
224, 127
224, 128
224, 129
224, 130
224, 131
224, 132
224, 133
224, 134
224, 135
224, 136
224, 137
224, 138
224, 139
224, 140
224, 141
224, 142
224, 143
224, 144
224, 145
224, 146
224, 147
224, 148
224, 149
224, 150
224, 151
224, 152
224, 153
224, 154
224, 155
224, 156
224, 157
224, 158
224, 159
224, 160
224, 161
224, 162
224, 163
224, 164
225, 58
225, 59
225, 60
225, 61
225, 62
225, 63
225, 64
225, 65
225, 66
225, 67
225, 68
225, 69
225, 70
225, 71
225, 72
225, 73
225, 74
225, 75
225, 76
225, 77
225, 78
225, 79
225, 80
225, 81
225, 82
225, 83
225, 84
225, 85
225, 86
225, 87
225, 88
225, 89
225, 90
225, 91
225, 92
225, 93
225, 94
225, 95
225, 96
225, 97
225, 98
225, 99
225, 100
225, 101
225, 102
225, 103
225, 104
225, 105
225, 106
225, 107
225, 108
225, 109
225, 110
225, 111
225, 112
225, 113
225, 114
225, 115
225, 116
225, 117
225, 118
225, 119
225, 120
225, 121
225, 122
225, 123
225, 124
225, 125
225, 126
225, 127
225, 128
225, 129
225, 130
225, 131
225, 132
225, 133
225, 134
225, 135
225, 136
225, 137
225, 138
225, 139
225, 140
225, 141
225, 142
225, 143
225, 144
225, 145
225, 146
225, 147
225, 148
225, 149
225, 150
225, 151
225, 152
225, 153
225, 154
225, 155
225, 156
225, 157
225, 158
225, 159
225, 160
225, 161
225, 162
225, 163
225, 164
226, 58
226, 59
226, 60
226, 61
226, 62
226, 63
226, 64
226, 65
226, 66
226, 67
226, 68
226, 69
226, 70
226, 71
226, 72
226, 73
226, 74
226, 75
226, 76
226, 77
226, 78
226, 79
226, 80
226, 81
226, 82
226, 83
226, 84
226, 85
226, 86
226, 87
226, 88
226, 89
226, 90
226, 91
226, 92
226, 93
226, 94
226, 95
226, 96
226, 97
226, 98
226, 99
226, 100
226, 101
226, 102
226, 103
226, 104
226, 105
226, 106
226, 107
226, 108
226, 109
226, 110
226, 111
226, 112
226, 113
226, 114
226, 115
226, 116
226, 117
226, 118
226, 119
226, 120
226, 121
226, 122
226, 123
226, 124
226, 125
226, 126
226, 127
226, 128
226, 129
226, 130
226, 131
226, 132
226, 133
226, 134
226, 135
226, 136
226, 137
226, 138
226, 139
226, 140
226, 141
226, 142
226, 143
226, 144
226, 145
226, 146
226, 147
226, 148
226, 149
226, 150
226, 151
226, 152
226, 153
226, 154
226, 155
226, 156
226, 157
226, 158
226, 159
226, 160
226, 161
226, 162
226, 163
226, 164
226, 165
227, 58
227, 59
227, 60
227, 61
227, 62
227, 63
227, 64
227, 65
227, 66
227, 67
227, 68
227, 69
227, 70
227, 71
227, 72
227, 73
227, 74
227, 75
227, 76
227, 77
227, 78
227, 79
227, 80
227, 81
227, 82
227, 83
227, 84
227, 85
227, 86
227, 87
227, 88
227, 89
227, 90
227, 91
227, 92
227, 93
227, 94
227, 95
227, 96
227, 97
227, 98
227, 99
227, 100
227, 101
227, 102
227, 103
227, 104
227, 105
227, 106
227, 107
227, 108
227, 109
227, 110
227, 111
227, 112
227, 113
227, 114
227, 115
227, 116
227, 117
227, 118
227, 119
227, 120
227, 121
227, 122
227, 123
227, 124
227, 125
227, 126
227, 127
227, 128
227, 129
227, 130
227, 131
227, 132
227, 133
227, 134
227, 135
227, 136
227, 137
227, 138
227, 139
227, 140
227, 141
227, 142
227, 143
227, 144
227, 145
227, 146
227, 147
227, 148
227, 149
227, 150
227, 151
227, 152
227, 153
227, 154
227, 155
227, 156
227, 157
227, 158
227, 159
227, 160
227, 161
227, 162
227, 163
227, 164
227, 165
228, 60
228, 61
228, 62
228, 63
228, 64
228, 65
228, 66
228, 67
228, 68
228, 69
228, 70
228, 71
228, 72
228, 73
228, 74
228, 75
228, 76
228, 77
228, 78
228, 79
228, 80
228, 81
228, 82
228, 83
228, 84
228, 85
228, 86
228, 87
228, 88
228, 89
228, 90
228, 91
228, 92
228, 93
228, 94
228, 95
228, 96
228, 97
228, 98
228, 99
228, 100
228, 101
228, 102
228, 103
228, 104
228, 105
228, 106
228, 107
228, 108
228, 109
228, 110
228, 111
228, 112
228, 113
228, 114
228, 115
228, 116
228, 117
228, 118
228, 119
228, 120
228, 121
228, 122
228, 123
228, 124
228, 125
228, 126
228, 127
228, 128
228, 129
228, 130
228, 131
228, 132
228, 133
228, 134
228, 135
228, 136
228, 137
228, 138
228, 139
228, 140
228, 141
228, 142
228, 143
228, 144
228, 145
228, 146
228, 147
228, 148
228, 149
228, 150
228, 151
228, 152
228, 153
228, 154
228, 155
228, 156
228, 157
228, 158
228, 159
228, 160
228, 161
228, 162
228, 163
228, 164
228, 165
229, 66
229, 67
229, 68
229, 69
229, 70
229, 71
229, 72
229, 73
229, 74
229, 75
229, 76
229, 77
229, 78
229, 79
229, 80
229, 81
229, 82
229, 83
229, 84
229, 85
229, 86
229, 87
229, 88
229, 89
229, 90
229, 91
229, 92
229, 93
229, 94
229, 95
229, 96
229, 97
229, 98
229, 99
229, 100
229, 101
229, 102
229, 103
229, 104
229, 105
229, 106
229, 107
229, 108
229, 109
229, 110
229, 111
229, 112
229, 113
229, 114
229, 115
229, 116
229, 117
229, 118
229, 119
229, 120
229, 121
229, 122
229, 123
229, 124
229, 125
229, 126
229, 127
229, 128
229, 129
229, 130
229, 131
229, 132
229, 133
229, 134
229, 135
229, 136
229, 137
229, 138
229, 139
229, 140
229, 141
229, 142
229, 143
229, 144
229, 145
229, 146
229, 147
229, 148
229, 149
229, 150
229, 151
229, 152
229, 153
229, 154
229, 155
229, 156
229, 157
229, 158
229, 159
229, 160
229, 161
229, 162
229, 163
229, 164
229, 165
230, 68
230, 69
230, 70
230, 71
230, 72
230, 73
230, 74
230, 75
230, 76
230, 77
230, 78
230, 79
230, 80
230, 81
230, 82
230, 83
230, 84
230, 85
230, 86
230, 87
230, 88
230, 89
230, 90
230, 91
230, 92
230, 93
230, 94
230, 95
230, 96
230, 97
230, 98
230, 99
230, 100
230, 101
230, 102
230, 103
230, 104
230, 105
230, 106
230, 107
230, 108
230, 109
230, 110
230, 111
230, 112
230, 113
230, 114
230, 115
230, 116
230, 117
230, 118
230, 119
230, 120
230, 121
230, 122
230, 123
230, 124
230, 125
230, 126
230, 127
230, 128
230, 129
230, 130
230, 131
230, 132
230, 133
230, 134
230, 135
230, 136
230, 137
230, 138
230, 139
230, 140
230, 141
230, 142
230, 143
230, 144
230, 145
230, 146
230, 147
230, 148
230, 149
230, 150
230, 151
230, 152
230, 153
230, 154
230, 155
230, 156
230, 157
230, 158
230, 159
230, 160
230, 161
230, 162
230, 163
230, 164
230, 165
230, 166
231, 69
231, 70
231, 71
231, 72
231, 73
231, 74
231, 75
231, 76
231, 77
231, 78
231, 79
231, 80
231, 81
231, 82
231, 83
231, 84
231, 85
231, 86
231, 87
231, 88
231, 89
231, 90
231, 91
231, 92
231, 93
231, 94
231, 95
231, 96
231, 97
231, 98
231, 99
231, 100
231, 101
231, 102
231, 103
231, 104
231, 105
231, 106
231, 107
231, 108
231, 109
231, 110
231, 111
231, 112
231, 113
231, 114
231, 115
231, 116
231, 117
231, 118
231, 119
231, 120
231, 121
231, 122
231, 123
231, 124
231, 125
231, 126
231, 127
231, 128
231, 129
231, 130
231, 131
231, 132
231, 133
231, 134
231, 135
231, 136
231, 137
231, 138
231, 139
231, 140
231, 141
231, 142
231, 143
231, 144
231, 145
231, 146
231, 147
231, 148
231, 149
231, 150
231, 151
231, 152
231, 153
231, 154
231, 155
231, 156
231, 157
231, 158
231, 159
231, 160
231, 161
231, 162
231, 163
231, 164
231, 165
231, 166
232, 70
232, 71
232, 72
232, 73
232, 74
232, 75
232, 76
232, 77
232, 78
232, 79
232, 80
232, 81
232, 82
232, 83
232, 84
232, 85
232, 86
232, 87
232, 88
232, 89
232, 90
232, 91
232, 92
232, 93
232, 94
232, 95
232, 96
232, 97
232, 98
232, 99
232, 100
232, 101
232, 102
232, 103
232, 104
232, 105
232, 106
232, 107
232, 108
232, 109
232, 110
232, 111
232, 112
232, 113
232, 114
232, 115
232, 116
232, 117
232, 118
232, 119
232, 120
232, 121
232, 122
232, 123
232, 124
232, 125
232, 126
232, 127
232, 128
232, 129
232, 130
232, 131
232, 132
232, 133
232, 134
232, 135
232, 136
232, 137
232, 138
232, 139
232, 140
232, 141
232, 142
232, 143
232, 144
232, 145
232, 146
232, 147
232, 148
232, 149
232, 150
232, 151
232, 152
232, 153
232, 154
232, 155
232, 156
232, 157
232, 158
232, 159
232, 160
232, 161
232, 162
232, 163
232, 164
232, 165
232, 166
232, 167
233, 71
233, 72
233, 73
233, 74
233, 75
233, 76
233, 77
233, 78
233, 79
233, 80
233, 81
233, 82
233, 83
233, 84
233, 85
233, 86
233, 87
233, 88
233, 89
233, 90
233, 91
233, 92
233, 93
233, 94
233, 95
233, 96
233, 97
233, 98
233, 99
233, 100
233, 101
233, 102
233, 103
233, 104
233, 105
233, 106
233, 107
233, 108
233, 109
233, 110
233, 111
233, 112
233, 113
233, 114
233, 115
233, 116
233, 117
233, 118
233, 119
233, 120
233, 121
233, 122
233, 123
233, 124
233, 125
233, 126
233, 127
233, 128
233, 129
233, 130
233, 131
233, 132
233, 133
233, 134
233, 135
233, 136
233, 137
233, 138
233, 139
233, 140
233, 141
233, 142
233, 143
233, 144
233, 145
233, 146
233, 147
233, 148
233, 149
233, 150
233, 151
233, 152
233, 153
233, 154
233, 155
233, 156
233, 157
233, 158
233, 159
233, 160
233, 161
233, 162
233, 163
233, 164
233, 165
233, 166
233, 167
233, 168
234, 72
234, 73
234, 74
234, 75
234, 76
234, 77
234, 78
234, 79
234, 80
234, 81
234, 82
234, 83
234, 84
234, 85
234, 86
234, 87
234, 88
234, 89
234, 90
234, 91
234, 92
234, 93
234, 94
234, 95
234, 96
234, 97
234, 98
234, 99
234, 100
234, 101
234, 102
234, 103
234, 104
234, 105
234, 106
234, 107
234, 108
234, 109
234, 110
234, 111
234, 112
234, 113
234, 114
234, 115
234, 116
234, 117
234, 118
234, 119
234, 120
234, 121
234, 122
234, 123
234, 124
234, 125
234, 126
234, 127
234, 128
234, 129
234, 130
234, 131
234, 132
234, 133
234, 134
234, 135
234, 136
234, 137
234, 138
234, 139
234, 140
234, 141
234, 142
234, 143
234, 144
234, 145
234, 146
234, 147
234, 148
234, 149
234, 150
234, 151
234, 152
234, 153
234, 154
234, 155
234, 156
234, 157
234, 158
234, 159
234, 160
234, 161
234, 162
234, 163
234, 164
234, 165
234, 166
234, 167
234, 168
235, 76
235, 77
235, 78
235, 79
235, 80
235, 81
235, 82
235, 83
235, 84
235, 85
235, 86
235, 87
235, 88
235, 89
235, 90
235, 91
235, 92
235, 93
235, 94
235, 95
235, 96
235, 97
235, 98
235, 99
235, 100
235, 101
235, 102
235, 103
235, 104
235, 105
235, 106
235, 107
235, 108
235, 109
235, 110
235, 111
235, 112
235, 113
235, 114
235, 115
235, 116
235, 117
235, 118
235, 119
235, 120
235, 121
235, 122
235, 123
235, 124
235, 125
235, 126
235, 127
235, 128
235, 129
235, 130
235, 131
235, 132
235, 133
235, 134
235, 135
235, 136
235, 137
235, 138
235, 139
235, 140
235, 141
235, 142
235, 143
235, 144
235, 145
235, 146
235, 147
235, 148
235, 149
235, 150
235, 151
235, 152
235, 153
235, 154
235, 155
235, 156
235, 157
235, 158
235, 159
235, 160
235, 161
235, 162
235, 163
235, 164
235, 165
235, 166
235, 167
235, 168
236, 78
236, 79
236, 80
236, 81
236, 82
236, 83
236, 84
236, 85
236, 86
236, 87
236, 88
236, 89
236, 90
236, 91
236, 92
236, 93
236, 94
236, 95
236, 96
236, 97
236, 98
236, 99
236, 100
236, 101
236, 102
236, 103
236, 104
236, 105
236, 106
236, 107
236, 108
236, 109
236, 110
236, 111
236, 112
236, 113
236, 114
236, 115
236, 116
236, 117
236, 118
236, 119
236, 120
236, 121
236, 122
236, 123
236, 124
236, 125
236, 126
236, 127
236, 128
236, 129
236, 130
236, 131
236, 132
236, 133
236, 134
236, 135
236, 136
236, 137
236, 138
236, 139
236, 140
236, 141
236, 142
236, 143
236, 144
236, 145
236, 146
236, 147
236, 148
236, 149
236, 150
236, 151
236, 152
236, 153
236, 154
236, 155
236, 156
236, 157
236, 158
236, 159
236, 160
236, 161
236, 162
236, 163
236, 164
236, 165
236, 166
236, 167
236, 168
236, 169
237, 79
237, 80
237, 81
237, 82
237, 83
237, 84
237, 85
237, 86
237, 87
237, 88
237, 89
237, 90
237, 91
237, 92
237, 93
237, 94
237, 95
237, 96
237, 97
237, 98
237, 99
237, 100
237, 101
237, 102
237, 103
237, 104
237, 105
237, 106
237, 107
237, 108
237, 109
237, 110
237, 111
237, 112
237, 113
237, 114
237, 115
237, 116
237, 117
237, 118
237, 119
237, 120
237, 121
237, 122
237, 123
237, 124
237, 125
237, 126
237, 127
237, 128
237, 129
237, 130
237, 131
237, 132
237, 133
237, 134
237, 135
237, 136
237, 137
237, 138
237, 139
237, 140
237, 141
237, 142
237, 143
237, 144
237, 145
237, 146
237, 147
237, 148
237, 149
237, 150
237, 151
237, 152
237, 153
237, 154
237, 155
237, 156
237, 157
237, 158
237, 159
237, 160
237, 161
237, 162
237, 163
237, 164
237, 165
237, 166
237, 167
237, 168
237, 169
238, 80
238, 81
238, 82
238, 83
238, 84
238, 85
238, 86
238, 87
238, 88
238, 89
238, 90
238, 91
238, 92
238, 93
238, 94
238, 95
238, 96
238, 97
238, 98
238, 99
238, 100
238, 101
238, 102
238, 103
238, 104
238, 105
238, 106
238, 107
238, 108
238, 109
238, 110
238, 111
238, 112
238, 113
238, 114
238, 115
238, 116
238, 117
238, 118
238, 119
238, 120
238, 121
238, 122
238, 123
238, 124
238, 125
238, 126
238, 127
238, 128
238, 129
238, 130
238, 131
238, 132
238, 133
238, 134
238, 135
238, 136
238, 137
238, 138
238, 139
238, 140
238, 141
238, 142
238, 143
238, 144
238, 145
238, 146
238, 147
238, 148
238, 149
238, 150
238, 151
238, 152
238, 153
238, 154
238, 155
238, 156
238, 157
238, 158
238, 159
238, 160
238, 161
238, 162
238, 163
238, 164
238, 165
238, 166
238, 167
238, 168
238, 169
239, 80
239, 81
239, 82
239, 83
239, 84
239, 85
239, 86
239, 87
239, 88
239, 89
239, 90
239, 91
239, 92
239, 93
239, 94
239, 95
239, 96
239, 97
239, 98
239, 99
239, 100
239, 101
239, 102
239, 103
239, 104
239, 105
239, 106
239, 107
239, 108
239, 109
239, 110
239, 111
239, 112
239, 113
239, 114
239, 115
239, 116
239, 117
239, 118
239, 119
239, 120
239, 121
239, 122
239, 123
239, 124
239, 125
239, 126
239, 127
239, 128
239, 129
239, 130
239, 131
239, 132
239, 133
239, 134
239, 135
239, 136
239, 137
239, 138
239, 139
239, 140
239, 141
239, 142
239, 143
239, 144
239, 145
239, 146
239, 147
239, 148
239, 149
239, 150
239, 151
239, 152
239, 153
239, 154
239, 155
239, 156
239, 157
239, 158
239, 159
239, 160
239, 161
239, 162
239, 163
239, 164
239, 165
239, 166
239, 167
239, 168
239, 169
239, 170
240, 81
240, 82
240, 83
240, 84
240, 85
240, 86
240, 87
240, 88
240, 89
240, 90
240, 91
240, 92
240, 93
240, 94
240, 95
240, 96
240, 97
240, 98
240, 99
240, 100
240, 101
240, 102
240, 103
240, 104
240, 105
240, 106
240, 107
240, 108
240, 109
240, 110
240, 111
240, 112
240, 113
240, 114
240, 115
240, 116
240, 117
240, 118
240, 119
240, 120
240, 121
240, 122
240, 123
240, 124
240, 125
240, 126
240, 127
240, 128
240, 129
240, 130
240, 131
240, 132
240, 133
240, 134
240, 135
240, 136
240, 137
240, 138
240, 139
240, 140
240, 141
240, 142
240, 143
240, 144
240, 145
240, 146
240, 147
240, 148
240, 149
240, 150
240, 151
240, 152
240, 153
240, 154
240, 155
240, 156
240, 157
240, 158
240, 159
240, 160
240, 161
240, 162
240, 163
240, 164
240, 165
240, 166
240, 167
240, 168
240, 169
240, 170
240, 171
241, 87
241, 88
241, 89
241, 90
241, 91
241, 92
241, 93
241, 94
241, 95
241, 96
241, 97
241, 98
241, 99
241, 100
241, 101
241, 102
241, 103
241, 104
241, 105
241, 106
241, 107
241, 108
241, 109
241, 110
241, 111
241, 112
241, 113
241, 114
241, 115
241, 116
241, 117
241, 118
241, 119
241, 120
241, 121
241, 122
241, 123
241, 124
241, 125
241, 126
241, 127
241, 128
241, 129
241, 130
241, 131
241, 132
241, 133
241, 134
241, 135
241, 136
241, 137
241, 138
241, 139
241, 140
241, 141
241, 142
241, 143
241, 144
241, 145
241, 146
241, 147
241, 148
241, 149
241, 150
241, 151
241, 152
241, 153
241, 154
241, 155
241, 156
241, 157
241, 158
241, 159
241, 160
241, 161
241, 162
241, 163
241, 164
241, 165
241, 166
241, 167
241, 168
241, 169
241, 170
241, 171
242, 91
242, 92
242, 93
242, 94
242, 95
242, 96
242, 97
242, 98
242, 99
242, 100
242, 101
242, 102
242, 103
242, 104
242, 105
242, 106
242, 107
242, 108
242, 109
242, 110
242, 111
242, 112
242, 113
242, 114
242, 115
242, 116
242, 117
242, 118
242, 119
242, 120
242, 121
242, 122
242, 123
242, 124
242, 125
242, 126
242, 127
242, 128
242, 129
242, 130
242, 131
242, 132
242, 133
242, 134
242, 135
242, 136
242, 137
242, 138
242, 139
242, 140
242, 141
242, 142
242, 143
242, 144
242, 145
242, 146
242, 147
242, 148
242, 149
242, 150
242, 151
242, 152
242, 153
242, 154
242, 155
242, 156
242, 157
242, 158
242, 159
242, 160
242, 161
242, 162
242, 163
242, 164
242, 165
242, 166
242, 167
242, 168
242, 169
242, 170
242, 171
242, 172
243, 95
243, 96
243, 97
243, 98
243, 99
243, 100
243, 101
243, 102
243, 103
243, 104
243, 105
243, 106
243, 107
243, 108
243, 109
243, 110
243, 111
243, 112
243, 113
243, 114
243, 115
243, 116
243, 117
243, 118
243, 119
243, 120
243, 121
243, 122
243, 123
243, 124
243, 125
243, 126
243, 127
243, 128
243, 129
243, 130
243, 131
243, 132
243, 133
243, 134
243, 135
243, 136
243, 137
243, 138
243, 139
243, 140
243, 141
243, 142
243, 143
243, 144
243, 145
243, 146
243, 147
243, 148
243, 149
243, 150
243, 151
243, 152
243, 153
243, 154
243, 155
243, 156
243, 157
243, 158
243, 159
243, 160
243, 161
243, 162
243, 163
243, 164
243, 165
243, 166
243, 167
243, 168
243, 169
243, 170
243, 171
243, 172
243, 173
244, 101
244, 102
244, 103
244, 104
244, 105
244, 106
244, 107
244, 108
244, 109
244, 110
244, 111
244, 112
244, 113
244, 114
244, 115
244, 116
244, 117
244, 118
244, 119
244, 120
244, 121
244, 122
244, 123
244, 124
244, 125
244, 126
244, 127
244, 128
244, 129
244, 130
244, 131
244, 132
244, 133
244, 134
244, 135
244, 136
244, 137
244, 138
244, 139
244, 140
244, 141
244, 142
244, 143
244, 144
244, 145
244, 146
244, 147
244, 148
244, 149
244, 150
244, 151
244, 152
244, 153
244, 154
244, 155
244, 156
244, 157
244, 158
244, 159
244, 160
244, 161
244, 162
244, 163
244, 164
244, 165
244, 166
244, 167
244, 168
244, 169
244, 170
244, 171
244, 172
244, 173
245, 109
245, 110
245, 111
245, 112
245, 113
245, 114
245, 115
245, 116
245, 117
245, 118
245, 119
245, 120
245, 121
245, 122
245, 123
245, 124
245, 125
245, 126
245, 127
245, 128
245, 129
245, 130
245, 131
245, 132
245, 133
245, 134
245, 135
245, 136
245, 137
245, 138
245, 139
245, 140
245, 141
245, 142
245, 143
245, 144
245, 145
245, 146
245, 147
245, 148
245, 149
245, 150
245, 151
245, 152
245, 153
245, 154
245, 155
245, 156
245, 157
245, 158
245, 159
245, 160
245, 161
245, 162
245, 163
245, 164
245, 165
245, 166
245, 167
245, 168
245, 169
245, 170
245, 171
245, 172
245, 173
246, 113
246, 114
246, 115
246, 116
246, 117
246, 118
246, 119
246, 120
246, 121
246, 122
246, 123
246, 124
246, 125
246, 126
246, 127
246, 128
246, 129
246, 130
246, 131
246, 132
246, 133
246, 134
246, 135
246, 136
246, 137
246, 138
246, 139
246, 140
246, 141
246, 142
246, 143
246, 144
246, 145
246, 146
246, 147
246, 148
246, 149
246, 150
246, 151
246, 152
246, 153
246, 154
246, 155
246, 156
246, 157
246, 158
246, 159
246, 160
246, 161
246, 162
246, 163
246, 164
246, 165
246, 166
246, 167
246, 168
246, 169
246, 170
246, 171
246, 172
246, 173
247, 117
247, 118
247, 119
247, 120
247, 121
247, 122
247, 123
247, 124
247, 125
247, 126
247, 127
247, 128
247, 129
247, 130
247, 131
247, 132
247, 133
247, 134
247, 135
247, 136
247, 137
247, 138
247, 139
247, 140
247, 141
247, 142
247, 143
247, 144
247, 145
247, 146
247, 147
247, 148
247, 149
247, 150
247, 151
247, 152
247, 153
247, 154
247, 155
247, 156
247, 157
247, 158
247, 159
247, 160
247, 161
247, 162
247, 163
247, 164
247, 165
247, 166
247, 167
247, 168
247, 169
247, 170
247, 171
247, 172
248, 119
248, 120
248, 121
248, 122
248, 123
248, 124
248, 125
248, 126
248, 127
248, 128
248, 129
248, 130
248, 131
248, 132
248, 133
248, 134
248, 135
248, 136
248, 137
248, 138
248, 139
248, 140
248, 141
248, 142
248, 143
248, 144
248, 145
248, 146
248, 147
248, 148
248, 149
248, 150
248, 151
248, 152
248, 153
248, 154
248, 155
248, 156
248, 157
248, 158
248, 159
248, 160
248, 161
248, 162
248, 163
248, 164
248, 165
248, 166
248, 167
248, 168
248, 169
248, 170
248, 171
248, 172
249, 122
249, 123
249, 124
249, 125
249, 126
249, 127
249, 128
249, 129
249, 130
249, 131
249, 132
249, 133
249, 134
249, 135
249, 136
249, 137
249, 138
249, 139
249, 140
249, 141
249, 142
249, 143
249, 144
249, 145
249, 146
249, 147
249, 148
249, 149
249, 150
249, 151
249, 152
249, 153
249, 154
249, 155
249, 156
249, 157
249, 158
249, 159
249, 160
249, 161
249, 162
249, 163
249, 164
249, 165
249, 166
249, 167
249, 168
249, 169
249, 170
249, 171
249, 172
250, 126
250, 127
250, 128
250, 129
250, 130
250, 131
250, 132
250, 133
250, 134
250, 135
250, 136
250, 137
250, 138
250, 139
250, 140
250, 141
250, 142
250, 143
250, 144
250, 145
250, 146
250, 147
250, 148
250, 149
250, 150
250, 151
250, 152
250, 153
250, 154
250, 155
250, 156
250, 157
250, 158
250, 159
250, 160
250, 161
250, 162
250, 163
250, 164
250, 165
250, 166
250, 167
250, 168
250, 169
250, 170
250, 171
251, 135
251, 136
251, 137
251, 138
251, 139
251, 140
251, 141
251, 142
251, 143
251, 144
251, 145
251, 146
251, 147
251, 148
251, 149
251, 150
251, 151
251, 152
251, 153
251, 154
251, 155
251, 156
251, 157
251, 158
251, 159
251, 160
251, 161
251, 162
251, 163
251, 164
251, 165
251, 166
252, 144
252, 145
252, 146
252, 147
252, 148
252, 149
252, 150
252, 151
252, 152
252, 153
252, 154
252, 155
