296, 205
296, 206
296, 207
296, 208
296, 209
296, 210
296, 211
296, 212
296, 213
296, 214
297, 202
297, 203
297, 204
297, 205
297, 206
297, 207
297, 208
297, 209
297, 210
297, 211
297, 212
297, 213
297, 214
297, 215
297, 216
297, 217
297, 218
298, 197
298, 198
298, 199
298, 200
298, 201
298, 202
298, 203
298, 204
298, 205
298, 206
298, 207
298, 208
298, 209
298, 210
298, 211
298, 212
298, 213
298, 214
298, 215
298, 216
298, 217
298, 218
298, 219
299, 75
299, 76
299, 77
299, 78
299, 79
299, 80
299, 81
299, 194
299, 195
299, 196
299, 197
299, 198
299, 199
299, 200
299, 201
299, 202
299, 203
299, 204
299, 205
299, 206
299, 207
299, 208
299, 209
299, 210
299, 211
299, 212
299, 213
299, 214
299, 215
299, 216
299, 217
299, 218
299, 219
300, 73
300, 74
300, 75
300, 76
300, 77
300, 78
300, 79
300, 80
300, 81
300, 82
300, 83
300, 192
300, 193
300, 194
300, 195
300, 196
300, 197
300, 198
300, 199
300, 200
300, 201
300, 202
300, 203
300, 204
300, 205
300, 206
300, 207
300, 208
300, 209
300, 210
300, 211
300, 212
300, 213
300, 214
300, 215
300, 216
300, 217
300, 218
300, 219
300, 220
301, 70
301, 71
301, 72
301, 73
301, 74
301, 75
301, 76
301, 77
301, 78
301, 79
301, 80
301, 81
301, 82
301, 83
301, 84
301, 85
301, 86
301, 87
301, 191
301, 192
301, 193
301, 194
301, 195
301, 196
301, 197
301, 198
301, 199
301, 200
301, 201
301, 202
301, 203
301, 204
301, 205
301, 206
301, 207
301, 208
301, 209
301, 210
301, 211
301, 212
301, 213
301, 214
301, 215
301, 216
301, 217
301, 218
301, 219
301, 220
301, 221
302, 68
302, 69
302, 70
302, 71
302, 72
302, 73
302, 74
302, 75
302, 76
302, 77
302, 78
302, 79
302, 80
302, 81
302, 82
302, 83
302, 84
302, 85
302, 86
302, 87
302, 88
302, 89
302, 90
302, 91
302, 92
302, 93
302, 181
302, 182
302, 183
302, 184
302, 185
302, 186
302, 187
302, 190
302, 191
302, 192
302, 193
302, 194
302, 195
302, 196
302, 197
302, 198
302, 199
302, 200
302, 201
302, 202
302, 203
302, 204
302, 205
302, 206
302, 207
302, 208
302, 209
302, 210
302, 211
302, 212
302, 213
302, 214
302, 215
302, 216
302, 217
302, 218
302, 219
302, 220
302, 221
303, 67
303, 68
303, 69
303, 70
303, 71
303, 72
303, 73
303, 74
303, 75
303, 76
303, 77
303, 78
303, 79
303, 80
303, 81
303, 82
303, 83
303, 84
303, 85
303, 86
303, 87
303, 88
303, 89
303, 90
303, 91
303, 92
303, 93
303, 94
303, 95
303, 178
303, 179
303, 180
303, 181
303, 182
303, 183
303, 184
303, 185
303, 186
303, 187
303, 188
303, 189
303, 190
303, 191
303, 192
303, 193
303, 194
303, 195
303, 196
303, 197
303, 198
303, 199
303, 200
303, 201
303, 202
303, 203
303, 204
303, 205
303, 206
303, 207
303, 208
303, 209
303, 210
303, 211
303, 212
303, 213
303, 214
303, 215
303, 216
303, 217
303, 218
303, 219
303, 220
303, 221
303, 222
304, 66
304, 67
304, 68
304, 69
304, 70
304, 71
304, 72
304, 73
304, 74
304, 75
304, 76
304, 77
304, 78
304, 79
304, 80
304, 81
304, 82
304, 83
304, 84
304, 85
304, 86
304, 87
304, 88
304, 89
304, 90
304, 91
304, 92
304, 93
304, 94
304, 95
304, 96
304, 158
304, 159
304, 160
304, 161
304, 162
304, 163
304, 164
304, 165
304, 166
304, 167
304, 168
304, 169
304, 170
304, 171
304, 172
304, 173
304, 174
304, 175
304, 176
304, 177
304, 178
304, 179
304, 180
304, 181
304, 182
304, 183
304, 184
304, 185
304, 186
304, 187
304, 188
304, 189
304, 190
304, 191
304, 192
304, 193
304, 194
304, 195
304, 196
304, 197
304, 198
304, 199
304, 200
304, 201
304, 202
304, 203
304, 204
304, 205
304, 206
304, 207
304, 208
304, 209
304, 210
304, 211
304, 212
304, 213
304, 214
304, 215
304, 216
304, 217
304, 218
304, 219
304, 220
304, 221
304, 222
304, 223
305, 65
305, 66
305, 67
305, 68
305, 69
305, 70
305, 71
305, 72
305, 73
305, 74
305, 75
305, 76
305, 77
305, 78
305, 79
305, 80
305, 81
305, 82
305, 83
305, 84
305, 85
305, 86
305, 87
305, 88
305, 89
305, 90
305, 91
305, 92
305, 93
305, 94
305, 95
305, 96
305, 97
305, 156
305, 157
305, 158
305, 159
305, 160
305, 161
305, 162
305, 163
305, 164
305, 165
305, 166
305, 167
305, 168
305, 169
305, 170
305, 171
305, 172
305, 173
305, 174
305, 175
305, 176
305, 177
305, 178
305, 179
305, 180
305, 181
305, 182
305, 183
305, 184
305, 185
305, 186
305, 187
305, 188
305, 189
305, 190
305, 191
305, 192
305, 193
305, 194
305, 195
305, 196
305, 197
305, 198
305, 199
305, 200
305, 201
305, 202
305, 203
305, 204
305, 205
305, 206
305, 207
305, 208
305, 209
305, 210
305, 211
305, 212
305, 213
305, 214
305, 215
305, 216
305, 217
305, 218
305, 219
305, 220
305, 221
305, 222
305, 223
306, 64
306, 65
306, 66
306, 67
306, 68
306, 69
306, 70
306, 71
306, 72
306, 73
306, 74
306, 75
306, 76
306, 77
306, 78
306, 79
306, 80
306, 81
306, 82
306, 83
306, 84
306, 85
306, 86
306, 87
306, 88
306, 89
306, 90
306, 91
306, 92
306, 93
306, 94
306, 95
306, 96
306, 97
306, 98
306, 109
306, 110
306, 111
306, 112
306, 113
306, 114
306, 115
306, 119
306, 120
306, 121
306, 122
306, 123
306, 124
306, 125
306, 126
306, 127
306, 128
306, 129
306, 130
306, 131
306, 153
306, 154
306, 155
306, 156
306, 157
306, 158
306, 159
306, 160
306, 161
306, 162
306, 163
306, 164
306, 165
306, 166
306, 167
306, 168
306, 169
306, 170
306, 171
306, 172
306, 173
306, 174
306, 175
306, 176
306, 177
306, 178
306, 179
306, 180
306, 181
306, 182
306, 183
306, 184
306, 185
306, 186
306, 187
306, 188
306, 189
306, 190
306, 191
306, 192
306, 193
306, 194
306, 195
306, 196
306, 197
306, 198
306, 199
306, 200
306, 201
306, 202
306, 203
306, 204
306, 205
306, 206
306, 207
306, 208
306, 209
306, 210
306, 211
306, 212
306, 213
306, 214
306, 215
306, 216
306, 217
306, 218
306, 219
306, 220
306, 221
306, 222
306, 223
306, 224
307, 63
307, 64
307, 65
307, 66
307, 67
307, 68
307, 69
307, 70
307, 71
307, 72
307, 73
307, 74
307, 75
307, 76
307, 77
307, 78
307, 79
307, 80
307, 81
307, 82
307, 83
307, 84
307, 85
307, 86
307, 87
307, 88
307, 89
307, 90
307, 91
307, 92
307, 93
307, 94
307, 95
307, 96
307, 97
307, 98
307, 99
307, 100
307, 101
307, 102
307, 103
307, 106
307, 107
307, 108
307, 109
307, 110
307, 111
307, 112
307, 113
307, 114
307, 115
307, 116
307, 117
307, 118
307, 119
307, 120
307, 121
307, 122
307, 123
307, 124
307, 125
307, 126
307, 127
307, 128
307, 129
307, 130
307, 131
307, 132
307, 133
307, 134
307, 135
307, 136
307, 137
307, 138
307, 139
307, 140
307, 141
307, 142
307, 143
307, 144
307, 145
307, 146
307, 147
307, 148
307, 149
307, 150
307, 151
307, 152
307, 153
307, 154
307, 155
307, 156
307, 157
307, 158
307, 159
307, 160
307, 161
307, 162
307, 163
307, 164
307, 165
307, 166
307, 167
307, 168
307, 169
307, 170
307, 171
307, 172
307, 173
307, 174
307, 175
307, 176
307, 177
307, 178
307, 179
307, 180
307, 181
307, 182
307, 183
307, 184
307, 185
307, 186
307, 187
307, 188
307, 189
307, 190
307, 191
307, 192
307, 193
307, 194
307, 195
307, 196
307, 197
307, 198
307, 199
307, 200
307, 201
307, 202
307, 203
307, 204
307, 205
307, 206
307, 207
307, 208
307, 209
307, 210
307, 211
307, 212
307, 213
307, 214
307, 215
307, 216
307, 217
307, 218
307, 219
307, 220
307, 221
307, 222
307, 223
307, 224
308, 63
308, 64
308, 65
308, 66
308, 67
308, 68
308, 69
308, 70
308, 71
308, 72
308, 73
308, 74
308, 75
308, 76
308, 77
308, 78
308, 79
308, 80
308, 81
308, 82
308, 83
308, 84
308, 85
308, 86
308, 87
308, 88
308, 89
308, 90
308, 91
308, 92
308, 93
308, 94
308, 95
308, 96
308, 97
308, 98
308, 99
308, 100
308, 101
308, 102
308, 103
308, 104
308, 105
308, 106
308, 107
308, 108
308, 109
308, 110
308, 111
308, 112
308, 113
308, 114
308, 115
308, 116
308, 117
308, 118
308, 119
308, 120
308, 121
308, 122
308, 123
308, 124
308, 125
308, 126
308, 127
308, 128
308, 129
308, 130
308, 131
308, 132
308, 133
308, 134
308, 135
308, 136
308, 137
308, 138
308, 139
308, 140
308, 141
308, 142
308, 143
308, 144
308, 145
308, 146
308, 147
308, 148
308, 149
308, 150
308, 151
308, 152
308, 153
308, 154
308, 155
308, 156
308, 157
308, 158
308, 159
308, 160
308, 161
308, 162
308, 163
308, 164
308, 165
308, 166
308, 167
308, 168
308, 169
308, 170
308, 171
308, 172
308, 173
308, 174
308, 175
308, 176
308, 177
308, 178
308, 179
308, 180
308, 181
308, 182
308, 183
308, 184
308, 185
308, 186
308, 187
308, 188
308, 189
308, 190
308, 191
308, 192
308, 193
308, 194
308, 195
308, 196
308, 197
308, 198
308, 199
308, 200
308, 201
308, 202
308, 203
308, 204
308, 205
308, 206
308, 207
308, 208
308, 209
308, 210
308, 211
308, 212
308, 213
308, 214
308, 215
308, 216
308, 217
308, 218
308, 219
308, 220
308, 221
308, 222
308, 223
308, 224
309, 62
309, 63
309, 64
309, 65
309, 66
309, 67
309, 68
309, 69
309, 70
309, 71
309, 72
309, 73
309, 74
309, 75
309, 76
309, 77
309, 78
309, 79
309, 80
309, 81
309, 82
309, 83
309, 84
309, 85
309, 86
309, 87
309, 88
309, 89
309, 90
309, 91
309, 92
309, 93
309, 94
309, 95
309, 96
309, 97
309, 98
309, 99
309, 100
309, 101
309, 102
309, 103
309, 104
309, 105
309, 106
309, 107
309, 108
309, 109
309, 110
309, 111
309, 112
309, 113
309, 114
309, 115
309, 116
309, 117
309, 118
309, 119
309, 120
309, 121
309, 122
309, 123
309, 124
309, 125
309, 126
309, 127
309, 128
309, 129
309, 130
309, 131
309, 132
309, 133
309, 134
309, 135
309, 136
309, 137
309, 138
309, 139
309, 140
309, 141
309, 142
309, 143
309, 144
309, 145
309, 146
309, 147
309, 148
309, 149
309, 150
309, 151
309, 152
309, 153
309, 154
309, 155
309, 156
309, 157
309, 158
309, 159
309, 160
309, 161
309, 162
309, 163
309, 164
309, 165
309, 166
309, 167
309, 168
309, 169
309, 170
309, 171
309, 172
309, 173
309, 174
309, 175
309, 176
309, 177
309, 178
309, 179
309, 180
309, 181
309, 182
309, 183
309, 184
309, 185
309, 186
309, 187
309, 188
309, 189
309, 190
309, 191
309, 192
309, 193
309, 194
309, 195
309, 196
309, 197
309, 198
309, 199
309, 200
309, 201
309, 202
309, 203
309, 204
309, 205
309, 206
309, 207
309, 208
309, 209
309, 210
309, 211
309, 212
309, 213
309, 214
309, 215
309, 216
309, 217
309, 218
309, 219
309, 220
309, 221
309, 222
309, 223
309, 224
310, 62
310, 63
310, 64
310, 65
310, 66
310, 67
310, 68
310, 69
310, 70
310, 71
310, 72
310, 73
310, 74
310, 75
310, 76
310, 77
310, 78
310, 79
310, 80
310, 81
310, 82
310, 83
310, 84
310, 85
310, 86
310, 87
310, 88
310, 89
310, 90
310, 91
310, 92
310, 93
310, 94
310, 95
310, 96
310, 97
310, 98
310, 99
310, 100
310, 101
310, 102
310, 103
310, 104
310, 105
310, 106
310, 107
310, 108
310, 109
310, 110
310, 111
310, 112
310, 113
310, 114
310, 115
310, 116
310, 117
310, 118
310, 119
310, 120
310, 121
310, 122
310, 123
310, 124
310, 125
310, 126
310, 127
310, 128
310, 129
310, 130
310, 131
310, 132
310, 133
310, 134
310, 135
310, 136
310, 137
310, 138
310, 139
310, 140
310, 141
310, 142
310, 143
310, 144
310, 145
310, 146
310, 147
310, 148
310, 149
310, 150
310, 151
310, 152
310, 153
310, 154
310, 155
310, 156
310, 157
310, 158
310, 159
310, 160
310, 161
310, 162
310, 163
310, 164
310, 165
310, 166
310, 167
310, 168
310, 169
310, 170
310, 171
310, 172
310, 173
310, 174
310, 175
310, 176
310, 177
310, 178
310, 179
310, 180
310, 181
310, 182
310, 183
310, 184
310, 185
310, 186
310, 187
310, 188
310, 189
310, 190
310, 191
310, 192
310, 193
310, 194
310, 195
310, 196
310, 197
310, 198
310, 199
310, 200
310, 201
310, 202
310, 203
310, 204
310, 205
310, 206
310, 207
310, 208
310, 209
310, 210
310, 211
310, 212
310, 213
310, 214
310, 215
310, 216
310, 217
310, 218
310, 219
310, 220
310, 221
310, 222
310, 223
310, 224
311, 62
311, 63
311, 64
311, 65
311, 66
311, 67
311, 68
311, 69
311, 70
311, 71
311, 72
311, 73
311, 74
311, 75
311, 76
311, 77
311, 78
311, 79
311, 80
311, 81
311, 82
311, 83
311, 84
311, 85
311, 86
311, 87
311, 88
311, 89
311, 90
311, 91
311, 92
311, 93
311, 94
311, 95
311, 96
311, 97
311, 98
311, 99
311, 100
311, 101
311, 102
311, 103
311, 104
311, 105
311, 106
311, 107
311, 108
311, 109
311, 110
311, 111
311, 112
311, 113
311, 114
311, 115
311, 116
311, 117
311, 118
311, 119
311, 120
311, 121
311, 122
311, 123
311, 124
311, 125
311, 126
311, 127
311, 128
311, 129
311, 130
311, 131
311, 132
311, 133
311, 134
311, 135
311, 136
311, 137
311, 138
311, 139
311, 140
311, 141
311, 142
311, 143
311, 144
311, 145
311, 146
311, 147
311, 148
311, 149
311, 150
311, 151
311, 152
311, 153
311, 154
311, 155
311, 156
311, 157
311, 158
311, 159
311, 160
311, 161
311, 162
311, 163
311, 164
311, 165
311, 166
311, 167
311, 168
311, 169
311, 170
311, 171
311, 172
311, 173
311, 174
311, 175
311, 176
311, 177
311, 178
311, 179
311, 180
311, 181
311, 182
311, 183
311, 184
311, 185
311, 186
311, 187
311, 188
311, 189
311, 190
311, 191
311, 192
311, 193
311, 194
311, 195
311, 196
311, 197
311, 198
311, 199
311, 200
311, 201
311, 202
311, 203
311, 204
311, 205
311, 206
311, 207
311, 208
311, 209
311, 210
311, 211
311, 212
311, 213
311, 214
311, 215
311, 216
311, 217
311, 218
311, 219
311, 220
311, 221
311, 222
311, 223
311, 224
312, 61
312, 62
312, 63
312, 64
312, 65
312, 66
312, 67
312, 68
312, 69
312, 70
312, 71
312, 72
312, 73
312, 74
312, 75
312, 76
312, 77
312, 78
312, 79
312, 80
312, 81
312, 82
312, 83
312, 84
312, 85
312, 86
312, 87
312, 88
312, 89
312, 90
312, 91
312, 92
312, 93
312, 94
312, 95
312, 96
312, 97
312, 98
312, 99
312, 100
312, 101
312, 102
312, 103
312, 104
312, 105
312, 106
312, 107
312, 108
312, 109
312, 110
312, 111
312, 112
312, 113
312, 114
312, 115
312, 116
312, 117
312, 118
312, 119
312, 120
312, 121
312, 122
312, 123
312, 124
312, 125
312, 126
312, 127
312, 128
312, 129
312, 130
312, 131
312, 132
312, 133
312, 134
312, 135
312, 136
312, 137
312, 138
312, 139
312, 140
312, 141
312, 142
312, 143
312, 144
312, 145
312, 146
312, 147
312, 148
312, 149
312, 150
312, 151
312, 152
312, 153
312, 154
312, 155
312, 156
312, 157
312, 158
312, 159
312, 160
312, 161
312, 162
312, 163
312, 164
312, 165
312, 166
312, 167
312, 168
312, 169
312, 170
312, 171
312, 172
312, 173
312, 174
312, 175
312, 176
312, 177
312, 178
312, 179
312, 180
312, 181
312, 182
312, 183
312, 184
312, 185
312, 186
312, 187
312, 188
312, 189
312, 190
312, 191
312, 192
312, 193
312, 194
312, 195
312, 196
312, 197
312, 198
312, 199
312, 200
312, 201
312, 202
312, 203
312, 204
312, 205
312, 206
312, 207
312, 208
312, 209
312, 210
312, 211
312, 212
312, 213
312, 214
312, 215
312, 216
312, 217
312, 218
312, 219
312, 220
312, 221
312, 222
312, 223
312, 224
313, 61
313, 62
313, 63
313, 64
313, 65
313, 66
313, 67
313, 68
313, 69
313, 70
313, 71
313, 72
313, 73
313, 74
313, 75
313, 76
313, 77
313, 78
313, 79
313, 80
313, 81
313, 82
313, 83
313, 84
313, 85
313, 86
313, 87
313, 88
313, 89
313, 90
313, 91
313, 92
313, 93
313, 94
313, 95
313, 96
313, 97
313, 98
313, 99
313, 100
313, 101
313, 102
313, 103
313, 104
313, 105
313, 106
313, 107
313, 108
313, 109
313, 110
313, 111
313, 112
313, 113
313, 114
313, 115
313, 116
313, 117
313, 118
313, 119
313, 120
313, 121
313, 122
313, 123
313, 124
313, 125
313, 126
313, 127
313, 128
313, 129
313, 130
313, 131
313, 132
313, 133
313, 134
313, 135
313, 136
313, 137
313, 138
313, 139
313, 140
313, 141
313, 142
313, 143
313, 144
313, 145
313, 146
313, 147
313, 148
313, 149
313, 150
313, 151
313, 152
313, 153
313, 154
313, 155
313, 156
313, 157
313, 158
313, 159
313, 160
313, 161
313, 162
313, 163
313, 164
313, 165
313, 166
313, 167
313, 168
313, 169
313, 170
313, 171
313, 172
313, 173
313, 174
313, 175
313, 176
313, 177
313, 178
313, 179
313, 180
313, 181
313, 182
313, 183
313, 184
313, 185
313, 186
313, 187
313, 188
313, 189
313, 190
313, 191
313, 192
313, 193
313, 194
313, 195
313, 196
313, 197
313, 198
313, 199
313, 200
313, 201
313, 202
313, 203
313, 204
313, 205
313, 206
313, 207
313, 208
313, 209
313, 210
313, 211
313, 212
313, 213
313, 214
313, 215
313, 216
313, 217
313, 218
313, 219
313, 220
313, 221
313, 222
313, 223
313, 224
314, 61
314, 62
314, 63
314, 64
314, 65
314, 66
314, 67
314, 68
314, 69
314, 70
314, 71
314, 72
314, 73
314, 74
314, 75
314, 76
314, 77
314, 78
314, 79
314, 80
314, 81
314, 82
314, 83
314, 84
314, 85
314, 86
314, 87
314, 88
314, 89
314, 90
314, 91
314, 92
314, 93
314, 94
314, 95
314, 96
314, 97
314, 98
314, 99
314, 100
314, 101
314, 102
314, 103
314, 104
314, 105
314, 106
314, 107
314, 108
314, 109
314, 110
314, 111
314, 112
314, 113
314, 114
314, 115
314, 116
314, 117
314, 118
314, 119
314, 120
314, 121
314, 122
314, 123
314, 124
314, 125
314, 126
314, 127
314, 128
314, 129
314, 130
314, 131
314, 132
314, 133
314, 134
314, 135
314, 136
314, 137
314, 138
314, 139
314, 140
314, 141
314, 142
314, 143
314, 144
314, 145
314, 146
314, 147
314, 148
314, 149
314, 150
314, 151
314, 152
314, 153
314, 154
314, 155
314, 156
314, 157
314, 158
314, 159
314, 160
314, 161
314, 162
314, 163
314, 164
314, 165
314, 166
314, 167
314, 168
314, 169
314, 170
314, 171
314, 172
314, 173
314, 174
314, 175
314, 176
314, 177
314, 178
314, 179
314, 180
314, 181
314, 182
314, 183
314, 184
314, 185
314, 186
314, 187
314, 188
314, 189
314, 190
314, 191
314, 192
314, 193
314, 194
314, 195
314, 196
314, 197
314, 198
314, 199
314, 200
314, 201
314, 202
314, 203
314, 204
314, 205
314, 206
314, 207
314, 208
314, 209
314, 210
314, 211
314, 212
314, 213
314, 214
314, 215
314, 216
314, 217
314, 218
314, 219
314, 220
314, 221
314, 222
314, 223
314, 224
315, 61
315, 62
315, 63
315, 64
315, 65
315, 66
315, 67
315, 68
315, 69
315, 70
315, 71
315, 72
315, 73
315, 74
315, 75
315, 76
315, 77
315, 78
315, 79
315, 80
315, 81
315, 82
315, 83
315, 84
315, 85
315, 86
315, 87
315, 88
315, 89
315, 90
315, 91
315, 92
315, 93
315, 94
315, 95
315, 96
315, 97
315, 98
315, 99
315, 100
315, 101
315, 102
315, 103
315, 104
315, 105
315, 106
315, 107
315, 108
315, 109
315, 110
315, 111
315, 112
315, 113
315, 114
315, 115
315, 116
315, 117
315, 118
315, 119
315, 120
315, 121
315, 122
315, 123
315, 124
315, 125
315, 126
315, 127
315, 128
315, 129
315, 130
315, 131
315, 132
315, 133
315, 134
315, 135
315, 136
315, 137
315, 138
315, 139
315, 140
315, 141
315, 142
315, 143
315, 144
315, 145
315, 146
315, 147
315, 148
315, 149
315, 150
315, 151
315, 152
315, 153
315, 154
315, 155
315, 156
315, 157
315, 158
315, 159
315, 160
315, 161
315, 162
315, 163
315, 164
315, 165
315, 166
315, 167
315, 168
315, 169
315, 170
315, 171
315, 172
315, 173
315, 174
315, 175
315, 176
315, 177
315, 178
315, 179
315, 180
315, 181
315, 182
315, 183
315, 184
315, 185
315, 186
315, 187
315, 188
315, 189
315, 190
315, 191
315, 192
315, 193
315, 194
315, 195
315, 196
315, 197
315, 198
315, 199
315, 200
315, 201
315, 202
315, 203
315, 204
315, 205
315, 206
315, 207
315, 208
315, 209
315, 210
315, 211
315, 212
315, 213
315, 214
315, 215
315, 216
315, 217
315, 218
315, 219
315, 220
315, 221
315, 222
315, 223
315, 224
316, 61
316, 62
316, 63
316, 64
316, 65
316, 66
316, 67
316, 68
316, 69
316, 70
316, 71
316, 72
316, 73
316, 74
316, 75
316, 76
316, 77
316, 78
316, 79
316, 80
316, 81
316, 82
316, 83
316, 84
316, 85
316, 86
316, 87
316, 88
316, 89
316, 90
316, 91
316, 92
316, 93
316, 94
316, 95
316, 96
316, 97
316, 98
316, 99
316, 100
316, 101
316, 102
316, 103
316, 104
316, 105
316, 106
316, 107
316, 108
316, 109
316, 110
316, 111
316, 112
316, 113
316, 114
316, 115
316, 116
316, 117
316, 118
316, 119
316, 120
316, 121
316, 122
316, 123
316, 124
316, 125
316, 126
316, 127
316, 128
316, 129
316, 130
316, 131
316, 132
316, 133
316, 134
316, 135
316, 136
316, 137
316, 138
316, 139
316, 140
316, 141
316, 142
316, 143
316, 144
316, 145
316, 146
316, 147
316, 148
316, 149
316, 150
316, 151
316, 152
316, 153
316, 154
316, 155
316, 156
316, 157
316, 158
316, 159
316, 160
316, 161
316, 162
316, 163
316, 164
316, 165
316, 166
316, 167
316, 168
316, 169
316, 170
316, 171
316, 172
316, 173
316, 174
316, 175
316, 176
316, 177
316, 178
316, 179
316, 180
316, 181
316, 182
316, 183
316, 184
316, 185
316, 186
316, 187
316, 188
316, 189
316, 190
316, 191
316, 192
316, 193
316, 194
316, 195
316, 196
316, 197
316, 198
316, 199
316, 200
316, 201
316, 202
316, 203
316, 204
316, 205
316, 206
316, 207
316, 208
316, 209
316, 210
316, 211
316, 212
316, 213
316, 214
316, 215
316, 216
316, 217
316, 218
316, 219
316, 220
316, 221
316, 222
316, 223
316, 224
317, 61
317, 62
317, 63
317, 64
317, 65
317, 66
317, 67
317, 68
317, 69
317, 70
317, 71
317, 72
317, 73
317, 74
317, 75
317, 76
317, 77
317, 78
317, 79
317, 80
317, 81
317, 82
317, 83
317, 84
317, 85
317, 86
317, 87
317, 88
317, 89
317, 90
317, 91
317, 92
317, 93
317, 94
317, 95
317, 96
317, 97
317, 98
317, 99
317, 100
317, 101
317, 102
317, 103
317, 104
317, 105
317, 106
317, 107
317, 108
317, 109
317, 110
317, 111
317, 112
317, 113
317, 114
317, 115
317, 116
317, 117
317, 118
317, 119
317, 120
317, 121
317, 122
317, 123
317, 124
317, 125
317, 126
317, 127
317, 128
317, 129
317, 130
317, 131
317, 132
317, 133
317, 134
317, 135
317, 136
317, 137
317, 138
317, 139
317, 140
317, 141
317, 142
317, 143
317, 144
317, 145
317, 146
317, 147
317, 148
317, 149
317, 150
317, 151
317, 152
317, 153
317, 154
317, 155
317, 156
317, 157
317, 158
317, 159
317, 160
317, 161
317, 162
317, 163
317, 164
317, 165
317, 166
317, 167
317, 168
317, 169
317, 170
317, 171
317, 172
317, 173
317, 174
317, 175
317, 176
317, 177
317, 178
317, 179
317, 180
317, 181
317, 182
317, 183
317, 184
317, 185
317, 186
317, 187
317, 188
317, 189
317, 190
317, 191
317, 192
317, 193
317, 194
317, 195
317, 196
317, 197
317, 198
317, 199
317, 200
317, 201
317, 202
317, 203
317, 204
317, 205
317, 206
317, 207
317, 208
317, 209
317, 210
317, 211
317, 212
317, 213
317, 214
317, 215
317, 216
317, 217
317, 218
317, 219
317, 220
317, 221
317, 222
317, 223
318, 61
318, 62
318, 63
318, 64
318, 65
318, 66
318, 67
318, 68
318, 69
318, 70
318, 71
318, 72
318, 73
318, 74
318, 75
318, 76
318, 77
318, 78
318, 79
318, 80
318, 81
318, 82
318, 83
318, 84
318, 85
318, 86
318, 87
318, 88
318, 89
318, 90
318, 91
318, 92
318, 93
318, 94
318, 95
318, 96
318, 97
318, 98
318, 99
318, 100
318, 101
318, 102
318, 103
318, 104
318, 105
318, 106
318, 107
318, 108
318, 109
318, 110
318, 111
318, 112
318, 113
318, 114
318, 115
318, 116
318, 117
318, 118
318, 119
318, 120
318, 121
318, 122
318, 123
318, 124
318, 125
318, 126
318, 127
318, 128
318, 129
318, 130
318, 131
318, 132
318, 133
318, 134
318, 135
318, 136
318, 137
318, 138
318, 139
318, 140
318, 141
318, 142
318, 143
318, 144
318, 145
318, 146
318, 147
318, 148
318, 149
318, 150
318, 151
318, 152
318, 153
318, 154
318, 155
318, 156
318, 157
318, 158
318, 159
318, 160
318, 161
318, 162
318, 163
318, 164
318, 165
318, 166
318, 167
318, 168
318, 169
318, 170
318, 171
318, 172
318, 173
318, 174
318, 175
318, 176
318, 177
318, 178
318, 179
318, 180
318, 181
318, 182
318, 183
318, 184
318, 185
318, 186
318, 187
318, 188
318, 189
318, 190
318, 191
318, 192
318, 193
318, 194
318, 195
318, 196
318, 197
318, 198
318, 199
318, 200
318, 201
318, 202
318, 203
318, 204
318, 205
318, 206
318, 207
318, 208
318, 209
318, 210
318, 211
318, 212
318, 213
318, 214
318, 215
318, 216
318, 217
318, 218
318, 219
318, 220
318, 221
318, 222
319, 61
319, 62
319, 63
319, 64
319, 65
319, 66
319, 67
319, 68
319, 69
319, 70
319, 71
319, 72
319, 73
319, 74
319, 75
319, 76
319, 77
319, 78
319, 79
319, 80
319, 81
319, 82
319, 83
319, 84
319, 85
319, 86
319, 87
319, 88
319, 89
319, 90
319, 91
319, 92
319, 93
319, 94
319, 95
319, 96
319, 97
319, 98
319, 99
319, 100
319, 101
319, 102
319, 103
319, 104
319, 105
319, 106
319, 107
319, 108
319, 109
319, 110
319, 111
319, 112
319, 113
319, 114
319, 115
319, 116
319, 117
319, 118
319, 119
319, 120
319, 121
319, 122
319, 123
319, 124
319, 125
319, 126
319, 127
319, 128
319, 129
319, 130
319, 131
319, 132
319, 133
319, 134
319, 135
319, 136
319, 137
319, 138
319, 139
319, 140
319, 141
319, 142
319, 143
319, 144
319, 145
319, 146
319, 147
319, 148
319, 149
319, 150
319, 151
319, 152
319, 153
319, 154
319, 155
319, 156
319, 157
319, 158
319, 159
319, 160
319, 161
319, 162
319, 163
319, 164
319, 165
319, 166
319, 167
319, 168
319, 169
319, 170
319, 171
319, 172
319, 173
319, 174
319, 175
319, 176
319, 177
319, 178
319, 179
319, 180
319, 181
319, 182
319, 183
319, 184
319, 185
319, 186
319, 187
319, 188
319, 189
319, 190
319, 191
319, 192
319, 193
319, 194
319, 195
319, 196
319, 197
319, 198
319, 199
319, 200
319, 201
319, 202
319, 203
319, 204
319, 205
319, 206
319, 207
319, 208
319, 209
319, 210
319, 211
319, 212
319, 213
319, 214
319, 215
319, 216
319, 217
319, 218
319, 219
319, 220
319, 221
319, 222
320, 61
320, 62
320, 63
320, 64
320, 65
320, 66
320, 67
320, 68
320, 69
320, 70
320, 71
320, 72
320, 73
320, 74
320, 75
320, 76
320, 77
320, 78
320, 79
320, 80
320, 81
320, 82
320, 83
320, 84
320, 85
320, 86
320, 87
320, 88
320, 89
320, 90
320, 91
320, 92
320, 93
320, 94
320, 95
320, 96
320, 97
320, 98
320, 99
320, 100
320, 101
320, 102
320, 103
320, 104
320, 105
320, 106
320, 107
320, 108
320, 109
320, 110
320, 111
320, 112
320, 113
320, 114
320, 115
320, 116
320, 117
320, 118
320, 119
320, 120
320, 121
320, 122
320, 123
320, 124
320, 125
320, 126
320, 127
320, 128
320, 129
320, 130
320, 131
320, 132
320, 133
320, 134
320, 135
320, 136
320, 137
320, 138
320, 139
320, 140
320, 141
320, 142
320, 143
320, 144
320, 145
320, 146
320, 147
320, 148
320, 149
320, 150
320, 151
320, 152
320, 153
320, 154
320, 155
320, 156
320, 157
320, 158
320, 159
320, 160
320, 161
320, 162
320, 163
320, 164
320, 165
320, 166
320, 167
320, 168
320, 169
320, 170
320, 171
320, 172
320, 173
320, 174
320, 175
320, 176
320, 177
320, 178
320, 179
320, 180
320, 181
320, 182
320, 183
320, 184
320, 185
320, 186
320, 187
320, 188
320, 189
320, 190
320, 191
320, 192
320, 193
320, 194
320, 195
320, 196
320, 197
320, 198
320, 199
320, 200
320, 201
320, 202
320, 203
320, 204
320, 205
320, 206
320, 207
320, 208
320, 209
320, 210
320, 211
320, 212
320, 213
320, 214
320, 215
320, 216
320, 217
320, 218
320, 219
320, 220
320, 221
320, 222
321, 61
321, 62
321, 63
321, 64
321, 65
321, 66
321, 67
321, 68
321, 69
321, 70
321, 71
321, 72
321, 73
321, 74
321, 75
321, 76
321, 77
321, 78
321, 79
321, 80
321, 81
321, 82
321, 83
321, 84
321, 85
321, 86
321, 87
321, 88
321, 89
321, 90
321, 91
321, 92
321, 93
321, 94
321, 95
321, 96
321, 97
321, 98
321, 99
321, 100
321, 101
321, 102
321, 103
321, 104
321, 105
321, 106
321, 107
321, 108
321, 109
321, 110
321, 111
321, 112
321, 113
321, 114
321, 115
321, 116
321, 117
321, 118
321, 119
321, 120
321, 121
321, 122
321, 123
321, 124
321, 125
321, 126
321, 127
321, 128
321, 129
321, 130
321, 131
321, 132
321, 133
321, 134
321, 135
321, 136
321, 137
321, 138
321, 139
321, 140
321, 141
321, 142
321, 143
321, 144
321, 145
321, 146
321, 147
321, 148
321, 149
321, 150
321, 151
321, 152
321, 153
321, 154
321, 155
321, 156
321, 157
321, 158
321, 159
321, 160
321, 161
321, 162
321, 163
321, 164
321, 165
321, 166
321, 167
321, 168
321, 169
321, 170
321, 171
321, 172
321, 173
321, 174
321, 175
321, 176
321, 177
321, 178
321, 179
321, 180
321, 181
321, 182
321, 183
321, 184
321, 185
321, 186
321, 187
321, 188
321, 189
321, 190
321, 191
321, 192
321, 193
321, 194
321, 195
321, 196
321, 197
321, 198
321, 199
321, 200
321, 201
321, 202
321, 203
321, 204
321, 205
321, 206
321, 207
321, 208
321, 209
321, 210
321, 211
321, 212
321, 213
321, 214
321, 215
321, 216
321, 217
321, 218
321, 219
321, 220
321, 221
321, 222
321, 223
322, 61
322, 62
322, 63
322, 64
322, 65
322, 66
322, 67
322, 68
322, 69
322, 70
322, 71
322, 72
322, 73
322, 74
322, 75
322, 76
322, 77
322, 78
322, 79
322, 80
322, 81
322, 82
322, 83
322, 84
322, 85
322, 86
322, 87
322, 88
322, 89
322, 90
322, 91
322, 92
322, 93
322, 94
322, 95
322, 96
322, 97
322, 98
322, 99
322, 100
322, 101
322, 102
322, 103
322, 104
322, 105
322, 106
322, 107
322, 108
322, 109
322, 110
322, 111
322, 112
322, 113
322, 114
322, 115
322, 116
322, 117
322, 118
322, 119
322, 120
322, 121
322, 122
322, 123
322, 124
322, 125
322, 126
322, 127
322, 128
322, 129
322, 130
322, 131
322, 132
322, 133
322, 134
322, 135
322, 136
322, 137
322, 138
322, 139
322, 140
322, 141
322, 142
322, 143
322, 144
322, 145
322, 146
322, 147
322, 148
322, 149
322, 150
322, 151
322, 152
322, 153
322, 154
322, 155
322, 156
322, 157
322, 158
322, 159
322, 160
322, 161
322, 162
322, 163
322, 164
322, 165
322, 166
322, 167
322, 168
322, 169
322, 170
322, 171
322, 172
322, 173
322, 174
322, 175
322, 176
322, 177
322, 178
322, 179
322, 180
322, 181
322, 182
322, 183
322, 184
322, 185
322, 186
322, 187
322, 188
322, 189
322, 190
322, 191
322, 192
322, 193
322, 194
322, 195
322, 196
322, 197
322, 198
322, 199
322, 200
322, 201
322, 202
322, 203
322, 204
322, 205
322, 206
322, 207
322, 208
322, 209
322, 210
322, 211
322, 212
322, 213
322, 214
322, 215
322, 216
322, 217
322, 218
322, 219
322, 220
322, 221
322, 222
323, 61
323, 62
323, 63
323, 64
323, 65
323, 66
323, 67
323, 68
323, 69
323, 70
323, 71
323, 72
323, 73
323, 74
323, 75
323, 76
323, 77
323, 78
323, 79
323, 80
323, 81
323, 82
323, 83
323, 84
323, 85
323, 86
323, 87
323, 88
323, 89
323, 90
323, 91
323, 92
323, 93
323, 94
323, 95
323, 96
323, 97
323, 98
323, 99
323, 100
323, 101
323, 102
323, 103
323, 104
323, 105
323, 106
323, 107
323, 108
323, 109
323, 110
323, 111
323, 112
323, 113
323, 114
323, 115
323, 116
323, 117
323, 118
323, 119
323, 120
323, 121
323, 122
323, 123
323, 124
323, 125
323, 126
323, 127
323, 128
323, 129
323, 130
323, 131
323, 132
323, 133
323, 134
323, 135
323, 136
323, 137
323, 138
323, 139
323, 140
323, 141
323, 142
323, 143
323, 144
323, 145
323, 146
323, 147
323, 148
323, 149
323, 150
323, 151
323, 152
323, 153
323, 154
323, 155
323, 156
323, 157
323, 158
323, 159
323, 160
323, 161
323, 162
323, 163
323, 164
323, 165
323, 166
323, 167
323, 168
323, 169
323, 170
323, 171
323, 172
323, 173
323, 174
323, 175
323, 176
323, 177
323, 178
323, 179
323, 180
323, 181
323, 182
323, 183
323, 184
323, 185
323, 186
323, 187
323, 188
323, 189
323, 190
323, 191
323, 192
323, 193
323, 194
323, 195
323, 196
323, 197
323, 198
323, 199
323, 200
323, 201
323, 202
323, 203
323, 204
323, 205
323, 206
323, 207
323, 208
323, 209
323, 210
323, 211
323, 212
323, 213
323, 214
323, 215
323, 216
323, 217
323, 218
323, 219
323, 220
323, 221
323, 222
324, 61
324, 62
324, 63
324, 64
324, 65
324, 66
324, 67
324, 68
324, 69
324, 70
324, 71
324, 72
324, 73
324, 74
324, 75
324, 76
324, 77
324, 78
324, 79
324, 80
324, 81
324, 82
324, 83
324, 84
324, 85
324, 86
324, 87
324, 88
324, 89
324, 90
324, 91
324, 92
324, 93
324, 94
324, 95
324, 96
324, 97
324, 98
324, 99
324, 100
324, 101
324, 102
324, 103
324, 104
324, 105
324, 106
324, 107
324, 108
324, 109
324, 110
324, 111
324, 112
324, 113
324, 114
324, 115
324, 116
324, 117
324, 118
324, 119
324, 120
324, 121
324, 122
324, 123
324, 124
324, 125
324, 126
324, 127
324, 128
324, 129
324, 130
324, 131
324, 132
324, 133
324, 134
324, 135
324, 136
324, 137
324, 138
324, 139
324, 140
324, 141
324, 142
324, 143
324, 144
324, 145
324, 146
324, 147
324, 148
324, 149
324, 150
324, 151
324, 152
324, 153
324, 154
324, 155
324, 156
324, 157
324, 158
324, 159
324, 160
324, 161
324, 162
324, 163
324, 164
324, 165
324, 166
324, 167
324, 168
324, 169
324, 170
324, 171
324, 172
324, 173
324, 174
324, 175
324, 176
324, 177
324, 178
324, 179
324, 180
324, 181
324, 182
324, 183
324, 184
324, 185
324, 186
324, 187
324, 188
324, 189
324, 190
324, 191
324, 192
324, 193
324, 194
324, 195
324, 196
324, 197
324, 198
324, 199
324, 200
324, 201
324, 202
324, 203
324, 204
324, 205
324, 206
324, 207
324, 208
324, 209
324, 210
324, 211
324, 212
324, 213
324, 214
324, 215
324, 216
324, 217
324, 218
324, 219
324, 220
324, 221
324, 222
325, 61
325, 62
325, 63
325, 64
325, 65
325, 66
325, 67
325, 68
325, 69
325, 70
325, 71
325, 72
325, 73
325, 74
325, 75
325, 76
325, 77
325, 78
325, 79
325, 80
325, 81
325, 82
325, 83
325, 84
325, 85
325, 86
325, 87
325, 88
325, 89
325, 90
325, 91
325, 92
325, 93
325, 94
325, 95
325, 96
325, 97
325, 98
325, 99
325, 100
325, 101
325, 102
325, 103
325, 104
325, 105
325, 106
325, 107
325, 108
325, 109
325, 110
325, 111
325, 112
325, 113
325, 114
325, 115
325, 116
325, 117
325, 118
325, 119
325, 120
325, 121
325, 122
325, 123
325, 124
325, 125
325, 126
325, 127
325, 128
325, 129
325, 130
325, 131
325, 132
325, 133
325, 134
325, 135
325, 136
325, 137
325, 138
325, 139
325, 140
325, 141
325, 142
325, 143
325, 144
325, 145
325, 146
325, 147
325, 148
325, 149
325, 150
325, 151
325, 152
325, 153
325, 154
325, 155
325, 156
325, 157
325, 158
325, 159
325, 160
325, 161
325, 162
325, 163
325, 164
325, 165
325, 166
325, 167
325, 168
325, 169
325, 170
325, 171
325, 172
325, 173
325, 174
325, 175
325, 176
325, 177
325, 178
325, 179
325, 180
325, 181
325, 182
325, 183
325, 184
325, 185
325, 186
325, 187
325, 188
325, 189
325, 190
325, 191
325, 192
325, 193
325, 194
325, 195
325, 196
325, 197
325, 198
325, 199
325, 200
325, 201
325, 202
325, 203
325, 204
325, 205
325, 206
325, 207
325, 208
325, 209
325, 210
325, 211
325, 212
325, 213
325, 214
325, 215
325, 216
325, 217
325, 218
325, 219
325, 220
325, 221
326, 61
326, 62
326, 63
326, 64
326, 65
326, 66
326, 67
326, 68
326, 69
326, 70
326, 71
326, 72
326, 73
326, 74
326, 75
326, 76
326, 77
326, 78
326, 79
326, 80
326, 81
326, 82
326, 83
326, 84
326, 85
326, 86
326, 87
326, 88
326, 89
326, 90
326, 91
326, 92
326, 93
326, 94
326, 95
326, 96
326, 97
326, 98
326, 99
326, 100
326, 101
326, 102
326, 103
326, 104
326, 105
326, 106
326, 107
326, 108
326, 109
326, 110
326, 111
326, 112
326, 113
326, 114
326, 115
326, 116
326, 117
326, 118
326, 119
326, 120
326, 121
326, 122
326, 123
326, 124
326, 125
326, 126
326, 127
326, 128
326, 129
326, 130
326, 131
326, 132
326, 133
326, 134
326, 135
326, 136
326, 137
326, 138
326, 139
326, 140
326, 141
326, 142
326, 143
326, 144
326, 145
326, 146
326, 147
326, 148
326, 149
326, 150
326, 151
326, 152
326, 153
326, 154
326, 155
326, 156
326, 157
326, 158
326, 159
326, 160
326, 161
326, 162
326, 163
326, 164
326, 165
326, 166
326, 167
326, 168
326, 169
326, 170
326, 171
326, 172
326, 173
326, 174
326, 175
326, 176
326, 177
326, 178
326, 179
326, 180
326, 181
326, 182
326, 183
326, 184
326, 185
326, 186
326, 187
326, 188
326, 189
326, 190
326, 191
326, 192
326, 193
326, 194
326, 195
326, 196
326, 197
326, 198
326, 199
326, 200
326, 201
326, 202
326, 203
326, 204
326, 205
326, 206
326, 207
326, 208
326, 209
326, 210
326, 211
326, 212
326, 213
326, 214
326, 215
326, 216
326, 217
326, 218
326, 219
326, 220
326, 221
326, 222
327, 61
327, 62
327, 63
327, 64
327, 65
327, 66
327, 67
327, 68
327, 69
327, 70
327, 71
327, 72
327, 73
327, 74
327, 75
327, 76
327, 77
327, 78
327, 79
327, 80
327, 81
327, 82
327, 83
327, 84
327, 85
327, 86
327, 87
327, 88
327, 89
327, 90
327, 91
327, 92
327, 93
327, 94
327, 95
327, 96
327, 97
327, 98
327, 99
327, 100
327, 101
327, 102
327, 103
327, 104
327, 105
327, 106
327, 107
327, 108
327, 109
327, 110
327, 111
327, 112
327, 113
327, 114
327, 115
327, 116
327, 117
327, 118
327, 119
327, 120
327, 121
327, 122
327, 123
327, 124
327, 125
327, 126
327, 127
327, 128
327, 129
327, 130
327, 131
327, 132
327, 133
327, 134
327, 135
327, 136
327, 137
327, 138
327, 139
327, 140
327, 141
327, 142
327, 143
327, 144
327, 145
327, 146
327, 147
327, 148
327, 149
327, 150
327, 151
327, 152
327, 153
327, 154
327, 155
327, 156
327, 157
327, 158
327, 159
327, 160
327, 161
327, 162
327, 163
327, 164
327, 165
327, 166
327, 167
327, 168
327, 169
327, 170
327, 171
327, 172
327, 173
327, 174
327, 175
327, 176
327, 177
327, 178
327, 179
327, 180
327, 181
327, 182
327, 183
327, 184
327, 185
327, 186
327, 187
327, 188
327, 189
327, 190
327, 191
327, 192
327, 193
327, 194
327, 195
327, 196
327, 197
327, 198
327, 199
327, 200
327, 201
327, 202
327, 203
327, 204
327, 205
327, 206
327, 207
327, 208
327, 209
327, 210
327, 211
327, 212
327, 213
327, 214
327, 215
327, 216
327, 217
327, 218
327, 219
327, 220
327, 221
327, 222
328, 61
328, 62
328, 63
328, 64
328, 65
328, 66
328, 67
328, 68
328, 69
328, 70
328, 71
328, 72
328, 73
328, 74
328, 75
328, 76
328, 77
328, 78
328, 79
328, 80
328, 81
328, 82
328, 83
328, 84
328, 85
328, 86
328, 87
328, 88
328, 89
328, 90
328, 91
328, 92
328, 93
328, 94
328, 95
328, 96
328, 97
328, 98
328, 99
328, 100
328, 101
328, 102
328, 103
328, 104
328, 105
328, 106
328, 107
328, 108
328, 109
328, 110
328, 111
328, 112
328, 113
328, 114
328, 115
328, 116
328, 117
328, 118
328, 119
328, 120
328, 121
328, 122
328, 123
328, 124
328, 125
328, 126
328, 127
328, 128
328, 129
328, 130
328, 131
328, 132
328, 133
328, 134
328, 135
328, 136
328, 137
328, 138
328, 139
328, 140
328, 141
328, 142
328, 143
328, 144
328, 145
328, 146
328, 147
328, 148
328, 149
328, 150
328, 151
328, 152
328, 153
328, 154
328, 155
328, 156
328, 157
328, 158
328, 159
328, 160
328, 161
328, 162
328, 163
328, 164
328, 165
328, 166
328, 167
328, 168
328, 169
328, 170
328, 171
328, 172
328, 173
328, 174
328, 175
328, 176
328, 177
328, 178
328, 179
328, 180
328, 181
328, 182
328, 183
328, 184
328, 185
328, 186
328, 187
328, 188
328, 189
328, 190
328, 191
328, 192
328, 193
328, 194
328, 195
328, 196
328, 197
328, 198
328, 199
328, 200
328, 201
328, 202
328, 203
328, 204
328, 205
328, 206
328, 207
328, 208
328, 209
328, 210
328, 211
328, 212
328, 213
328, 214
328, 215
328, 216
328, 217
328, 218
328, 219
328, 220
328, 221
328, 222
328, 223
329, 61
329, 62
329, 63
329, 64
329, 65
329, 66
329, 67
329, 68
329, 69
329, 70
329, 71
329, 72
329, 73
329, 74
329, 75
329, 76
329, 77
329, 78
329, 79
329, 80
329, 81
329, 82
329, 83
329, 84
329, 85
329, 86
329, 87
329, 88
329, 89
329, 90
329, 91
329, 92
329, 93
329, 94
329, 95
329, 96
329, 97
329, 98
329, 99
329, 100
329, 101
329, 102
329, 103
329, 104
329, 105
329, 106
329, 107
329, 108
329, 109
329, 110
329, 111
329, 112
329, 113
329, 114
329, 115
329, 116
329, 117
329, 118
329, 119
329, 120
329, 121
329, 122
329, 123
329, 124
329, 125
329, 126
329, 127
329, 128
329, 129
329, 130
329, 131
329, 132
329, 133
329, 134
329, 135
329, 136
329, 137
329, 138
329, 139
329, 140
329, 141
329, 142
329, 143
329, 144
329, 145
329, 146
329, 147
329, 148
329, 149
329, 150
329, 151
329, 152
329, 153
329, 154
329, 155
329, 156
329, 157
329, 158
329, 159
329, 160
329, 161
329, 162
329, 163
329, 164
329, 165
329, 166
329, 167
329, 168
329, 169
329, 170
329, 171
329, 172
329, 173
329, 174
329, 175
329, 176
329, 177
329, 178
329, 179
329, 180
329, 181
329, 182
329, 183
329, 184
329, 185
329, 186
329, 187
329, 188
329, 189
329, 190
329, 191
329, 192
329, 193
329, 194
329, 195
329, 196
329, 197
329, 198
329, 199
329, 200
329, 201
329, 202
329, 203
329, 204
329, 205
329, 206
329, 207
329, 208
329, 209
329, 210
329, 211
329, 212
329, 213
329, 214
329, 215
329, 216
329, 217
329, 218
329, 219
329, 220
329, 221
329, 222
329, 223
330, 61
330, 62
330, 63
330, 64
330, 65
330, 66
330, 67
330, 68
330, 69
330, 70
330, 71
330, 72
330, 73
330, 74
330, 75
330, 76
330, 77
330, 78
330, 79
330, 80
330, 81
330, 82
330, 83
330, 84
330, 85
330, 86
330, 87
330, 88
330, 89
330, 90
330, 91
330, 92
330, 93
330, 94
330, 95
330, 96
330, 97
330, 98
330, 99
330, 100
330, 101
330, 102
330, 103
330, 104
330, 105
330, 106
330, 107
330, 108
330, 109
330, 110
330, 111
330, 112
330, 113
330, 114
330, 115
330, 116
330, 117
330, 118
330, 119
330, 120
330, 121
330, 122
330, 123
330, 124
330, 125
330, 126
330, 127
330, 128
330, 129
330, 130
330, 131
330, 132
330, 133
330, 134
330, 135
330, 136
330, 137
330, 138
330, 139
330, 140
330, 141
330, 142
330, 143
330, 144
330, 145
330, 146
330, 147
330, 148
330, 149
330, 150
330, 151
330, 152
330, 153
330, 154
330, 155
330, 156
330, 157
330, 158
330, 159
330, 160
330, 161
330, 162
330, 163
330, 164
330, 165
330, 166
330, 167
330, 168
330, 169
330, 170
330, 171
330, 172
330, 173
330, 174
330, 175
330, 176
330, 177
330, 178
330, 179
330, 180
330, 181
330, 182
330, 183
330, 184
330, 185
330, 186
330, 187
330, 188
330, 189
330, 190
330, 191
330, 192
330, 193
330, 194
330, 195
330, 196
330, 197
330, 198
330, 199
330, 200
330, 201
330, 202
330, 203
330, 204
330, 205
330, 206
330, 207
330, 208
330, 209
330, 210
330, 211
330, 212
330, 213
330, 214
330, 215
330, 216
330, 217
330, 218
330, 219
330, 220
330, 221
330, 222
331, 61
331, 62
331, 63
331, 64
331, 65
331, 66
331, 67
331, 68
331, 69
331, 70
331, 71
331, 72
331, 73
331, 74
331, 75
331, 76
331, 77
331, 78
331, 79
331, 80
331, 81
331, 82
331, 83
331, 84
331, 85
331, 86
331, 87
331, 88
331, 89
331, 90
331, 91
331, 92
331, 93
331, 94
331, 95
331, 96
331, 97
331, 98
331, 99
331, 100
331, 101
331, 102
331, 103
331, 104
331, 105
331, 106
331, 107
331, 108
331, 109
331, 110
331, 111
331, 112
331, 113
331, 114
331, 115
331, 116
331, 117
331, 118
331, 119
331, 120
331, 121
331, 122
331, 123
331, 124
331, 125
331, 126
331, 127
331, 128
331, 129
331, 130
331, 131
331, 132
331, 133
331, 134
331, 135
331, 136
331, 137
331, 138
331, 139
331, 140
331, 141
331, 142
331, 143
331, 144
331, 145
331, 146
331, 147
331, 148
331, 149
331, 150
331, 151
331, 152
331, 153
331, 154
331, 155
331, 156
331, 157
331, 158
331, 159
331, 160
331, 161
331, 162
331, 163
331, 164
331, 165
331, 166
331, 167
331, 168
331, 169
331, 170
331, 171
331, 172
331, 173
331, 174
331, 175
331, 176
331, 177
331, 178
331, 179
331, 180
331, 181
331, 182
331, 183
331, 184
331, 185
331, 186
331, 187
331, 188
331, 189
331, 190
331, 191
331, 192
331, 193
331, 194
331, 195
331, 196
331, 197
331, 198
331, 199
331, 200
331, 201
331, 202
331, 203
331, 204
331, 205
331, 206
331, 207
331, 208
331, 209
331, 210
331, 211
331, 212
331, 213
331, 214
331, 215
331, 216
331, 217
331, 218
331, 219
331, 220
331, 221
331, 222
332, 61
332, 62
332, 63
332, 64
332, 65
332, 66
332, 67
332, 68
332, 69
332, 70
332, 71
332, 72
332, 73
332, 74
332, 75
332, 76
332, 77
332, 78
332, 79
332, 80
332, 81
332, 82
332, 83
332, 84
332, 85
332, 86
332, 87
332, 88
332, 89
332, 90
332, 91
332, 92
332, 93
332, 94
332, 95
332, 96
332, 97
332, 98
332, 99
332, 100
332, 101
332, 102
332, 103
332, 104
332, 105
332, 106
332, 107
332, 108
332, 109
332, 110
332, 111
332, 112
332, 113
332, 114
332, 115
332, 116
332, 117
332, 118
332, 119
332, 120
332, 121
332, 122
332, 123
332, 124
332, 125
332, 126
332, 127
332, 128
332, 129
332, 130
332, 131
332, 132
332, 133
332, 134
332, 135
332, 136
332, 137
332, 138
332, 139
332, 140
332, 141
332, 142
332, 143
332, 144
332, 145
332, 146
332, 147
332, 148
332, 149
332, 150
332, 151
332, 152
332, 153
332, 154
332, 155
332, 156
332, 157
332, 158
332, 159
332, 160
332, 161
332, 162
332, 163
332, 164
332, 165
332, 166
332, 167
332, 168
332, 169
332, 170
332, 171
332, 172
332, 173
332, 174
332, 175
332, 176
332, 177
332, 178
332, 179
332, 180
332, 181
332, 182
332, 183
332, 184
332, 185
332, 186
332, 187
332, 188
332, 189
332, 190
332, 191
332, 192
332, 193
332, 194
332, 195
332, 196
332, 197
332, 198
332, 199
332, 200
332, 201
332, 202
332, 203
332, 204
332, 205
332, 206
332, 207
332, 208
332, 209
332, 210
332, 211
332, 212
332, 213
332, 214
332, 215
332, 216
332, 217
332, 218
332, 219
332, 220
332, 221
332, 222
333, 61
333, 62
333, 63
333, 64
333, 65
333, 66
333, 67
333, 68
333, 69
333, 70
333, 71
333, 72
333, 73
333, 74
333, 75
333, 76
333, 77
333, 78
333, 79
333, 80
333, 81
333, 82
333, 83
333, 84
333, 85
333, 86
333, 87
333, 88
333, 89
333, 90
333, 91
333, 92
333, 93
333, 94
333, 95
333, 96
333, 97
333, 98
333, 99
333, 100
333, 101
333, 102
333, 103
333, 104
333, 105
333, 106
333, 107
333, 108
333, 109
333, 110
333, 111
333, 112
333, 113
333, 114
333, 115
333, 116
333, 117
333, 118
333, 119
333, 120
333, 121
333, 122
333, 123
333, 124
333, 125
333, 126
333, 127
333, 128
333, 129
333, 130
333, 131
333, 132
333, 133
333, 134
333, 135
333, 136
333, 137
333, 138
333, 139
333, 140
333, 141
333, 142
333, 143
333, 144
333, 145
333, 146
333, 147
333, 148
333, 149
333, 150
333, 151
333, 152
333, 153
333, 154
333, 155
333, 156
333, 157
333, 158
333, 159
333, 160
333, 161
333, 162
333, 163
333, 164
333, 165
333, 166
333, 167
333, 168
333, 169
333, 170
333, 171
333, 172
333, 173
333, 174
333, 175
333, 176
333, 177
333, 178
333, 179
333, 180
333, 181
333, 182
333, 183
333, 184
333, 185
333, 186
333, 187
333, 188
333, 189
333, 190
333, 191
333, 192
333, 193
333, 194
333, 195
333, 196
333, 197
333, 198
333, 199
333, 200
333, 201
333, 202
333, 203
333, 204
333, 205
333, 206
333, 207
333, 208
333, 209
333, 210
333, 211
333, 212
333, 213
333, 214
333, 215
333, 216
333, 217
333, 218
333, 219
333, 220
333, 221
333, 222
334, 61
334, 62
334, 63
334, 64
334, 65
334, 66
334, 67
334, 68
334, 69
334, 70
334, 71
334, 72
334, 73
334, 74
334, 75
334, 76
334, 77
334, 78
334, 79
334, 80
334, 81
334, 82
334, 83
334, 84
334, 85
334, 86
334, 87
334, 88
334, 89
334, 90
334, 91
334, 92
334, 93
334, 94
334, 95
334, 96
334, 97
334, 98
334, 99
334, 100
334, 101
334, 102
334, 103
334, 104
334, 105
334, 106
334, 107
334, 108
334, 109
334, 110
334, 111
334, 112
334, 113
334, 114
334, 115
334, 116
334, 117
334, 118
334, 119
334, 120
334, 121
334, 122
334, 123
334, 124
334, 125
334, 126
334, 127
334, 128
334, 129
334, 130
334, 131
334, 132
334, 133
334, 134
334, 135
334, 136
334, 137
334, 138
334, 139
334, 140
334, 141
334, 142
334, 143
334, 144
334, 145
334, 146
334, 147
334, 148
334, 149
334, 150
334, 151
334, 152
334, 153
334, 154
334, 155
334, 156
334, 157
334, 158
334, 159
334, 160
334, 161
334, 162
334, 163
334, 164
334, 165
334, 166
334, 167
334, 168
334, 169
334, 170
334, 171
334, 172
334, 173
334, 174
334, 175
334, 176
334, 177
334, 178
334, 179
334, 180
334, 181
334, 182
334, 183
334, 184
334, 185
334, 186
334, 187
334, 188
334, 189
334, 190
334, 191
334, 192
334, 193
334, 194
334, 195
334, 196
334, 197
334, 198
334, 199
334, 200
334, 201
334, 202
334, 203
334, 204
334, 205
334, 206
334, 207
334, 208
334, 209
334, 210
334, 211
334, 212
334, 213
334, 214
334, 215
334, 216
334, 217
334, 218
334, 219
334, 220
334, 221
334, 222
335, 61
335, 62
335, 63
335, 64
335, 65
335, 66
335, 67
335, 68
335, 69
335, 70
335, 71
335, 72
335, 73
335, 74
335, 75
335, 76
335, 77
335, 78
335, 79
335, 80
335, 81
335, 82
335, 83
335, 84
335, 85
335, 86
335, 87
335, 88
335, 89
335, 90
335, 91
335, 92
335, 93
335, 94
335, 95
335, 96
335, 97
335, 98
335, 99
335, 100
335, 101
335, 102
335, 103
335, 104
335, 105
335, 106
335, 107
335, 108
335, 109
335, 110
335, 111
335, 112
335, 113
335, 114
335, 115
335, 116
335, 117
335, 118
335, 119
335, 120
335, 121
335, 122
335, 123
335, 124
335, 125
335, 126
335, 127
335, 128
335, 129
335, 130
335, 131
335, 132
335, 133
335, 134
335, 135
335, 136
335, 137
335, 138
335, 139
335, 140
335, 141
335, 142
335, 143
335, 144
335, 145
335, 146
335, 147
335, 148
335, 149
335, 150
335, 151
335, 152
335, 153
335, 154
335, 155
335, 156
335, 157
335, 158
335, 159
335, 160
335, 161
335, 162
335, 163
335, 164
335, 165
335, 166
335, 167
335, 168
335, 169
335, 170
335, 171
335, 172
335, 173
335, 174
335, 175
335, 176
335, 177
335, 178
335, 179
335, 180
335, 181
335, 182
335, 183
335, 184
335, 185
335, 186
335, 187
335, 188
335, 189
335, 190
335, 191
335, 192
335, 193
335, 194
335, 195
335, 196
335, 197
335, 198
335, 199
335, 200
335, 201
335, 202
335, 203
335, 204
335, 205
335, 206
335, 207
335, 208
335, 209
335, 210
335, 211
335, 212
335, 213
335, 214
335, 215
335, 216
335, 217
335, 218
335, 219
335, 220
335, 221
335, 222
336, 61
336, 62
336, 63
336, 64
336, 65
336, 66
336, 67
336, 68
336, 69
336, 70
336, 71
336, 72
336, 73
336, 74
336, 75
336, 76
336, 77
336, 78
336, 79
336, 80
336, 81
336, 82
336, 83
336, 84
336, 85
336, 86
336, 87
336, 88
336, 89
336, 90
336, 91
336, 92
336, 93
336, 94
336, 95
336, 96
336, 97
336, 98
336, 99
336, 100
336, 101
336, 102
336, 103
336, 104
336, 105
336, 106
336, 107
336, 108
336, 109
336, 110
336, 111
336, 112
336, 113
336, 114
336, 115
336, 116
336, 117
336, 118
336, 119
336, 120
336, 121
336, 122
336, 123
336, 124
336, 125
336, 126
336, 127
336, 128
336, 129
336, 130
336, 131
336, 132
336, 133
336, 134
336, 135
336, 136
336, 137
336, 138
336, 139
336, 140
336, 141
336, 142
336, 143
336, 144
336, 145
336, 146
336, 147
336, 148
336, 149
336, 150
336, 151
336, 152
336, 153
336, 154
336, 155
336, 156
336, 157
336, 158
336, 159
336, 160
336, 161
336, 162
336, 163
336, 164
336, 165
336, 166
336, 167
336, 168
336, 169
336, 170
336, 171
336, 172
336, 173
336, 174
336, 175
336, 176
336, 177
336, 178
336, 179
336, 180
336, 181
336, 182
336, 183
336, 184
336, 185
336, 186
336, 187
336, 188
336, 189
336, 190
336, 191
336, 192
336, 193
336, 194
336, 195
336, 196
336, 197
336, 198
336, 199
336, 200
336, 201
336, 202
336, 203
336, 204
336, 205
336, 206
336, 207
336, 208
336, 209
336, 210
336, 211
336, 212
336, 213
336, 214
336, 215
336, 216
336, 217
336, 218
336, 219
336, 220
336, 221
336, 222
336, 223
337, 61
337, 62
337, 63
337, 64
337, 65
337, 66
337, 67
337, 68
337, 69
337, 70
337, 71
337, 72
337, 73
337, 74
337, 75
337, 76
337, 77
337, 78
337, 79
337, 80
337, 81
337, 82
337, 83
337, 84
337, 85
337, 86
337, 87
337, 88
337, 89
337, 90
337, 91
337, 92
337, 93
337, 94
337, 95
337, 96
337, 97
337, 98
337, 99
337, 100
337, 101
337, 102
337, 103
337, 104
337, 105
337, 106
337, 107
337, 108
337, 109
337, 110
337, 111
337, 112
337, 113
337, 114
337, 115
337, 116
337, 117
337, 118
337, 119
337, 120
337, 121
337, 122
337, 123
337, 124
337, 125
337, 126
337, 127
337, 128
337, 129
337, 130
337, 131
337, 132
337, 133
337, 134
337, 135
337, 136
337, 137
337, 138
337, 139
337, 140
337, 141
337, 142
337, 143
337, 144
337, 145
337, 146
337, 147
337, 148
337, 149
337, 150
337, 151
337, 152
337, 153
337, 154
337, 155
337, 156
337, 157
337, 158
337, 159
337, 160
337, 161
337, 162
337, 163
337, 164
337, 165
337, 166
337, 167
337, 168
337, 169
337, 170
337, 171
337, 172
337, 173
337, 174
337, 175
337, 176
337, 177
337, 178
337, 179
337, 180
337, 181
337, 182
337, 183
337, 184
337, 185
337, 186
337, 187
337, 188
337, 189
337, 190
337, 191
337, 192
337, 193
337, 194
337, 195
337, 196
337, 197
337, 198
337, 199
337, 200
337, 201
337, 202
337, 203
337, 204
337, 205
337, 206
337, 207
337, 208
337, 209
337, 210
337, 211
337, 212
337, 213
337, 214
337, 215
337, 216
337, 217
337, 218
337, 219
337, 220
337, 221
337, 222
338, 61
338, 62
338, 63
338, 64
338, 65
338, 66
338, 67
338, 68
338, 69
338, 70
338, 71
338, 72
338, 73
338, 74
338, 75
338, 76
338, 77
338, 78
338, 79
338, 80
338, 81
338, 82
338, 83
338, 84
338, 85
338, 86
338, 87
338, 88
338, 89
338, 90
338, 91
338, 92
338, 93
338, 94
338, 95
338, 96
338, 97
338, 98
338, 99
338, 100
338, 101
338, 102
338, 103
338, 104
338, 105
338, 106
338, 107
338, 108
338, 109
338, 110
338, 111
338, 112
338, 113
338, 114
338, 115
338, 116
338, 117
338, 118
338, 119
338, 120
338, 121
338, 122
338, 123
338, 124
338, 125
338, 126
338, 127
338, 128
338, 129
338, 130
338, 131
338, 132
338, 133
338, 134
338, 135
338, 136
338, 137
338, 138
338, 139
338, 140
338, 141
338, 142
338, 143
338, 144
338, 145
338, 146
338, 147
338, 148
338, 149
338, 150
338, 151
338, 152
338, 153
338, 154
338, 155
338, 156
338, 157
338, 158
338, 159
338, 160
338, 161
338, 162
338, 163
338, 164
338, 165
338, 166
338, 167
338, 168
338, 169
338, 170
338, 171
338, 172
338, 173
338, 174
338, 175
338, 176
338, 177
338, 178
338, 179
338, 180
338, 181
338, 182
338, 183
338, 184
338, 185
338, 186
338, 187
338, 188
338, 189
338, 190
338, 191
338, 192
338, 193
338, 194
338, 195
338, 196
338, 197
338, 198
338, 199
338, 200
338, 201
338, 202
338, 203
338, 204
338, 205
338, 206
338, 207
338, 208
338, 209
338, 210
338, 211
338, 212
338, 213
338, 214
338, 215
338, 216
338, 217
338, 218
338, 219
338, 220
338, 221
338, 222
339, 61
339, 62
339, 63
339, 64
339, 65
339, 66
339, 67
339, 68
339, 69
339, 70
339, 71
339, 72
339, 73
339, 74
339, 75
339, 76
339, 77
339, 78
339, 79
339, 80
339, 81
339, 82
339, 83
339, 84
339, 85
339, 86
339, 87
339, 88
339, 89
339, 90
339, 91
339, 92
339, 93
339, 94
339, 95
339, 96
339, 97
339, 98
339, 99
339, 100
339, 101
339, 102
339, 103
339, 104
339, 105
339, 106
339, 107
339, 108
339, 109
339, 110
339, 111
339, 112
339, 113
339, 114
339, 115
339, 116
339, 117
339, 118
339, 119
339, 120
339, 121
339, 122
339, 123
339, 124
339, 125
339, 126
339, 127
339, 128
339, 129
339, 130
339, 131
339, 132
339, 133
339, 134
339, 135
339, 136
339, 137
339, 138
339, 139
339, 140
339, 141
339, 142
339, 143
339, 144
339, 145
339, 146
339, 147
339, 148
339, 149
339, 150
339, 151
339, 152
339, 153
339, 154
339, 155
339, 156
339, 157
339, 158
339, 159
339, 160
339, 161
339, 162
339, 163
339, 164
339, 165
339, 166
339, 167
339, 168
339, 169
339, 170
339, 171
339, 172
339, 173
339, 174
339, 175
339, 176
339, 177
339, 178
339, 179
339, 180
339, 181
339, 182
339, 183
339, 184
339, 185
339, 186
339, 187
339, 188
339, 189
339, 190
339, 191
339, 192
339, 193
339, 194
339, 195
339, 196
339, 197
339, 198
339, 199
339, 200
339, 201
339, 202
339, 203
339, 204
339, 205
339, 206
339, 207
339, 208
339, 209
339, 210
339, 211
339, 212
339, 213
339, 214
339, 215
339, 216
339, 217
339, 218
339, 219
339, 220
339, 221
339, 222
340, 61
340, 62
340, 63
340, 64
340, 65
340, 66
340, 67
340, 68
340, 69
340, 70
340, 71
340, 72
340, 73
340, 74
340, 75
340, 76
340, 77
340, 78
340, 79
340, 80
340, 81
340, 82
340, 83
340, 84
340, 85
340, 86
340, 87
340, 88
340, 89
340, 90
340, 91
340, 92
340, 93
340, 94
340, 95
340, 96
340, 97
340, 98
340, 99
340, 100
340, 101
340, 102
340, 103
340, 104
340, 105
340, 106
340, 107
340, 108
340, 109
340, 110
340, 111
340, 112
340, 113
340, 114
340, 115
340, 116
340, 117
340, 118
340, 119
340, 120
340, 121
340, 122
340, 123
340, 124
340, 125
340, 126
340, 127
340, 128
340, 129
340, 130
340, 131
340, 132
340, 133
340, 134
340, 135
340, 136
340, 137
340, 138
340, 139
340, 140
340, 141
340, 142
340, 143
340, 144
340, 145
340, 146
340, 147
340, 148
340, 149
340, 150
340, 151
340, 152
340, 153
340, 154
340, 155
340, 156
340, 157
340, 158
340, 159
340, 160
340, 161
340, 162
340, 163
340, 164
340, 165
340, 166
340, 167
340, 168
340, 169
340, 170
340, 171
340, 172
340, 173
340, 174
340, 175
340, 176
340, 177
340, 178
340, 179
340, 180
340, 181
340, 182
340, 183
340, 184
340, 185
340, 186
340, 187
340, 188
340, 189
340, 190
340, 191
340, 192
340, 193
340, 194
340, 195
340, 196
340, 197
340, 198
340, 199
340, 200
340, 201
340, 202
340, 203
340, 204
340, 205
340, 206
340, 207
340, 208
340, 209
340, 210
340, 211
340, 212
340, 213
340, 214
340, 215
340, 216
340, 217
340, 218
340, 219
340, 220
340, 221
340, 222
341, 61
341, 62
341, 63
341, 64
341, 65
341, 66
341, 67
341, 68
341, 69
341, 70
341, 71
341, 72
341, 73
341, 74
341, 75
341, 76
341, 77
341, 78
341, 79
341, 80
341, 81
341, 82
341, 83
341, 84
341, 85
341, 86
341, 87
341, 88
341, 89
341, 90
341, 91
341, 92
341, 93
341, 94
341, 95
341, 96
341, 97
341, 98
341, 99
341, 100
341, 101
341, 102
341, 103
341, 104
341, 105
341, 106
341, 107
341, 108
341, 109
341, 110
341, 111
341, 112
341, 113
341, 114
341, 115
341, 116
341, 117
341, 118
341, 119
341, 120
341, 121
341, 122
341, 123
341, 124
341, 125
341, 126
341, 127
341, 128
341, 129
341, 130
341, 131
341, 132
341, 133
341, 134
341, 135
341, 136
341, 137
341, 138
341, 139
341, 140
341, 141
341, 142
341, 143
341, 144
341, 145
341, 146
341, 147
341, 148
341, 149
341, 150
341, 151
341, 152
341, 153
341, 154
341, 155
341, 156
341, 157
341, 158
341, 159
341, 160
341, 161
341, 162
341, 163
341, 164
341, 165
341, 166
341, 167
341, 168
341, 169
341, 170
341, 171
341, 172
341, 173
341, 174
341, 175
341, 176
341, 177
341, 178
341, 179
341, 180
341, 181
341, 182
341, 183
341, 184
341, 185
341, 186
341, 187
341, 188
341, 189
341, 190
341, 191
341, 192
341, 193
341, 194
341, 195
341, 196
341, 197
341, 198
341, 199
341, 200
341, 201
341, 202
341, 203
341, 204
341, 205
341, 206
341, 207
341, 208
341, 209
341, 210
341, 211
341, 212
341, 213
341, 214
341, 215
341, 216
341, 217
341, 218
341, 219
341, 220
341, 221
341, 222
342, 61
342, 62
342, 63
342, 64
342, 65
342, 66
342, 67
342, 68
342, 69
342, 70
342, 71
342, 72
342, 73
342, 74
342, 75
342, 76
342, 77
342, 78
342, 79
342, 80
342, 81
342, 82
342, 83
342, 84
342, 85
342, 86
342, 87
342, 88
342, 89
342, 90
342, 91
342, 92
342, 93
342, 94
342, 95
342, 96
342, 97
342, 98
342, 99
342, 100
342, 101
342, 102
342, 103
342, 104
342, 105
342, 106
342, 107
342, 108
342, 109
342, 110
342, 111
342, 112
342, 113
342, 114
342, 115
342, 116
342, 117
342, 118
342, 119
342, 120
342, 121
342, 122
342, 123
342, 124
342, 125
342, 126
342, 127
342, 128
342, 129
342, 130
342, 131
342, 132
342, 133
342, 134
342, 135
342, 136
342, 137
342, 138
342, 139
342, 140
342, 141
342, 142
342, 143
342, 144
342, 145
342, 146
342, 147
342, 148
342, 149
342, 150
342, 151
342, 152
342, 153
342, 154
342, 155
342, 156
342, 157
342, 158
342, 159
342, 160
342, 161
342, 162
342, 163
342, 164
342, 165
342, 166
342, 167
342, 168
342, 169
342, 170
342, 171
342, 172
342, 173
342, 174
342, 175
342, 176
342, 177
342, 178
342, 179
342, 180
342, 181
342, 182
342, 183
342, 184
342, 185
342, 186
342, 187
342, 188
342, 189
342, 190
342, 191
342, 192
342, 193
342, 194
342, 195
342, 196
342, 197
342, 198
342, 199
342, 200
342, 201
342, 202
342, 203
342, 204
342, 205
342, 206
342, 207
342, 208
342, 209
342, 210
342, 211
342, 212
342, 213
342, 214
342, 215
342, 216
342, 217
342, 218
342, 219
342, 220
342, 221
342, 222
343, 61
343, 62
343, 63
343, 64
343, 65
343, 66
343, 67
343, 68
343, 69
343, 70
343, 71
343, 72
343, 73
343, 74
343, 75
343, 76
343, 77
343, 78
343, 79
343, 80
343, 81
343, 82
343, 83
343, 84
343, 85
343, 86
343, 87
343, 88
343, 89
343, 90
343, 91
343, 92
343, 93
343, 94
343, 95
343, 96
343, 97
343, 98
343, 99
343, 100
343, 101
343, 102
343, 103
343, 104
343, 105
343, 106
343, 107
343, 108
343, 109
343, 110
343, 111
343, 112
343, 113
343, 114
343, 115
343, 116
343, 117
343, 118
343, 119
343, 120
343, 121
343, 122
343, 123
343, 124
343, 125
343, 126
343, 127
343, 128
343, 129
343, 130
343, 131
343, 132
343, 133
343, 134
343, 135
343, 136
343, 137
343, 138
343, 139
343, 140
343, 141
343, 142
343, 143
343, 144
343, 145
343, 146
343, 147
343, 148
343, 149
343, 150
343, 151
343, 152
343, 153
343, 154
343, 155
343, 156
343, 157
343, 158
343, 159
343, 160
343, 161
343, 162
343, 163
343, 164
343, 165
343, 166
343, 167
343, 168
343, 169
343, 170
343, 171
343, 172
343, 173
343, 174
343, 175
343, 176
343, 177
343, 178
343, 179
343, 180
343, 181
343, 182
343, 183
343, 184
343, 185
343, 186
343, 187
343, 188
343, 189
343, 190
343, 191
343, 192
343, 193
343, 194
343, 195
343, 196
343, 197
343, 198
343, 199
343, 200
343, 201
343, 202
343, 203
343, 204
343, 205
343, 206
343, 207
343, 208
343, 209
343, 210
343, 211
343, 212
343, 213
343, 214
343, 215
343, 216
343, 217
343, 218
343, 219
343, 220
343, 221
343, 222
343, 223
344, 61
344, 62
344, 63
344, 64
344, 65
344, 66
344, 67
344, 68
344, 69
344, 70
344, 71
344, 72
344, 73
344, 74
344, 75
344, 76
344, 77
344, 78
344, 79
344, 80
344, 81
344, 82
344, 83
344, 84
344, 85
344, 86
344, 87
344, 88
344, 89
344, 90
344, 91
344, 92
344, 93
344, 94
344, 95
344, 96
344, 97
344, 98
344, 99
344, 100
344, 101
344, 102
344, 103
344, 104
344, 105
344, 106
344, 107
344, 108
344, 109
344, 110
344, 111
344, 112
344, 113
344, 114
344, 115
344, 116
344, 117
344, 118
344, 119
344, 120
344, 121
344, 122
344, 123
344, 124
344, 125
344, 126
344, 127
344, 128
344, 129
344, 130
344, 131
344, 132
344, 133
344, 134
344, 135
344, 136
344, 137
344, 138
344, 139
344, 140
344, 141
344, 142
344, 143
344, 144
344, 145
344, 146
344, 147
344, 148
344, 149
344, 150
344, 151
344, 152
344, 153
344, 154
344, 155
344, 156
344, 157
344, 158
344, 159
344, 160
344, 161
344, 162
344, 163
344, 164
344, 165
344, 166
344, 167
344, 168
344, 169
344, 170
344, 171
344, 172
344, 173
344, 174
344, 175
344, 176
344, 177
344, 178
344, 179
344, 180
344, 181
344, 182
344, 183
344, 184
344, 185
344, 186
344, 187
344, 188
344, 189
344, 190
344, 191
344, 192
344, 193
344, 194
344, 195
344, 196
344, 197
344, 198
344, 199
344, 200
344, 201
344, 202
344, 203
344, 204
344, 205
344, 206
344, 207
344, 208
344, 209
344, 210
344, 211
344, 212
344, 213
344, 214
344, 215
344, 216
344, 217
344, 218
344, 219
344, 220
344, 221
344, 222
345, 62
345, 63
345, 64
345, 65
345, 66
345, 67
345, 68
345, 69
345, 70
345, 71
345, 72
345, 73
345, 74
345, 75
345, 76
345, 77
345, 78
345, 79
345, 80
345, 81
345, 82
345, 83
345, 84
345, 85
345, 86
345, 87
345, 88
345, 89
345, 90
345, 91
345, 92
345, 93
345, 94
345, 95
345, 96
345, 97
345, 98
345, 99
345, 100
345, 101
345, 102
345, 103
345, 104
345, 105
345, 106
345, 107
345, 108
345, 109
345, 110
345, 111
345, 112
345, 113
345, 114
345, 115
345, 116
345, 117
345, 118
345, 119
345, 120
345, 121
345, 122
345, 123
345, 124
345, 125
345, 126
345, 127
345, 128
345, 129
345, 130
345, 131
345, 132
345, 133
345, 134
345, 135
345, 136
345, 137
345, 138
345, 139
345, 140
345, 141
345, 142
345, 143
345, 144
345, 145
345, 146
345, 147
345, 148
345, 149
345, 150
345, 151
345, 152
345, 153
345, 154
345, 155
345, 156
345, 157
345, 158
345, 159
345, 160
345, 161
345, 162
345, 163
345, 164
345, 165
345, 166
345, 167
345, 168
345, 169
345, 170
345, 171
345, 172
345, 173
345, 174
345, 175
345, 176
345, 177
345, 178
345, 179
345, 180
345, 181
345, 182
345, 183
345, 184
345, 185
345, 186
345, 187
345, 188
345, 189
345, 190
345, 191
345, 192
345, 193
345, 194
345, 195
345, 196
345, 197
345, 198
345, 199
345, 200
345, 201
345, 202
345, 203
345, 204
345, 205
345, 206
345, 207
345, 208
345, 209
345, 210
345, 211
345, 212
345, 213
345, 214
345, 215
345, 216
345, 217
345, 218
345, 219
345, 220
345, 221
345, 222
346, 62
346, 63
346, 64
346, 65
346, 66
346, 67
346, 68
346, 69
346, 70
346, 71
346, 72
346, 73
346, 74
346, 75
346, 76
346, 77
346, 78
346, 79
346, 80
346, 81
346, 82
346, 83
346, 84
346, 85
346, 86
346, 87
346, 88
346, 89
346, 90
346, 91
346, 92
346, 93
346, 94
346, 95
346, 96
346, 97
346, 98
346, 99
346, 100
346, 101
346, 102
346, 103
346, 104
346, 105
346, 106
346, 107
346, 108
346, 109
346, 110
346, 111
346, 112
346, 113
346, 114
346, 115
346, 116
346, 117
346, 118
346, 119
346, 120
346, 121
346, 122
346, 123
346, 124
346, 125
346, 126
346, 127
346, 128
346, 129
346, 130
346, 131
346, 132
346, 133
346, 134
346, 135
346, 136
346, 137
346, 138
346, 139
346, 140
346, 141
346, 142
346, 143
346, 144
346, 145
346, 146
346, 147
346, 148
346, 149
346, 150
346, 151
346, 152
346, 153
346, 154
346, 155
346, 156
346, 157
346, 158
346, 159
346, 160
346, 161
346, 162
346, 163
346, 164
346, 165
346, 166
346, 167
346, 168
346, 169
346, 170
346, 171
346, 172
346, 173
346, 174
346, 175
346, 176
346, 177
346, 178
346, 179
346, 180
346, 181
346, 182
346, 183
346, 184
346, 185
346, 186
346, 187
346, 188
346, 189
346, 190
346, 191
346, 192
346, 193
346, 194
346, 195
346, 196
346, 197
346, 198
346, 199
346, 200
346, 201
346, 202
346, 203
346, 204
346, 205
346, 206
346, 207
346, 208
346, 209
346, 210
346, 211
346, 212
346, 213
346, 214
346, 215
346, 216
346, 217
346, 218
346, 219
346, 220
346, 221
346, 222
347, 62
347, 63
347, 64
347, 65
347, 66
347, 67
347, 68
347, 69
347, 70
347, 71
347, 72
347, 73
347, 74
347, 75
347, 76
347, 77
347, 78
347, 79
347, 80
347, 81
347, 82
347, 83
347, 84
347, 85
347, 86
347, 87
347, 88
347, 89
347, 90
347, 91
347, 92
347, 93
347, 94
347, 95
347, 96
347, 97
347, 98
347, 99
347, 100
347, 101
347, 102
347, 103
347, 104
347, 105
347, 106
347, 107
347, 108
347, 109
347, 110
347, 111
347, 112
347, 113
347, 114
347, 115
347, 116
347, 117
347, 118
347, 119
347, 120
347, 121
347, 122
347, 123
347, 124
347, 125
347, 126
347, 127
347, 128
347, 129
347, 130
347, 131
347, 132
347, 133
347, 134
347, 135
347, 136
347, 137
347, 138
347, 139
347, 140
347, 141
347, 142
347, 143
347, 144
347, 145
347, 146
347, 147
347, 148
347, 149
347, 150
347, 151
347, 152
347, 153
347, 154
347, 155
347, 156
347, 157
347, 158
347, 159
347, 160
347, 161
347, 162
347, 163
347, 164
347, 165
347, 166
347, 167
347, 168
347, 169
347, 170
347, 171
347, 172
347, 173
347, 174
347, 175
347, 176
347, 177
347, 178
347, 179
347, 180
347, 181
347, 182
347, 183
347, 184
347, 185
347, 186
347, 187
347, 188
347, 189
347, 190
347, 191
347, 192
347, 193
347, 194
347, 195
347, 196
347, 197
347, 198
347, 199
347, 200
347, 201
347, 202
347, 203
347, 204
347, 205
347, 206
347, 207
347, 208
347, 209
347, 210
347, 211
347, 212
347, 213
347, 214
347, 215
347, 216
347, 217
347, 218
347, 219
347, 220
347, 221
347, 222
348, 63
348, 64
348, 65
348, 66
348, 67
348, 68
348, 69
348, 70
348, 71
348, 72
348, 73
348, 74
348, 75
348, 76
348, 77
348, 78
348, 79
348, 80
348, 81
348, 82
348, 83
348, 84
348, 85
348, 86
348, 87
348, 88
348, 89
348, 90
348, 91
348, 92
348, 93
348, 94
348, 95
348, 96
348, 97
348, 98
348, 99
348, 100
348, 101
348, 102
348, 103
348, 104
348, 105
348, 106
348, 107
348, 108
348, 109
348, 110
348, 111
348, 112
348, 113
348, 114
348, 115
348, 116
348, 117
348, 118
348, 119
348, 120
348, 121
348, 122
348, 123
348, 124
348, 125
348, 126
348, 127
348, 128
348, 129
348, 130
348, 131
348, 132
348, 133
348, 134
348, 135
348, 136
348, 137
348, 138
348, 139
348, 140
348, 141
348, 142
348, 143
348, 144
348, 145
348, 146
348, 147
348, 148
348, 149
348, 150
348, 151
348, 152
348, 153
348, 154
348, 155
348, 156
348, 157
348, 158
348, 159
348, 160
348, 161
348, 162
348, 163
348, 164
348, 165
348, 166
348, 167
348, 168
348, 169
348, 170
348, 171
348, 172
348, 173
348, 174
348, 175
348, 176
348, 177
348, 178
348, 179
348, 180
348, 181
348, 182
348, 183
348, 184
348, 185
348, 186
348, 187
348, 188
348, 189
348, 190
348, 191
348, 192
348, 193
348, 194
348, 195
348, 196
348, 197
348, 198
348, 199
348, 200
348, 201
348, 202
348, 203
348, 204
348, 205
348, 206
348, 207
348, 208
348, 209
348, 210
348, 211
348, 212
348, 213
348, 214
348, 215
348, 216
348, 217
348, 218
348, 219
348, 220
348, 221
348, 222
348, 223
349, 63
349, 64
349, 65
349, 66
349, 67
349, 68
349, 69
349, 70
349, 71
349, 72
349, 73
349, 74
349, 75
349, 76
349, 77
349, 78
349, 79
349, 80
349, 81
349, 82
349, 83
349, 84
349, 85
349, 86
349, 87
349, 88
349, 89
349, 90
349, 91
349, 92
349, 93
349, 94
349, 95
349, 96
349, 97
349, 98
349, 99
349, 100
349, 101
349, 102
349, 103
349, 104
349, 105
349, 106
349, 107
349, 108
349, 109
349, 110
349, 111
349, 112
349, 113
349, 114
349, 115
349, 116
349, 117
349, 118
349, 119
349, 120
349, 121
349, 122
349, 123
349, 124
349, 125
349, 126
349, 127
349, 128
349, 129
349, 130
349, 131
349, 132
349, 133
349, 134
349, 135
349, 136
349, 137
349, 138
349, 139
349, 140
349, 141
349, 142
349, 143
349, 144
349, 145
349, 146
349, 147
349, 148
349, 149
349, 150
349, 151
349, 152
349, 153
349, 154
349, 155
349, 156
349, 157
349, 158
349, 159
349, 168
349, 169
349, 170
349, 171
349, 172
349, 173
349, 174
349, 175
349, 176
349, 177
349, 178
349, 179
349, 180
349, 181
349, 182
349, 183
349, 184
349, 185
349, 186
349, 187
349, 188
349, 189
349, 190
349, 191
349, 192
349, 193
349, 194
349, 195
349, 196
349, 197
349, 198
349, 199
349, 200
349, 201
349, 202
349, 203
349, 204
349, 205
349, 206
349, 207
349, 208
349, 209
349, 210
349, 211
349, 212
349, 213
349, 214
349, 215
349, 216
349, 217
349, 218
349, 219
349, 220
349, 221
349, 222
349, 223
350, 64
350, 65
350, 66
350, 67
350, 68
350, 69
350, 70
350, 71
350, 72
350, 73
350, 74
350, 75
350, 76
350, 77
350, 78
350, 79
350, 80
350, 81
350, 82
350, 83
350, 84
350, 85
350, 86
350, 87
350, 88
350, 89
350, 90
350, 91
350, 92
350, 93
350, 94
350, 95
350, 96
350, 97
350, 98
350, 99
350, 100
350, 101
350, 102
350, 103
350, 104
350, 105
350, 106
350, 107
350, 108
350, 109
350, 110
350, 111
350, 112
350, 113
350, 114
350, 115
350, 116
350, 117
350, 118
350, 119
350, 120
350, 121
350, 122
350, 123
350, 124
350, 125
350, 126
350, 127
350, 128
350, 129
350, 130
350, 131
350, 132
350, 133
350, 134
350, 135
350, 136
350, 137
350, 138
350, 139
350, 140
350, 141
350, 142
350, 143
350, 144
350, 145
350, 146
350, 147
350, 148
350, 149
350, 150
350, 151
350, 152
350, 153
350, 154
350, 155
350, 171
350, 172
350, 173
350, 174
350, 175
350, 176
350, 177
350, 178
350, 179
350, 180
350, 181
350, 182
350, 183
350, 184
350, 185
350, 186
350, 187
350, 188
350, 189
350, 190
350, 191
350, 192
350, 193
350, 194
350, 195
350, 196
350, 197
350, 198
350, 199
350, 200
350, 201
350, 202
350, 203
350, 204
350, 205
350, 206
350, 207
350, 208
350, 209
350, 210
350, 211
350, 212
350, 213
350, 214
350, 215
350, 216
350, 217
350, 218
350, 219
350, 220
350, 221
350, 222
350, 223
351, 67
351, 68
351, 69
351, 70
351, 71
351, 72
351, 73
351, 74
351, 75
351, 76
351, 77
351, 78
351, 79
351, 80
351, 81
351, 82
351, 83
351, 84
351, 85
351, 86
351, 87
351, 88
351, 89
351, 90
351, 91
351, 92
351, 93
351, 94
351, 95
351, 96
351, 97
351, 98
351, 99
351, 100
351, 101
351, 102
351, 103
351, 104
351, 105
351, 106
351, 107
351, 108
351, 109
351, 110
351, 111
351, 112
351, 113
351, 114
351, 115
351, 116
351, 117
351, 118
351, 119
351, 120
351, 121
351, 122
351, 123
351, 124
351, 125
351, 126
351, 127
351, 128
351, 129
351, 130
351, 131
351, 132
351, 133
351, 134
351, 135
351, 136
351, 137
351, 138
351, 139
351, 140
351, 141
351, 142
351, 143
351, 144
351, 145
351, 146
351, 147
351, 148
351, 149
351, 150
351, 151
351, 152
351, 153
351, 154
351, 171
351, 172
351, 173
351, 174
351, 175
351, 176
351, 177
351, 178
351, 179
351, 180
351, 181
351, 182
351, 183
351, 184
351, 185
351, 186
351, 187
351, 188
351, 189
351, 190
351, 191
351, 192
351, 193
351, 194
351, 195
351, 196
351, 197
351, 198
351, 199
351, 200
351, 201
351, 202
351, 203
351, 204
351, 205
351, 206
351, 207
351, 208
351, 209
351, 210
351, 211
351, 212
351, 213
351, 214
351, 215
351, 216
351, 217
351, 218
351, 219
351, 220
351, 221
351, 222
351, 223
351, 224
352, 71
352, 72
352, 73
352, 74
352, 75
352, 76
352, 77
352, 78
352, 79
352, 80
352, 81
352, 82
352, 83
352, 84
352, 85
352, 86
352, 87
352, 88
352, 89
352, 90
352, 91
352, 92
352, 93
352, 94
352, 95
352, 96
352, 97
352, 98
352, 99
352, 100
352, 101
352, 102
352, 103
352, 104
352, 105
352, 106
352, 107
352, 108
352, 109
352, 110
352, 111
352, 112
352, 113
352, 114
352, 115
352, 116
352, 117
352, 118
352, 119
352, 120
352, 121
352, 122
352, 123
352, 124
352, 125
352, 126
352, 127
352, 128
352, 129
352, 130
352, 131
352, 132
352, 133
352, 134
352, 135
352, 136
352, 137
352, 138
352, 139
352, 140
352, 141
352, 142
352, 143
352, 144
352, 145
352, 146
352, 147
352, 148
352, 149
352, 150
352, 151
352, 152
352, 153
352, 171
352, 172
352, 173
352, 174
352, 175
352, 176
352, 177
352, 178
352, 179
352, 180
352, 181
352, 182
352, 183
352, 184
352, 185
352, 186
352, 187
352, 188
352, 189
352, 190
352, 191
352, 192
352, 193
352, 194
352, 195
352, 196
352, 197
352, 198
352, 199
352, 200
352, 201
352, 202
352, 203
352, 204
352, 205
352, 206
352, 207
352, 208
352, 209
352, 210
352, 211
352, 212
352, 213
352, 214
352, 215
352, 216
352, 217
352, 218
352, 219
352, 220
352, 221
352, 222
352, 223
352, 224
353, 75
353, 76
353, 77
353, 78
353, 79
353, 80
353, 81
353, 82
353, 83
353, 84
353, 85
353, 86
353, 87
353, 88
353, 89
353, 90
353, 91
353, 92
353, 93
353, 94
353, 95
353, 96
353, 97
353, 98
353, 99
353, 100
353, 101
353, 102
353, 103
353, 104
353, 105
353, 106
353, 107
353, 108
353, 109
353, 110
353, 111
353, 112
353, 113
353, 114
353, 115
353, 116
353, 117
353, 118
353, 119
353, 120
353, 121
353, 122
353, 123
353, 124
353, 125
353, 126
353, 127
353, 128
353, 129
353, 130
353, 131
353, 132
353, 133
353, 134
353, 135
353, 136
353, 137
353, 138
353, 139
353, 140
353, 141
353, 142
353, 143
353, 144
353, 145
353, 146
353, 147
353, 148
353, 149
353, 150
353, 151
353, 170
353, 171
353, 172
353, 173
353, 174
353, 175
353, 176
353, 177
353, 178
353, 179
353, 180
353, 181
353, 182
353, 183
353, 184
353, 185
353, 186
353, 187
353, 188
353, 189
353, 190
353, 191
353, 192
353, 193
353, 194
353, 195
353, 196
353, 197
353, 198
353, 199
353, 200
353, 201
353, 202
353, 203
353, 204
353, 205
353, 206
353, 207
353, 208
353, 209
353, 210
353, 211
353, 212
353, 213
353, 214
353, 215
353, 216
353, 217
353, 218
353, 219
353, 220
353, 221
353, 222
353, 223
353, 224
354, 77
354, 78
354, 79
354, 80
354, 81
354, 82
354, 83
354, 84
354, 85
354, 86
354, 87
354, 88
354, 89
354, 90
354, 91
354, 92
354, 93
354, 94
354, 95
354, 96
354, 97
354, 98
354, 99
354, 100
354, 101
354, 102
354, 103
354, 104
354, 105
354, 106
354, 107
354, 108
354, 109
354, 110
354, 111
354, 112
354, 113
354, 114
354, 115
354, 116
354, 117
354, 118
354, 119
354, 120
354, 121
354, 122
354, 123
354, 124
354, 125
354, 126
354, 127
354, 128
354, 129
354, 130
354, 131
354, 132
354, 133
354, 134
354, 135
354, 136
354, 137
354, 138
354, 139
354, 140
354, 141
354, 142
354, 143
354, 144
354, 145
354, 146
354, 147
354, 170
354, 171
354, 172
354, 173
354, 174
354, 175
354, 176
354, 177
354, 178
354, 179
354, 180
354, 181
354, 182
354, 183
354, 184
354, 185
354, 186
354, 187
354, 188
354, 189
354, 190
354, 191
354, 192
354, 193
354, 194
354, 195
354, 196
354, 197
354, 198
354, 199
354, 200
354, 201
354, 202
354, 203
354, 204
354, 205
354, 206
354, 207
354, 208
354, 209
354, 210
354, 211
354, 212
354, 213
354, 214
354, 215
354, 216
354, 217
354, 218
354, 219
354, 220
354, 221
354, 222
354, 223
354, 224
354, 225
355, 79
355, 80
355, 81
355, 82
355, 83
355, 84
355, 85
355, 86
355, 87
355, 88
355, 89
355, 90
355, 91
355, 92
355, 93
355, 94
355, 95
355, 96
355, 97
355, 98
355, 99
355, 100
355, 101
355, 102
355, 103
355, 104
355, 105
355, 106
355, 107
355, 108
355, 109
355, 110
355, 111
355, 112
355, 113
355, 114
355, 115
355, 116
355, 117
355, 118
355, 119
355, 120
355, 121
355, 122
355, 123
355, 124
355, 125
355, 126
355, 127
355, 128
355, 129
355, 130
355, 131
355, 132
355, 133
355, 134
355, 135
355, 136
355, 137
355, 138
355, 139
355, 140
355, 141
355, 142
355, 143
355, 144
355, 145
355, 170
355, 171
355, 172
355, 173
355, 174
355, 175
355, 176
355, 177
355, 178
355, 179
355, 180
355, 181
355, 182
355, 183
355, 184
355, 185
355, 186
355, 187
355, 188
355, 189
355, 190
355, 191
355, 192
355, 193
355, 194
355, 195
355, 196
355, 197
355, 198
355, 199
355, 200
355, 201
355, 202
355, 203
355, 204
355, 205
355, 206
355, 207
355, 208
355, 209
355, 210
355, 211
355, 212
355, 213
355, 214
355, 215
355, 216
355, 217
355, 218
355, 219
355, 220
355, 221
355, 222
355, 223
355, 224
355, 225
356, 82
356, 83
356, 84
356, 85
356, 86
356, 87
356, 88
356, 89
356, 90
356, 91
356, 92
356, 93
356, 94
356, 95
356, 96
356, 97
356, 98
356, 99
356, 100
356, 101
356, 102
356, 103
356, 104
356, 105
356, 106
356, 107
356, 108
356, 109
356, 110
356, 111
356, 112
356, 113
356, 114
356, 115
356, 116
356, 117
356, 118
356, 119
356, 120
356, 121
356, 122
356, 123
356, 124
356, 125
356, 126
356, 127
356, 128
356, 129
356, 130
356, 131
356, 132
356, 133
356, 134
356, 135
356, 136
356, 137
356, 138
356, 139
356, 140
356, 141
356, 142
356, 143
356, 144
356, 171
356, 172
356, 173
356, 174
356, 175
356, 176
356, 177
356, 178
356, 179
356, 180
356, 181
356, 182
356, 183
356, 184
356, 185
356, 186
356, 187
356, 188
356, 189
356, 190
356, 191
356, 192
356, 193
356, 194
356, 195
356, 196
356, 197
356, 198
356, 199
356, 200
356, 201
356, 202
356, 203
356, 204
356, 205
356, 206
356, 207
356, 208
356, 209
356, 210
356, 211
356, 212
356, 213
356, 214
356, 215
356, 216
356, 217
356, 218
356, 219
356, 220
356, 221
356, 222
356, 223
356, 224
356, 225
357, 87
357, 88
357, 89
357, 90
357, 91
357, 92
357, 93
357, 94
357, 95
357, 96
357, 97
357, 98
357, 99
357, 100
357, 101
357, 102
357, 103
357, 104
357, 105
357, 106
357, 107
357, 108
357, 109
357, 110
357, 111
357, 112
357, 113
357, 114
357, 115
357, 116
357, 117
357, 118
357, 119
357, 120
357, 121
357, 122
357, 123
357, 124
357, 125
357, 126
357, 127
357, 128
357, 129
357, 130
357, 131
357, 132
357, 133
357, 134
357, 135
357, 136
357, 137
357, 138
357, 139
357, 140
357, 141
357, 142
357, 143
357, 171
357, 172
357, 173
357, 174
357, 175
357, 176
357, 177
357, 178
357, 179
357, 180
357, 181
357, 182
357, 183
357, 184
357, 185
357, 186
357, 187
357, 188
357, 189
357, 190
357, 191
357, 192
357, 193
357, 194
357, 195
357, 196
357, 197
357, 198
357, 199
357, 200
357, 201
357, 202
357, 203
357, 204
357, 205
357, 206
357, 207
357, 208
357, 209
357, 210
357, 211
357, 212
357, 213
357, 214
357, 215
357, 216
357, 217
357, 218
357, 219
357, 220
357, 221
357, 222
357, 223
357, 224
357, 225
358, 91
358, 92
358, 93
358, 94
358, 95
358, 96
358, 97
358, 98
358, 99
358, 100
358, 101
358, 102
358, 103
358, 104
358, 105
358, 106
358, 107
358, 108
358, 109
358, 110
358, 111
358, 112
358, 113
358, 114
358, 115
358, 116
358, 117
358, 118
358, 119
358, 120
358, 121
358, 122
358, 123
358, 124
358, 125
358, 126
358, 127
358, 128
358, 129
358, 130
358, 131
358, 132
358, 133
358, 134
358, 135
358, 136
358, 137
358, 138
358, 139
358, 140
358, 141
358, 142
358, 170
358, 171
358, 172
358, 173
358, 174
358, 175
358, 176
358, 177
358, 178
358, 179
358, 180
358, 181
358, 182
358, 183
358, 184
358, 185
358, 186
358, 187
358, 188
358, 189
358, 190
358, 191
358, 192
358, 193
358, 194
358, 195
358, 196
358, 197
358, 198
358, 199
358, 200
358, 201
358, 202
358, 203
358, 204
358, 205
358, 206
358, 207
358, 208
358, 209
358, 210
358, 211
358, 212
358, 213
358, 214
358, 215
358, 216
358, 217
358, 218
358, 219
358, 220
358, 221
358, 222
358, 223
358, 224
358, 225
359, 99
359, 100
359, 101
359, 102
359, 103
359, 104
359, 105
359, 106
359, 107
359, 108
359, 109
359, 110
359, 111
359, 112
359, 113
359, 114
359, 115
359, 116
359, 117
359, 118
359, 119
359, 120
359, 121
359, 122
359, 123
359, 124
359, 125
359, 126
359, 127
359, 128
359, 129
359, 130
359, 131
359, 132
359, 133
359, 134
359, 135
359, 136
359, 137
359, 138
359, 139
359, 140
359, 141
359, 142
359, 169
359, 170
359, 171
359, 172
359, 173
359, 174
359, 175
359, 176
359, 177
359, 178
359, 179
359, 180
359, 181
359, 182
359, 183
359, 184
359, 185
359, 186
359, 187
359, 188
359, 189
359, 190
359, 191
359, 192
359, 193
359, 194
359, 195
359, 196
359, 197
359, 198
359, 199
359, 200
359, 201
359, 202
359, 203
359, 204
359, 205
359, 206
359, 207
359, 208
359, 209
359, 210
359, 211
359, 212
359, 213
359, 214
359, 215
359, 216
359, 217
359, 218
359, 219
359, 220
359, 221
359, 222
359, 223
359, 224
359, 225
359, 226
360, 106
360, 107
360, 108
360, 109
360, 110
360, 111
360, 112
360, 113
360, 114
360, 115
360, 116
360, 117
360, 118
360, 119
360, 120
360, 121
360, 122
360, 123
360, 124
360, 125
360, 126
360, 127
360, 128
360, 129
360, 130
360, 131
360, 132
360, 133
360, 134
360, 135
360, 136
360, 137
360, 138
360, 139
360, 140
360, 141
360, 142
360, 167
360, 168
360, 169
360, 170
360, 171
360, 172
360, 173
360, 174
360, 175
360, 176
360, 177
360, 178
360, 179
360, 180
360, 181
360, 182
360, 183
360, 184
360, 185
360, 186
360, 187
360, 188
360, 189
360, 190
360, 191
360, 192
360, 193
360, 194
360, 195
360, 196
360, 197
360, 198
360, 199
360, 200
360, 201
360, 202
360, 203
360, 204
360, 205
360, 206
360, 207
360, 208
360, 209
360, 210
360, 211
360, 212
360, 213
360, 214
360, 215
360, 216
360, 217
360, 218
360, 219
360, 220
360, 221
360, 222
360, 223
360, 224
360, 225
360, 226
361, 109
361, 110
361, 111
361, 112
361, 113
361, 114
361, 115
361, 116
361, 117
361, 118
361, 119
361, 120
361, 121
361, 122
361, 123
361, 124
361, 125
361, 126
361, 127
361, 128
361, 129
361, 130
361, 131
361, 132
361, 133
361, 134
361, 135
361, 136
361, 137
361, 138
361, 139
361, 140
361, 141
361, 142
361, 164
361, 165
361, 166
361, 167
361, 168
361, 169
361, 170
361, 171
361, 172
361, 173
361, 174
361, 175
361, 176
361, 177
361, 178
361, 179
361, 180
361, 181
361, 182
361, 183
361, 184
361, 185
361, 186
361, 187
361, 188
361, 189
361, 190
361, 191
361, 192
361, 193
361, 194
361, 195
361, 196
361, 197
361, 198
361, 199
361, 200
361, 201
361, 202
361, 203
361, 204
361, 205
361, 206
361, 207
361, 208
361, 209
361, 210
361, 211
361, 212
361, 213
361, 214
361, 215
361, 216
361, 217
361, 218
361, 219
361, 220
361, 221
361, 222
361, 223
361, 224
361, 225
361, 226
362, 117
362, 118
362, 119
362, 120
362, 121
362, 122
362, 123
362, 124
362, 125
362, 126
362, 127
362, 128
362, 129
362, 130
362, 131
362, 132
362, 133
362, 134
362, 135
362, 136
362, 137
362, 138
362, 139
362, 140
362, 141
362, 164
362, 165
362, 166
362, 167
362, 168
362, 169
362, 170
362, 171
362, 172
362, 173
362, 174
362, 175
362, 176
362, 177
362, 178
362, 179
362, 180
362, 181
362, 182
362, 183
362, 184
362, 185
362, 186
362, 187
362, 188
362, 189
362, 190
362, 191
362, 192
362, 193
362, 194
362, 195
362, 196
362, 197
362, 198
362, 199
362, 200
362, 201
362, 202
362, 203
362, 204
362, 205
362, 206
362, 207
362, 208
362, 209
362, 210
362, 211
362, 212
362, 213
362, 214
362, 215
362, 216
362, 217
362, 218
362, 219
362, 220
362, 221
362, 222
362, 223
362, 224
362, 225
362, 226
363, 121
363, 122
363, 123
363, 124
363, 125
363, 126
363, 127
363, 128
363, 129
363, 130
363, 131
363, 132
363, 133
363, 134
363, 135
363, 136
363, 137
363, 138
363, 139
363, 164
363, 165
363, 166
363, 167
363, 168
363, 169
363, 170
363, 171
363, 172
363, 173
363, 174
363, 175
363, 176
363, 177
363, 178
363, 179
363, 180
363, 181
363, 182
363, 183
363, 184
363, 185
363, 186
363, 187
363, 188
363, 189
363, 190
363, 191
363, 192
363, 193
363, 194
363, 195
363, 196
363, 197
363, 198
363, 199
363, 200
363, 201
363, 202
363, 203
363, 204
363, 205
363, 206
363, 207
363, 208
363, 209
363, 210
363, 211
363, 212
363, 213
363, 214
363, 215
363, 216
363, 217
363, 218
363, 219
363, 220
363, 221
363, 222
363, 223
363, 224
363, 225
363, 226
364, 127
364, 128
364, 129
364, 130
364, 131
364, 163
364, 164
364, 165
364, 166
364, 167
364, 168
364, 169
364, 170
364, 171
364, 172
364, 173
364, 174
364, 175
364, 176
364, 177
364, 178
364, 179
364, 180
364, 181
364, 182
364, 183
364, 184
364, 185
364, 186
364, 187
364, 188
364, 189
364, 190
364, 191
364, 192
364, 193
364, 194
364, 195
364, 196
364, 197
364, 198
364, 199
364, 200
364, 201
364, 202
364, 203
364, 204
364, 205
364, 206
364, 207
364, 208
364, 209
364, 210
364, 211
364, 212
364, 213
364, 214
364, 215
364, 216
364, 217
364, 218
364, 219
364, 220
364, 221
364, 222
364, 223
364, 224
364, 225
364, 226
365, 129
365, 162
365, 163
365, 164
365, 165
365, 166
365, 167
365, 168
365, 169
365, 170
365, 171
365, 172
365, 173
365, 174
365, 175
365, 176
365, 177
365, 178
365, 179
365, 180
365, 181
365, 182
365, 183
365, 184
365, 185
365, 186
365, 187
365, 188
365, 189
365, 190
365, 191
365, 192
365, 193
365, 194
365, 195
365, 196
365, 197
365, 198
365, 199
365, 200
365, 201
365, 202
365, 203
365, 204
365, 205
365, 206
365, 207
365, 208
365, 209
365, 210
365, 211
365, 212
365, 213
365, 214
365, 215
365, 216
365, 217
365, 218
365, 219
365, 220
365, 221
365, 222
365, 223
365, 224
365, 225
365, 226
366, 129
366, 130
366, 131
366, 132
366, 133
366, 134
366, 135
366, 136
366, 137
366, 159
366, 160
366, 161
366, 162
366, 163
366, 164
366, 165
366, 166
366, 167
366, 168
366, 169
366, 170
366, 171
366, 172
366, 173
366, 174
366, 175
366, 176
366, 177
366, 178
366, 179
366, 180
366, 181
366, 182
366, 183
366, 184
366, 185
366, 186
366, 187
366, 188
366, 189
366, 190
366, 191
366, 192
366, 193
366, 194
366, 195
366, 196
366, 197
366, 198
366, 199
366, 200
366, 201
366, 202
366, 203
366, 204
366, 205
366, 206
366, 207
366, 208
366, 209
366, 210
366, 211
366, 212
366, 213
366, 214
366, 215
366, 216
366, 217
366, 218
366, 219
366, 220
366, 221
366, 222
366, 223
366, 224
366, 225
366, 226
367, 129
367, 130
367, 131
367, 132
367, 133
367, 134
367, 135
367, 136
367, 137
367, 138
367, 139
367, 140
367, 157
367, 158
367, 159
367, 160
367, 161
367, 162
367, 163
367, 164
367, 165
367, 166
367, 167
367, 168
367, 169
367, 170
367, 171
367, 172
367, 173
367, 174
367, 175
367, 176
367, 177
367, 178
367, 179
367, 180
367, 181
367, 182
367, 183
367, 184
367, 185
367, 186
367, 187
367, 188
367, 189
367, 190
367, 191
367, 192
367, 193
367, 194
367, 195
367, 196
367, 197
367, 198
367, 199
367, 200
367, 201
367, 202
367, 203
367, 204
367, 205
367, 206
367, 207
367, 208
367, 209
367, 210
367, 211
367, 212
367, 213
367, 214
367, 215
367, 216
367, 217
367, 218
367, 219
367, 220
367, 221
367, 222
367, 223
367, 224
367, 225
367, 226
368, 129
368, 130
368, 131
368, 132
368, 133
368, 134
368, 135
368, 136
368, 137
368, 138
368, 139
368, 140
368, 141
368, 156
368, 157
368, 158
368, 159
368, 160
368, 161
368, 162
368, 163
368, 164
368, 165
368, 166
368, 167
368, 168
368, 169
368, 170
368, 171
368, 172
368, 173
368, 174
368, 175
368, 176
368, 177
368, 178
368, 179
368, 180
368, 181
368, 182
368, 183
368, 184
368, 185
368, 186
368, 187
368, 188
368, 189
368, 190
368, 191
368, 192
368, 193
368, 194
368, 195
368, 196
368, 197
368, 198
368, 199
368, 200
368, 201
368, 202
368, 203
368, 204
368, 205
368, 206
368, 207
368, 208
368, 209
368, 210
368, 211
368, 212
368, 213
368, 214
368, 215
368, 216
368, 217
368, 218
368, 219
368, 220
368, 221
368, 222
368, 223
368, 224
368, 225
368, 226
369, 132
369, 133
369, 134
369, 135
369, 136
369, 137
369, 138
369, 139
369, 156
369, 157
369, 158
369, 159
369, 160
369, 161
369, 162
369, 163
369, 164
369, 165
369, 166
369, 167
369, 168
369, 169
369, 170
369, 171
369, 172
369, 173
369, 174
369, 175
369, 176
369, 177
369, 178
369, 179
369, 180
369, 181
369, 182
369, 183
369, 184
369, 185
369, 186
369, 187
369, 188
369, 189
369, 190
369, 191
369, 192
369, 193
369, 194
369, 195
369, 196
369, 197
369, 198
369, 199
369, 200
369, 201
369, 202
369, 203
369, 204
369, 205
369, 206
369, 207
369, 208
369, 209
369, 210
369, 211
369, 212
369, 213
369, 214
369, 215
369, 216
369, 217
369, 218
369, 219
369, 220
369, 221
369, 222
369, 223
369, 224
369, 225
369, 226
370, 156
370, 157
370, 158
370, 159
370, 160
370, 161
370, 162
370, 163
370, 164
370, 165
370, 166
370, 167
370, 168
370, 169
370, 170
370, 171
370, 172
370, 173
370, 174
370, 175
370, 176
370, 177
370, 178
370, 179
370, 180
370, 181
370, 182
370, 183
370, 184
370, 185
370, 186
370, 187
370, 188
370, 189
370, 190
370, 191
370, 192
370, 193
370, 194
370, 195
370, 196
370, 197
370, 198
370, 199
370, 200
370, 201
370, 202
370, 203
370, 204
370, 205
370, 206
370, 207
370, 208
370, 209
370, 210
370, 211
370, 212
370, 213
370, 214
370, 215
370, 216
370, 217
370, 218
370, 219
370, 220
370, 221
370, 222
370, 223
370, 224
370, 225
370, 226
371, 157
371, 158
371, 159
371, 160
371, 161
371, 162
371, 163
371, 164
371, 165
371, 166
371, 167
371, 168
371, 169
371, 170
371, 171
371, 172
371, 173
371, 174
371, 175
371, 176
371, 177
371, 178
371, 179
371, 180
371, 181
371, 182
371, 183
371, 184
371, 185
371, 186
371, 187
371, 188
371, 189
371, 190
371, 191
371, 192
371, 193
371, 194
371, 195
371, 196
371, 197
371, 198
371, 199
371, 200
371, 201
371, 202
371, 203
371, 204
371, 205
371, 206
371, 207
371, 208
371, 209
371, 210
371, 211
371, 212
371, 213
371, 214
371, 215
371, 216
371, 217
371, 218
371, 219
371, 220
371, 221
371, 222
371, 223
371, 224
371, 225
371, 226
372, 157
372, 158
372, 159
372, 160
372, 161
372, 162
372, 163
372, 164
372, 165
372, 166
372, 167
372, 168
372, 169
372, 170
372, 171
372, 172
372, 173
372, 174
372, 175
372, 176
372, 177
372, 178
372, 179
372, 180
372, 181
372, 182
372, 183
372, 184
372, 185
372, 186
372, 187
372, 188
372, 189
372, 190
372, 191
372, 192
372, 193
372, 194
372, 195
372, 196
372, 197
372, 198
372, 199
372, 200
372, 201
372, 202
372, 203
372, 204
372, 205
372, 206
372, 207
372, 208
372, 209
372, 210
372, 211
372, 212
372, 213
372, 214
372, 215
372, 216
372, 217
372, 218
372, 219
372, 220
372, 221
372, 222
372, 223
372, 224
372, 225
372, 226
373, 157
373, 158
373, 159
373, 160
373, 161
373, 162
373, 163
373, 164
373, 165
373, 166
373, 167
373, 168
373, 169
373, 170
373, 171
373, 172
373, 173
373, 174
373, 175
373, 176
373, 177
373, 178
373, 179
373, 180
373, 181
373, 182
373, 183
373, 184
373, 185
373, 186
373, 187
373, 188
373, 189
373, 190
373, 191
373, 192
373, 193
373, 194
373, 195
373, 196
373, 197
373, 198
373, 199
373, 200
373, 201
373, 202
373, 203
373, 204
373, 205
373, 206
373, 207
373, 208
373, 209
373, 210
373, 211
373, 212
373, 213
373, 214
373, 215
373, 216
373, 217
373, 218
373, 219
373, 220
373, 221
373, 222
373, 223
373, 224
373, 225
373, 226
374, 156
374, 157
374, 158
374, 159
374, 160
374, 161
374, 162
374, 163
374, 164
374, 165
374, 166
374, 167
374, 168
374, 169
374, 170
374, 171
374, 172
374, 173
374, 174
374, 175
374, 176
374, 177
374, 178
374, 179
374, 180
374, 181
374, 182
374, 183
374, 184
374, 185
374, 186
374, 187
374, 188
374, 189
374, 190
374, 191
374, 192
374, 193
374, 194
374, 195
374, 196
374, 197
374, 198
374, 199
374, 200
374, 201
374, 202
374, 203
374, 204
374, 205
374, 206
374, 207
374, 208
374, 209
374, 210
374, 211
374, 212
374, 213
374, 214
374, 215
374, 216
374, 217
374, 218
374, 219
374, 220
374, 221
374, 222
374, 223
374, 224
374, 225
374, 226
375, 156
375, 157
375, 158
375, 159
375, 160
375, 161
375, 162
375, 163
375, 164
375, 165
375, 166
375, 167
375, 168
375, 169
375, 170
375, 171
375, 172
375, 173
375, 174
375, 175
375, 176
375, 177
375, 178
375, 179
375, 180
375, 181
375, 182
375, 183
375, 184
375, 185
375, 186
375, 187
375, 188
375, 189
375, 190
375, 191
375, 192
375, 193
375, 194
375, 195
375, 196
375, 197
375, 198
375, 199
375, 200
375, 201
375, 202
375, 203
375, 204
375, 205
375, 206
375, 207
375, 208
375, 209
375, 210
375, 211
375, 212
375, 213
375, 214
375, 215
375, 216
375, 217
375, 218
375, 219
375, 220
375, 221
375, 222
375, 223
375, 224
375, 225
375, 226
376, 158
376, 159
376, 160
376, 161
376, 162
376, 163
376, 164
376, 165
376, 166
376, 167
376, 168
376, 169
376, 170
376, 171
376, 172
376, 173
376, 174
376, 175
376, 176
376, 177
376, 178
376, 179
376, 180
376, 181
376, 182
376, 183
376, 184
376, 185
376, 186
376, 187
376, 188
376, 189
376, 190
376, 191
376, 192
376, 193
376, 194
376, 195
376, 196
376, 197
376, 198
376, 199
376, 200
376, 201
376, 202
376, 203
376, 204
376, 205
376, 206
376, 207
376, 208
376, 209
376, 210
376, 211
376, 212
376, 213
376, 214
376, 215
376, 216
376, 217
376, 218
376, 219
376, 220
376, 221
376, 222
376, 223
376, 224
376, 225
376, 226
377, 164
377, 165
377, 179
377, 180
377, 181
377, 182
377, 183
377, 184
377, 185
377, 186
377, 187
377, 188
377, 189
377, 190
377, 191
377, 192
377, 193
377, 194
377, 195
377, 196
377, 197
377, 198
377, 199
377, 200
377, 201
377, 202
377, 203
377, 204
377, 205
377, 206
377, 207
377, 208
377, 209
377, 210
377, 211
377, 212
377, 213
377, 214
377, 215
377, 216
377, 217
377, 218
377, 219
377, 220
377, 221
377, 222
377, 223
377, 224
377, 225
378, 190
378, 191
378, 192
378, 193
378, 194
378, 195
378, 196
378, 197
378, 198
378, 199
378, 200
378, 201
378, 202
378, 203
378, 204
378, 205
378, 206
378, 207
378, 208
378, 209
378, 210
378, 211
378, 212
378, 213
378, 214
378, 215
378, 216
378, 217
378, 218
378, 219
378, 220
378, 221
378, 222
378, 223
378, 224
379, 201
379, 202
379, 203
379, 204
379, 205
379, 206
379, 207
379, 208
379, 209
379, 210
379, 211
379, 212
379, 213
379, 214
379, 215
379, 216
379, 217
379, 218
379, 219
379, 220
379, 221
379, 222
