118, 54
118, 55
118, 56
118, 57
118, 58
118, 59
118, 60
118, 73
118, 74
118, 75
119, 53
119, 54
119, 55
119, 56
119, 57
119, 58
119, 59
119, 60
119, 61
119, 62
119, 63
119, 64
119, 65
119, 66
119, 67
119, 68
119, 69
119, 70
119, 71
119, 72
119, 73
119, 74
119, 75
119, 76
119, 77
120, 52
120, 53
120, 54
120, 55
120, 56
120, 57
120, 58
120, 59
120, 60
120, 61
120, 62
120, 63
120, 64
120, 65
120, 66
120, 67
120, 68
120, 69
120, 70
120, 71
120, 72
120, 73
120, 74
120, 75
120, 76
120, 77
120, 78
121, 25
121, 26
121, 27
121, 28
121, 29
121, 30
121, 31
121, 32
121, 33
121, 34
121, 48
121, 49
121, 50
121, 51
121, 52
121, 53
121, 54
121, 55
121, 56
121, 57
121, 58
121, 59
121, 60
121, 61
121, 62
121, 63
121, 64
121, 65
121, 66
121, 67
121, 68
121, 69
121, 70
121, 71
121, 72
121, 73
121, 74
121, 75
121, 76
121, 77
121, 78
121, 79
122, 24
122, 25
122, 26
122, 27
122, 28
122, 29
122, 30
122, 31
122, 32
122, 33
122, 34
122, 35
122, 36
122, 37
122, 38
122, 39
122, 40
122, 41
122, 46
122, 47
122, 48
122, 49
122, 50
122, 51
122, 52
122, 53
122, 54
122, 55
122, 56
122, 57
122, 58
122, 59
122, 60
122, 61
122, 62
122, 63
122, 64
122, 65
122, 66
122, 67
122, 68
122, 69
122, 70
122, 71
122, 72
122, 73
122, 74
122, 75
122, 76
122, 77
122, 78
122, 79
122, 80
123, 23
123, 24
123, 25
123, 26
123, 27
123, 28
123, 29
123, 30
123, 31
123, 32
123, 33
123, 34
123, 35
123, 36
123, 37
123, 38
123, 39
123, 40
123, 41
123, 42
123, 43
123, 44
123, 45
123, 46
123, 47
123, 48
123, 49
123, 50
123, 51
123, 52
123, 53
123, 54
123, 55
123, 56
123, 57
123, 58
123, 59
123, 60
123, 61
123, 62
123, 63
123, 64
123, 65
123, 66
123, 67
123, 68
123, 69
123, 70
123, 71
123, 72
123, 73
123, 74
123, 75
123, 76
123, 77
123, 78
123, 79
123, 80
124, 23
124, 24
124, 25
124, 26
124, 27
124, 28
124, 29
124, 30
124, 31
124, 32
124, 33
124, 34
124, 35
124, 36
124, 37
124, 38
124, 39
124, 40
124, 41
124, 42
124, 43
124, 44
124, 45
124, 46
124, 47
124, 48
124, 49
124, 50
124, 51
124, 52
124, 53
124, 54
124, 55
124, 56
124, 57
124, 58
124, 59
124, 60
124, 61
124, 62
124, 63
124, 64
124, 65
124, 66
124, 67
124, 68
124, 69
124, 70
124, 71
124, 72
124, 73
124, 74
124, 75
124, 76
124, 77
124, 78
124, 79
124, 80
125, 22
125, 23
125, 24
125, 25
125, 26
125, 27
125, 28
125, 29
125, 30
125, 31
125, 32
125, 33
125, 34
125, 35
125, 36
125, 37
125, 38
125, 39
125, 40
125, 41
125, 42
125, 43
125, 44
125, 45
125, 46
125, 47
125, 48
125, 49
125, 50
125, 51
125, 52
125, 53
125, 54
125, 55
125, 56
125, 57
125, 58
125, 59
125, 60
125, 61
125, 62
125, 63
125, 64
125, 65
125, 66
125, 67
125, 68
125, 69
125, 70
125, 71
125, 72
125, 73
125, 74
125, 75
125, 76
125, 77
125, 78
125, 79
125, 80
125, 81
126, 22
126, 23
126, 24
126, 25
126, 26
126, 27
126, 28
126, 29
126, 30
126, 31
126, 32
126, 33
126, 34
126, 35
126, 36
126, 37
126, 38
126, 39
126, 40
126, 41
126, 42
126, 43
126, 44
126, 45
126, 46
126, 47
126, 48
126, 49
126, 50
126, 51
126, 52
126, 53
126, 54
126, 55
126, 56
126, 57
126, 58
126, 59
126, 60
126, 61
126, 62
126, 63
126, 64
126, 65
126, 66
126, 67
126, 68
126, 69
126, 70
126, 71
126, 72
126, 73
126, 74
126, 75
126, 76
126, 77
126, 78
126, 79
126, 80
126, 81
127, 22
127, 23
127, 24
127, 25
127, 26
127, 27
127, 28
127, 29
127, 30
127, 31
127, 32
127, 33
127, 34
127, 35
127, 36
127, 37
127, 38
127, 39
127, 40
127, 41
127, 42
127, 43
127, 44
127, 45
127, 46
127, 47
127, 48
127, 49
127, 50
127, 51
127, 52
127, 53
127, 54
127, 55
127, 56
127, 57
127, 58
127, 59
127, 60
127, 61
127, 62
127, 63
127, 64
127, 65
127, 66
127, 67
127, 68
127, 69
127, 70
127, 71
127, 72
127, 73
127, 74
127, 75
127, 76
127, 77
127, 78
127, 79
127, 80
127, 81
127, 82
128, 21
128, 22
128, 23
128, 24
128, 25
128, 26
128, 27
128, 28
128, 29
128, 30
128, 31
128, 32
128, 33
128, 34
128, 35
128, 36
128, 37
128, 38
128, 39
128, 40
128, 41
128, 42
128, 43
128, 44
128, 45
128, 46
128, 47
128, 48
128, 49
128, 50
128, 51
128, 52
128, 53
128, 54
128, 55
128, 56
128, 57
128, 58
128, 59
128, 60
128, 61
128, 62
128, 63
128, 64
128, 65
128, 66
128, 67
128, 68
128, 69
128, 70
128, 71
128, 72
128, 73
128, 74
128, 75
128, 76
128, 77
128, 78
128, 79
128, 80
128, 81
128, 82
129, 21
129, 22
129, 23
129, 24
129, 25
129, 26
129, 27
129, 28
129, 29
129, 30
129, 31
129, 32
129, 33
129, 34
129, 35
129, 36
129, 37
129, 38
129, 39
129, 40
129, 41
129, 42
129, 43
129, 44
129, 45
129, 46
129, 47
129, 48
129, 49
129, 50
129, 51
129, 52
129, 53
129, 54
129, 55
129, 56
129, 57
129, 58
129, 59
129, 60
129, 61
129, 62
129, 63
129, 64
129, 65
129, 66
129, 67
129, 68
129, 69
129, 70
129, 71
129, 72
129, 73
129, 74
129, 75
129, 76
129, 77
129, 78
129, 79
129, 80
129, 81
129, 82
129, 83
130, 21
130, 22
130, 23
130, 24
130, 25
130, 26
130, 27
130, 28
130, 29
130, 30
130, 31
130, 32
130, 33
130, 34
130, 35
130, 36
130, 37
130, 38
130, 39
130, 40
130, 41
130, 42
130, 43
130, 44
130, 45
130, 46
130, 47
130, 48
130, 49
130, 50
130, 51
130, 52
130, 53
130, 54
130, 55
130, 56
130, 57
130, 58
130, 59
130, 60
130, 61
130, 62
130, 63
130, 64
130, 65
130, 66
130, 67
130, 68
130, 69
130, 70
130, 71
130, 72
130, 73
130, 74
130, 75
130, 76
130, 77
130, 78
130, 79
130, 80
130, 81
130, 82
130, 83
131, 21
131, 22
131, 23
131, 24
131, 25
131, 26
131, 27
131, 28
131, 29
131, 30
131, 31
131, 32
131, 33
131, 34
131, 35
131, 36
131, 37
131, 38
131, 39
131, 40
131, 41
131, 42
131, 43
131, 44
131, 45
131, 46
131, 47
131, 48
131, 49
131, 50
131, 51
131, 52
131, 53
131, 54
131, 55
131, 56
131, 57
131, 58
131, 59
131, 60
131, 61
131, 62
131, 63
131, 64
131, 65
131, 66
131, 67
131, 68
131, 69
131, 70
131, 71
131, 72
131, 73
131, 74
131, 75
131, 76
131, 77
131, 78
131, 79
131, 80
131, 81
131, 82
131, 83
132, 20
132, 21
132, 22
132, 23
132, 24
132, 25
132, 26
132, 27
132, 28
132, 29
132, 30
132, 31
132, 32
132, 33
132, 34
132, 35
132, 36
132, 37
132, 38
132, 39
132, 40
132, 41
132, 42
132, 43
132, 44
132, 45
132, 46
132, 47
132, 48
132, 49
132, 50
132, 51
132, 52
132, 53
132, 54
132, 55
132, 56
132, 57
132, 58
132, 59
132, 60
132, 61
132, 62
132, 63
132, 64
132, 65
132, 66
132, 67
132, 68
132, 69
132, 70
132, 71
132, 72
132, 73
132, 74
132, 75
132, 76
132, 77
132, 78
132, 79
132, 80
132, 81
132, 82
132, 83
132, 84
133, 20
133, 21
133, 22
133, 23
133, 24
133, 25
133, 26
133, 27
133, 28
133, 29
133, 30
133, 31
133, 32
133, 33
133, 34
133, 35
133, 36
133, 37
133, 38
133, 39
133, 40
133, 41
133, 42
133, 43
133, 44
133, 45
133, 46
133, 47
133, 48
133, 49
133, 50
133, 51
133, 52
133, 53
133, 54
133, 55
133, 56
133, 57
133, 58
133, 59
133, 60
133, 61
133, 62
133, 63
133, 64
133, 65
133, 66
133, 67
133, 68
133, 69
133, 70
133, 71
133, 72
133, 73
133, 74
133, 75
133, 76
133, 77
133, 78
133, 79
133, 80
133, 81
133, 82
133, 83
133, 84
134, 20
134, 21
134, 22
134, 23
134, 24
134, 25
134, 26
134, 27
134, 28
134, 29
134, 30
134, 31
134, 32
134, 33
134, 34
134, 35
134, 36
134, 37
134, 38
134, 39
134, 40
134, 41
134, 42
134, 43
134, 44
134, 45
134, 46
134, 47
134, 48
134, 49
134, 50
134, 51
134, 52
134, 53
134, 54
134, 55
134, 56
134, 57
134, 58
134, 59
134, 60
134, 61
134, 62
134, 63
134, 64
134, 65
134, 66
134, 67
134, 68
134, 69
134, 70
134, 71
134, 72
134, 73
134, 74
134, 75
134, 76
134, 77
134, 78
134, 79
134, 80
134, 81
134, 82
134, 83
134, 84
134, 85
135, 19
135, 20
135, 21
135, 22
135, 23
135, 24
135, 25
135, 26
135, 27
135, 28
135, 29
135, 30
135, 31
135, 32
135, 33
135, 34
135, 35
135, 36
135, 37
135, 38
135, 39
135, 40
135, 41
135, 42
135, 43
135, 44
135, 45
135, 46
135, 47
135, 48
135, 49
135, 50
135, 51
135, 52
135, 53
135, 54
135, 55
135, 56
135, 57
135, 58
135, 59
135, 60
135, 61
135, 62
135, 63
135, 64
135, 65
135, 66
135, 67
135, 68
135, 69
135, 70
135, 71
135, 72
135, 73
135, 74
135, 75
135, 76
135, 77
135, 78
135, 79
135, 80
135, 81
135, 82
135, 83
135, 84
135, 85
136, 19
136, 20
136, 21
136, 22
136, 23
136, 24
136, 25
136, 26
136, 27
136, 28
136, 29
136, 30
136, 31
136, 32
136, 33
136, 34
136, 35
136, 36
136, 37
136, 38
136, 39
136, 40
136, 41
136, 42
136, 43
136, 44
136, 45
136, 46
136, 47
136, 48
136, 49
136, 50
136, 51
136, 52
136, 53
136, 54
136, 55
136, 56
136, 57
136, 58
136, 59
136, 60
136, 61
136, 62
136, 63
136, 64
136, 65
136, 66
136, 67
136, 68
136, 69
136, 70
136, 71
136, 72
136, 73
136, 74
136, 75
136, 76
136, 77
136, 78
136, 79
136, 80
136, 81
136, 82
136, 83
136, 84
136, 85
136, 86
137, 19
137, 20
137, 21
137, 22
137, 23
137, 24
137, 25
137, 26
137, 27
137, 28
137, 29
137, 30
137, 31
137, 32
137, 33
137, 34
137, 35
137, 36
137, 37
137, 38
137, 39
137, 40
137, 41
137, 42
137, 43
137, 44
137, 45
137, 46
137, 47
137, 48
137, 49
137, 50
137, 51
137, 52
137, 53
137, 54
137, 55
137, 56
137, 57
137, 58
137, 59
137, 60
137, 61
137, 62
137, 63
137, 64
137, 65
137, 66
137, 67
137, 68
137, 69
137, 70
137, 71
137, 72
137, 73
137, 74
137, 75
137, 76
137, 77
137, 78
137, 79
137, 80
137, 81
137, 82
137, 83
137, 84
137, 85
137, 86
138, 18
138, 19
138, 20
138, 21
138, 22
138, 23
138, 24
138, 25
138, 26
138, 27
138, 28
138, 29
138, 30
138, 31
138, 32
138, 33
138, 34
138, 35
138, 36
138, 37
138, 38
138, 39
138, 40
138, 41
138, 42
138, 43
138, 44
138, 45
138, 46
138, 47
138, 48
138, 49
138, 50
138, 51
138, 52
138, 53
138, 54
138, 55
138, 56
138, 57
138, 58
138, 59
138, 60
138, 61
138, 62
138, 63
138, 64
138, 65
138, 66
138, 67
138, 68
138, 69
138, 70
138, 71
138, 72
138, 73
138, 74
138, 75
138, 76
138, 77
138, 78
138, 79
138, 80
138, 81
138, 82
138, 83
138, 84
138, 85
138, 86
139, 18
139, 19
139, 20
139, 21
139, 22
139, 23
139, 24
139, 25
139, 26
139, 27
139, 28
139, 29
139, 30
139, 31
139, 32
139, 33
139, 34
139, 35
139, 36
139, 37
139, 38
139, 39
139, 40
139, 41
139, 42
139, 43
139, 44
139, 45
139, 46
139, 47
139, 48
139, 49
139, 50
139, 51
139, 52
139, 53
139, 54
139, 55
139, 56
139, 57
139, 58
139, 59
139, 60
139, 61
139, 62
139, 63
139, 64
139, 65
139, 66
139, 67
139, 68
139, 69
139, 70
139, 71
139, 72
139, 73
139, 74
139, 75
139, 76
139, 77
139, 78
139, 79
139, 80
139, 81
139, 82
139, 83
139, 84
139, 85
139, 86
139, 87
140, 18
140, 19
140, 20
140, 21
140, 22
140, 23
140, 24
140, 25
140, 26
140, 27
140, 28
140, 29
140, 30
140, 31
140, 32
140, 33
140, 34
140, 35
140, 36
140, 37
140, 38
140, 39
140, 40
140, 41
140, 42
140, 43
140, 44
140, 45
140, 46
140, 47
140, 48
140, 49
140, 50
140, 51
140, 52
140, 53
140, 54
140, 55
140, 56
140, 57
140, 58
140, 59
140, 60
140, 61
140, 62
140, 63
140, 64
140, 65
140, 66
140, 67
140, 68
140, 69
140, 70
140, 71
140, 72
140, 73
140, 74
140, 75
140, 76
140, 77
140, 78
140, 79
140, 80
140, 81
140, 82
140, 83
140, 84
140, 85
140, 86
140, 87
141, 18
141, 19
141, 20
141, 21
141, 22
141, 23
141, 24
141, 25
141, 26
141, 27
141, 28
141, 29
141, 30
141, 31
141, 32
141, 33
141, 34
141, 35
141, 36
141, 37
141, 38
141, 39
141, 40
141, 41
141, 42
141, 43
141, 44
141, 45
141, 46
141, 47
141, 48
141, 49
141, 50
141, 51
141, 52
141, 53
141, 54
141, 55
141, 56
141, 57
141, 58
141, 59
141, 60
141, 61
141, 62
141, 63
141, 64
141, 65
141, 66
141, 67
141, 68
141, 69
141, 70
141, 71
141, 72
141, 73
141, 74
141, 75
141, 76
141, 77
141, 78
141, 79
141, 80
141, 81
141, 82
141, 83
141, 84
141, 85
141, 86
141, 87
141, 88
142, 17
142, 18
142, 19
142, 20
142, 21
142, 22
142, 23
142, 24
142, 25
142, 26
142, 27
142, 28
142, 29
142, 30
142, 31
142, 32
142, 33
142, 34
142, 35
142, 36
142, 37
142, 38
142, 39
142, 40
142, 41
142, 42
142, 43
142, 44
142, 45
142, 46
142, 47
142, 48
142, 49
142, 50
142, 51
142, 52
142, 53
142, 54
142, 55
142, 56
142, 57
142, 58
142, 59
142, 60
142, 61
142, 62
142, 63
142, 64
142, 65
142, 66
142, 67
142, 68
142, 69
142, 70
142, 71
142, 72
142, 73
142, 74
142, 75
142, 76
142, 77
142, 78
142, 79
142, 80
142, 81
142, 82
142, 83
142, 84
142, 85
142, 86
142, 87
142, 88
143, 17
143, 18
143, 19
143, 20
143, 21
143, 22
143, 23
143, 24
143, 25
143, 26
143, 27
143, 28
143, 29
143, 30
143, 31
143, 32
143, 33
143, 34
143, 35
143, 36
143, 37
143, 38
143, 39
143, 40
143, 41
143, 42
143, 43
143, 44
143, 45
143, 46
143, 47
143, 48
143, 49
143, 50
143, 51
143, 52
143, 53
143, 54
143, 55
143, 56
143, 57
143, 58
143, 59
143, 60
143, 61
143, 62
143, 63
143, 64
143, 65
143, 66
143, 67
143, 68
143, 69
143, 70
143, 71
143, 72
143, 73
143, 74
143, 75
143, 76
143, 77
143, 78
143, 79
143, 80
143, 81
143, 82
143, 83
143, 84
143, 85
143, 86
143, 87
143, 88
144, 17
144, 18
144, 19
144, 20
144, 21
144, 22
144, 23
144, 24
144, 25
144, 26
144, 27
144, 28
144, 29
144, 30
144, 31
144, 32
144, 33
144, 34
144, 35
144, 36
144, 37
144, 38
144, 39
144, 40
144, 41
144, 42
144, 43
144, 44
144, 45
144, 46
144, 47
144, 48
144, 49
144, 50
144, 51
144, 52
144, 53
144, 54
144, 55
144, 56
144, 57
144, 58
144, 59
144, 60
144, 61
144, 62
144, 63
144, 64
144, 65
144, 66
144, 67
144, 68
144, 69
144, 70
144, 71
144, 72
144, 73
144, 74
144, 75
144, 76
144, 77
144, 78
144, 79
144, 80
144, 81
144, 82
144, 83
144, 84
144, 85
144, 86
144, 87
144, 88
145, 17
145, 18
145, 19
145, 20
145, 21
145, 22
145, 23
145, 24
145, 25
145, 26
145, 27
145, 28
145, 29
145, 30
145, 31
145, 32
145, 33
145, 34
145, 35
145, 36
145, 37
145, 38
145, 39
145, 40
145, 41
145, 42
145, 43
145, 44
145, 45
145, 46
145, 47
145, 48
145, 49
145, 50
145, 51
145, 52
145, 53
145, 54
145, 55
145, 56
145, 57
145, 58
145, 59
145, 60
145, 61
145, 62
145, 63
145, 64
145, 65
145, 66
145, 67
145, 68
145, 69
145, 70
145, 71
145, 72
145, 73
145, 74
145, 75
145, 76
145, 77
145, 78
145, 79
145, 80
145, 81
145, 82
145, 83
145, 84
145, 85
145, 86
145, 87
145, 88
146, 17
146, 18
146, 19
146, 20
146, 21
146, 22
146, 23
146, 24
146, 25
146, 26
146, 27
146, 28
146, 29
146, 30
146, 31
146, 32
146, 33
146, 34
146, 35
146, 36
146, 37
146, 38
146, 39
146, 40
146, 41
146, 42
146, 43
146, 44
146, 49
146, 50
146, 51
146, 52
146, 53
146, 54
146, 55
146, 56
146, 57
146, 58
146, 59
146, 60
146, 61
146, 62
146, 63
146, 64
146, 65
146, 66
146, 67
146, 68
146, 69
146, 70
146, 71
146, 72
146, 73
146, 74
146, 75
146, 76
146, 77
146, 78
146, 79
146, 80
146, 81
146, 82
146, 83
146, 84
146, 85
146, 86
146, 87
146, 88
147, 17
147, 18
147, 19
147, 20
147, 21
147, 22
147, 23
147, 24
147, 25
147, 26
147, 27
147, 28
147, 29
147, 30
147, 31
147, 32
147, 33
147, 34
147, 35
147, 36
147, 37
147, 38
147, 39
147, 40
147, 41
147, 42
147, 49
147, 50
147, 51
147, 52
147, 53
147, 54
147, 55
147, 56
147, 57
147, 58
147, 59
147, 60
147, 61
147, 62
147, 63
147, 64
147, 65
147, 66
147, 67
147, 68
147, 69
147, 70
147, 71
147, 72
147, 73
147, 74
147, 75
147, 76
147, 77
147, 78
147, 79
147, 80
147, 81
147, 82
147, 83
147, 84
147, 85
147, 86
147, 87
147, 88
148, 17
148, 18
148, 19
148, 20
148, 21
148, 22
148, 23
148, 24
148, 25
148, 26
148, 27
148, 28
148, 29
148, 30
148, 31
148, 32
148, 33
148, 34
148, 35
148, 36
148, 37
148, 38
148, 39
148, 40
148, 41
148, 50
148, 51
148, 52
148, 53
148, 54
148, 55
148, 56
148, 57
148, 58
148, 59
148, 60
148, 61
148, 62
148, 63
148, 64
148, 65
148, 66
148, 67
148, 68
148, 69
148, 70
148, 71
148, 72
148, 73
148, 74
148, 75
148, 76
148, 77
148, 78
148, 79
148, 80
148, 81
148, 82
148, 83
148, 84
148, 85
148, 86
148, 87
148, 88
149, 17
149, 18
149, 19
149, 20
149, 21
149, 22
149, 23
149, 24
149, 25
149, 26
149, 27
149, 28
149, 29
149, 30
149, 31
149, 32
149, 33
149, 34
149, 35
149, 36
149, 37
149, 38
149, 39
149, 40
149, 50
149, 51
149, 52
149, 53
149, 54
149, 55
149, 56
149, 57
149, 58
149, 59
149, 60
149, 61
149, 62
149, 63
149, 64
149, 65
149, 66
149, 67
149, 68
149, 69
149, 70
149, 71
149, 72
149, 73
149, 74
149, 75
149, 76
149, 77
149, 78
149, 79
149, 80
149, 81
149, 82
149, 83
149, 84
149, 85
149, 86
149, 87
149, 88
150, 17
150, 18
150, 19
150, 20
150, 21
150, 22
150, 23
150, 24
150, 25
150, 26
150, 27
150, 28
150, 29
150, 30
150, 31
150, 32
150, 33
150, 34
150, 35
150, 36
150, 37
150, 38
150, 39
150, 50
150, 51
150, 52
150, 53
150, 54
150, 55
150, 56
150, 57
150, 58
150, 59
150, 60
150, 61
150, 62
150, 63
150, 64
150, 65
150, 66
150, 67
150, 68
150, 69
150, 70
150, 71
150, 72
150, 73
150, 74
150, 75
150, 76
150, 77
150, 78
150, 79
150, 80
150, 81
150, 82
150, 83
150, 84
150, 85
150, 86
150, 87
150, 88
151, 17
151, 18
151, 19
151, 20
151, 21
151, 22
151, 23
151, 24
151, 25
151, 26
151, 27
151, 28
151, 29
151, 30
151, 31
151, 32
151, 33
151, 34
151, 35
151, 36
151, 37
151, 38
151, 39
151, 51
151, 52
151, 53
151, 54
151, 55
151, 56
151, 57
151, 58
151, 59
151, 60
151, 61
151, 62
151, 63
151, 64
151, 65
151, 66
151, 67
151, 68
151, 69
151, 70
151, 71
151, 72
151, 73
151, 74
151, 75
151, 76
151, 77
151, 78
151, 79
151, 80
151, 81
151, 82
151, 83
151, 84
151, 85
151, 86
151, 87
151, 88
152, 17
152, 18
152, 19
152, 20
152, 21
152, 22
152, 23
152, 24
152, 25
152, 26
152, 27
152, 28
152, 29
152, 30
152, 31
152, 32
152, 33
152, 34
152, 35
152, 36
152, 37
152, 38
152, 51
152, 52
152, 53
152, 54
152, 55
152, 56
152, 57
152, 58
152, 59
152, 60
152, 61
152, 62
152, 63
152, 64
152, 65
152, 66
152, 67
152, 68
152, 69
152, 70
152, 71
152, 72
152, 73
152, 74
152, 75
152, 76
152, 77
152, 78
152, 79
152, 80
152, 81
152, 82
152, 83
152, 84
152, 85
152, 86
152, 87
152, 88
153, 17
153, 18
153, 19
153, 20
153, 21
153, 22
153, 23
153, 24
153, 25
153, 26
153, 27
153, 28
153, 29
153, 30
153, 31
153, 32
153, 33
153, 34
153, 35
153, 36
153, 37
153, 38
153, 52
153, 53
153, 54
153, 55
153, 56
153, 57
153, 58
153, 59
153, 60
153, 61
153, 62
153, 63
153, 64
153, 65
153, 66
153, 67
153, 68
153, 69
153, 70
153, 71
153, 72
153, 73
153, 74
153, 75
153, 76
153, 77
153, 78
153, 79
153, 80
153, 81
153, 82
153, 83
153, 84
153, 85
153, 86
153, 87
153, 88
154, 17
154, 18
154, 19
154, 20
154, 21
154, 22
154, 23
154, 24
154, 25
154, 26
154, 27
154, 28
154, 29
154, 30
154, 31
154, 32
154, 33
154, 34
154, 35
154, 36
154, 37
154, 52
154, 53
154, 54
154, 55
154, 56
154, 57
154, 58
154, 59
154, 60
154, 61
154, 62
154, 63
154, 64
154, 65
154, 66
154, 67
154, 68
154, 69
154, 70
154, 71
154, 72
154, 73
154, 74
154, 75
154, 76
154, 77
154, 78
154, 79
154, 80
154, 81
154, 82
154, 83
154, 84
154, 85
154, 86
154, 87
154, 88
155, 17
155, 18
155, 19
155, 20
155, 21
155, 22
155, 23
155, 24
155, 25
155, 26
155, 27
155, 28
155, 29
155, 30
155, 31
155, 32
155, 33
155, 34
155, 35
155, 52
155, 53
155, 54
155, 55
155, 56
155, 57
155, 58
155, 59
155, 60
155, 61
155, 62
155, 63
155, 64
155, 65
155, 66
155, 67
155, 68
155, 69
155, 70
155, 71
155, 72
155, 73
155, 74
155, 75
155, 76
155, 77
155, 78
155, 79
155, 80
155, 81
155, 82
155, 83
155, 84
155, 85
155, 86
155, 87
155, 88
156, 17
156, 18
156, 19
156, 20
156, 21
156, 22
156, 23
156, 24
156, 25
156, 26
156, 27
156, 28
156, 29
156, 30
156, 31
156, 32
156, 33
156, 34
156, 35
156, 53
156, 54
156, 55
156, 56
156, 57
156, 58
156, 59
156, 60
156, 61
156, 62
156, 63
156, 64
156, 65
156, 66
156, 67
156, 68
156, 69
156, 70
156, 71
156, 72
156, 73
156, 74
156, 75
156, 76
156, 77
156, 78
156, 79
156, 80
156, 81
156, 82
156, 83
156, 84
156, 85
156, 86
156, 87
156, 88
157, 17
157, 18
157, 19
157, 20
157, 21
157, 22
157, 23
157, 24
157, 25
157, 26
157, 27
157, 28
157, 29
157, 30
157, 31
157, 32
157, 33
157, 34
157, 53
157, 54
157, 55
157, 56
157, 57
157, 58
157, 59
157, 60
157, 61
157, 62
157, 63
157, 64
157, 65
157, 66
157, 67
157, 68
157, 69
157, 70
157, 71
157, 72
157, 73
157, 74
157, 75
157, 76
157, 77
157, 78
157, 79
157, 80
157, 81
157, 82
157, 83
157, 84
157, 85
157, 86
157, 87
157, 88
158, 17
158, 18
158, 19
158, 20
158, 21
158, 22
158, 23
158, 24
158, 25
158, 26
158, 27
158, 28
158, 29
158, 30
158, 31
158, 32
158, 33
158, 53
158, 54
158, 55
158, 56
158, 57
158, 58
158, 59
158, 60
158, 61
158, 62
158, 63
158, 64
158, 65
158, 66
158, 67
158, 68
158, 69
158, 70
158, 71
158, 72
158, 73
158, 74
158, 75
158, 76
158, 77
158, 78
158, 79
158, 80
158, 81
158, 82
158, 83
158, 84
158, 85
158, 86
158, 87
158, 88
159, 17
159, 18
159, 19
159, 20
159, 21
159, 22
159, 23
159, 24
159, 25
159, 26
159, 27
159, 28
159, 29
159, 30
159, 31
159, 32
159, 33
159, 53
159, 54
159, 55
159, 56
159, 57
159, 58
159, 59
159, 60
159, 61
159, 62
159, 63
159, 64
159, 65
159, 66
159, 67
159, 68
159, 69
159, 70
159, 71
159, 72
159, 73
159, 74
159, 75
159, 76
159, 77
159, 78
159, 79
159, 80
159, 81
159, 82
159, 83
159, 84
159, 85
159, 86
159, 87
159, 88
160, 17
160, 18
160, 19
160, 20
160, 21
160, 22
160, 23
160, 24
160, 25
160, 26
160, 27
160, 28
160, 29
160, 30
160, 31
160, 32
160, 33
160, 53
160, 54
160, 55
160, 56
160, 57
160, 58
160, 59
160, 60
160, 61
160, 62
160, 63
160, 64
160, 65
160, 66
160, 67
160, 68
160, 69
160, 70
160, 71
160, 72
160, 73
160, 74
160, 75
160, 76
160, 77
160, 78
160, 79
160, 80
160, 81
160, 82
160, 83
160, 84
160, 85
160, 86
160, 87
160, 88
161, 17
161, 18
161, 19
161, 20
161, 21
161, 22
161, 23
161, 24
161, 25
161, 26
161, 27
161, 28
161, 29
161, 30
161, 31
161, 32
161, 33
161, 54
161, 55
161, 56
161, 57
161, 58
161, 59
161, 60
161, 61
161, 62
161, 63
161, 64
161, 65
161, 66
161, 67
161, 68
161, 69
161, 70
161, 71
161, 72
161, 73
161, 74
161, 75
161, 76
161, 77
161, 78
161, 79
161, 80
161, 81
161, 82
161, 83
161, 84
161, 85
161, 86
161, 87
161, 88
162, 18
162, 19
162, 20
162, 21
162, 22
162, 23
162, 24
162, 25
162, 26
162, 27
162, 28
162, 29
162, 30
162, 31
162, 32
162, 54
162, 55
162, 56
162, 57
162, 58
162, 59
162, 60
162, 61
162, 62
162, 63
162, 64
162, 65
162, 66
162, 67
162, 68
162, 69
162, 70
162, 71
162, 72
162, 73
162, 74
162, 75
162, 76
162, 77
162, 78
162, 79
162, 80
162, 81
162, 82
162, 83
162, 84
162, 85
162, 86
162, 87
162, 88
163, 24
163, 25
163, 26
163, 27
163, 28
163, 29
163, 30
163, 31
163, 32
163, 54
163, 55
163, 56
163, 57
163, 58
163, 59
163, 60
163, 61
163, 62
163, 63
163, 64
163, 65
163, 66
163, 67
163, 68
163, 69
163, 70
163, 71
163, 72
163, 73
163, 74
163, 75
163, 76
163, 77
163, 78
163, 79
163, 80
163, 81
163, 82
163, 83
163, 84
163, 85
163, 86
163, 87
163, 88
164, 26
164, 27
164, 28
164, 29
164, 30
164, 31
164, 54
164, 55
164, 56
164, 57
164, 58
164, 59
164, 60
164, 61
164, 62
164, 63
164, 64
164, 65
164, 66
164, 67
164, 68
164, 69
164, 70
164, 71
164, 72
164, 73
164, 74
164, 75
164, 76
164, 77
164, 78
164, 79
164, 80
164, 81
164, 82
164, 83
164, 84
164, 85
164, 86
164, 87
164, 88
165, 55
165, 56
165, 57
165, 58
165, 59
165, 60
165, 61
165, 62
165, 63
165, 64
165, 65
165, 66
165, 67
165, 68
165, 69
165, 70
165, 71
165, 72
165, 73
165, 74
165, 75
165, 76
165, 77
165, 78
165, 79
165, 80
165, 81
165, 82
165, 83
165, 84
165, 85
165, 86
165, 87
