27, 7
27, 8
28, 7
28, 8
28, 9
28, 10
29, 6
29, 7
29, 8
29, 9
29, 10
29, 11
30, 6
30, 7
30, 8
30, 9
30, 10
30, 11
30, 12
31, 6
31, 7
31, 8
31, 9
31, 10
31, 11
31, 12
31, 13
32, 6
32, 7
32, 8
32, 9
32, 10
32, 11
32, 12
32, 13
33, 6
33, 7
33, 8
33, 9
33, 10
33, 11
33, 12
33, 13
34, 6
34, 7
34, 8
34, 9
34, 10
34, 11
34, 12
34, 13
35, 6
35, 7
35, 8
35, 9
35, 10
35, 11
35, 12
35, 13
36, 6
36, 7
36, 8
36, 9
36, 10
36, 11
36, 12
36, 13
37, 6
37, 7
37, 8
37, 9
37, 10
37, 11
37, 12
37, 13
37, 14
38, 6
38, 7
38, 8
38, 9
38, 10
38, 11
38, 12
38, 13
38, 14
39, 6
39, 7
39, 8
39, 9
39, 10
39, 11
39, 12
39, 13
39, 14
39, 15
40, 6
40, 7
40, 8
40, 9
40, 10
40, 11
40, 12
40, 13
40, 14
40, 15
40, 28
40, 29
41, 7
41, 8
41, 9
41, 10
41, 11
41, 12
41, 13
41, 14
41, 15
41, 27
41, 28
41, 29
42, 7
42, 8
42, 9
42, 10
42, 11
42, 12
42, 13
42, 14
42, 15
42, 26
42, 27
42, 28
42, 29
42, 30
43, 7
43, 8
43, 9
43, 10
43, 11
43, 12
43, 13
43, 14
43, 15
43, 25
43, 26
43, 27
43, 28
43, 29
43, 30
43, 31
44, 7
44, 8
44, 9
44, 10
44, 11
44, 12
44, 13
44, 14
44, 25
44, 26
44, 27
44, 28
44, 29
44, 30
44, 31
44, 33
44, 38
44, 39
44, 40
44, 41
44, 42
44, 43
44, 44
45, 7
45, 8
45, 9
45, 10
45, 11
45, 12
45, 13
45, 14
45, 25
45, 26
45, 27
45, 28
45, 29
45, 30
45, 31
45, 33
45, 37
45, 38
45, 39
45, 40
45, 41
45, 42
45, 43
45, 44
46, 7
46, 8
46, 9
46, 10
46, 11
46, 12
46, 13
46, 14
46, 25
46, 26
46, 27
46, 28
46, 29
46, 30
46, 31
46, 32
46, 33
46, 37
46, 38
46, 39
46, 40
46, 41
46, 42
46, 43
46, 44
46, 45
47, 7
47, 8
47, 9
47, 10
47, 11
47, 12
47, 13
47, 14
47, 15
47, 25
47, 26
47, 27
47, 28
47, 29
47, 30
47, 31
47, 32
47, 33
47, 34
47, 36
47, 37
47, 38
47, 39
47, 40
47, 41
47, 42
47, 43
47, 44
47, 45
48, 7
48, 8
48, 9
48, 10
48, 11
48, 12
48, 13
48, 14
48, 15
48, 25
48, 26
48, 27
48, 28
48, 29
48, 30
48, 31
48, 32
48, 33
48, 34
48, 36
48, 37
48, 38
48, 39
48, 40
48, 41
48, 42
48, 43
48, 44
48, 45
49, 7
49, 8
49, 9
49, 10
49, 11
49, 12
49, 13
49, 14
49, 15
49, 25
49, 26
49, 27
49, 28
49, 29
49, 30
49, 31
49, 32
49, 33
49, 34
49, 35
49, 36
49, 37
49, 38
49, 39
49, 40
49, 41
49, 42
49, 43
49, 44
49, 45
50, 7
50, 8
50, 9
50, 10
50, 11
50, 12
50, 13
50, 14
50, 15
50, 26
50, 27
50, 28
50, 29
50, 30
50, 31
50, 32
50, 33
50, 34
50, 35
50, 36
50, 37
50, 38
50, 39
50, 40
50, 41
50, 42
50, 43
50, 44
50, 45
51, 7
51, 8
51, 9
51, 10
51, 11
51, 12
51, 13
51, 14
51, 15
51, 26
51, 27
51, 28
51, 29
51, 30
51, 31
51, 32
51, 33
51, 34
51, 35
51, 36
51, 37
51, 38
51, 39
51, 40
51, 41
51, 42
51, 43
51, 44
51, 45
52, 8
52, 9
52, 10
52, 11
52, 12
52, 13
52, 14
52, 15
52, 26
52, 27
52, 28
52, 29
52, 30
52, 31
52, 32
52, 33
52, 34
52, 35
52, 36
52, 37
52, 38
52, 39
52, 40
52, 41
52, 42
52, 43
52, 44
52, 45
53, 9
53, 10
53, 11
53, 12
53, 13
53, 14
53, 15
53, 26
53, 27
53, 28
53, 29
53, 30
53, 31
53, 32
53, 33
53, 34
53, 35
53, 36
53, 37
53, 38
53, 39
53, 40
53, 41
53, 42
53, 43
53, 44
53, 45
54, 9
54, 10
54, 11
54, 12
54, 13
54, 14
54, 26
54, 27
54, 28
54, 30
54, 31
54, 32
54, 33
54, 34
54, 35
54, 36
54, 37
54, 38
54, 39
54, 40
54, 41
54, 42
54, 43
54, 44
54, 45
55, 9
55, 10
55, 11
55, 12
55, 13
55, 14
55, 25
55, 26
55, 27
55, 28
55, 31
55, 32
55, 33
55, 34
55, 35
55, 36
55, 37
55, 38
55, 39
55, 40
55, 41
55, 42
55, 43
55, 44
56, 9
56, 10
56, 11
56, 12
56, 13
56, 25
56, 26
56, 27
56, 31
56, 32
56, 33
56, 34
56, 35
56, 36
56, 37
56, 38
56, 39
56, 40
56, 41
56, 42
56, 43
56, 44
57, 9
57, 10
57, 11
57, 12
57, 13
57, 14
57, 25
57, 26
57, 27
57, 32
57, 33
57, 34
57, 35
57, 36
57, 37
57, 38
57, 39
57, 40
57, 41
57, 42
57, 43
57, 44
58, 9
58, 10
58, 11
58, 12
58, 13
58, 14
58, 25
58, 26
58, 27
58, 32
58, 33
58, 34
58, 35
58, 36
58, 37
58, 38
58, 39
58, 40
58, 41
58, 42
58, 43
58, 44
59, 9
59, 10
59, 11
59, 12
59, 13
59, 14
59, 25
59, 26
59, 27
59, 32
59, 33
59, 34
59, 35
59, 36
59, 37
59, 38
59, 39
59, 40
59, 41
59, 42
59, 43
59, 44
60, 9
60, 10
60, 11
60, 12
60, 13
60, 14
60, 26
60, 27
60, 31
60, 32
60, 33
60, 34
60, 35
60, 36
60, 37
60, 38
60, 39
60, 40
60, 41
60, 42
60, 43
61, 11
61, 12
61, 13
61, 14
61, 26
61, 27
61, 31
61, 32
61, 33
61, 34
61, 35
61, 36
61, 37
61, 38
61, 39
61, 40
61, 41
61, 42
61, 43
62, 12
62, 13
62, 14
62, 26
62, 27
62, 31
62, 32
62, 33
62, 34
62, 35
62, 36
62, 37
62, 38
62, 39
62, 40
62, 41
62, 42
62, 43
63, 12
63, 13
63, 14
63, 26
63, 27
63, 31
63, 32
63, 33
63, 34
63, 35
63, 36
63, 37
63, 38
63, 39
63, 40
63, 41
63, 42
63, 43
64, 12
64, 13
64, 14
64, 26
64, 27
64, 31
64, 32
64, 33
64, 34
64, 35
64, 36
64, 37
64, 38
64, 39
64, 40
64, 41
64, 42
64, 43
65, 12
65, 13
65, 14
65, 26
65, 27
65, 31
65, 32
65, 33
65, 34
65, 35
65, 36
65, 37
65, 38
65, 39
65, 40
65, 41
65, 42
65, 43
66, 12
66, 13
66, 14
66, 15
66, 26
66, 31
66, 32
66, 33
66, 34
66, 35
66, 36
66, 37
66, 38
66, 39
66, 40
66, 41
66, 42
66, 43
67, 12
67, 13
67, 14
67, 15
67, 26
67, 31
67, 32
67, 33
67, 34
67, 35
67, 36
67, 37
67, 38
67, 39
67, 40
67, 41
67, 42
67, 43
68, 12
68, 13
68, 14
68, 15
68, 26
68, 30
68, 31
68, 32
68, 33
68, 34
68, 35
68, 36
68, 37
68, 38
68, 39
68, 40
68, 41
68, 42
68, 43
69, 12
69, 13
69, 14
69, 15
69, 26
69, 30
69, 31
69, 32
69, 33
69, 34
69, 35
69, 36
69, 37
69, 38
69, 39
69, 40
69, 41
69, 42
69, 43
70, 12
70, 13
70, 14
70, 15
70, 26
70, 30
70, 31
70, 32
70, 33
70, 34
70, 35
70, 36
70, 37
70, 38
70, 39
70, 40
70, 41
70, 42
70, 43
71, 12
71, 13
71, 14
71, 15
71, 26
71, 30
71, 31
71, 32
71, 33
71, 34
71, 35
71, 36
71, 37
71, 38
71, 39
71, 40
71, 41
71, 42
71, 43
72, 12
72, 13
72, 14
72, 15
72, 30
72, 31
72, 32
72, 33
72, 34
72, 35
72, 36
72, 37
72, 38
72, 39
72, 40
72, 41
72, 42
72, 43
73, 12
73, 13
73, 14
73, 15
73, 30
73, 31
73, 32
73, 33
73, 34
73, 35
73, 36
73, 37
73, 38
73, 39
73, 40
73, 41
73, 42
73, 43
74, 12
74, 13
74, 14
74, 15
74, 30
74, 31
74, 32
74, 33
74, 34
74, 35
74, 36
74, 37
74, 38
74, 39
74, 40
74, 41
74, 42
74, 43
75, 12
75, 13
75, 14
75, 15
75, 30
75, 31
75, 32
75, 33
75, 34
75, 35
75, 36
75, 37
75, 38
75, 39
75, 40
75, 41
75, 42
75, 43
76, 12
76, 13
76, 14
76, 15
76, 29
76, 30
76, 31
76, 32
76, 33
76, 34
76, 35
76, 36
76, 37
76, 38
76, 39
76, 40
76, 41
76, 42
76, 43
77, 12
77, 13
77, 14
77, 15
77, 29
77, 30
77, 31
77, 32
77, 33
77, 34
77, 35
77, 36
77, 37
77, 38
77, 39
77, 40
77, 41
77, 42
77, 43
78, 12
78, 13
78, 14
78, 15
78, 29
78, 30
78, 31
78, 32
78, 33
78, 34
78, 35
78, 36
78, 37
78, 38
78, 39
78, 40
78, 41
78, 42
78, 43
79, 12
79, 13
79, 14
79, 15
79, 29
79, 30
79, 31
79, 32
79, 33
79, 34
79, 35
79, 36
79, 37
79, 38
79, 39
79, 40
79, 41
79, 42
79, 43
80, 12
80, 13
80, 14
80, 15
80, 30
80, 31
80, 32
80, 33
80, 34
80, 35
80, 36
80, 37
80, 38
80, 39
80, 40
80, 41
80, 42
80, 43
81, 12
81, 13
81, 14
81, 15
81, 30
81, 31
81, 32
81, 33
81, 34
81, 35
81, 36
81, 37
81, 38
81, 39
81, 40
81, 41
81, 42
81, 43
82, 12
82, 13
82, 14
82, 15
82, 30
82, 31
82, 32
82, 33
82, 34
82, 35
82, 36
82, 37
82, 38
82, 39
82, 40
82, 41
82, 42
82, 43
83, 12
83, 13
83, 14
83, 15
83, 30
83, 31
83, 32
83, 33
83, 34
83, 35
83, 36
83, 37
83, 38
83, 39
83, 40
83, 41
83, 42
83, 43
84, 12
84, 13
84, 14
84, 15
84, 30
84, 31
84, 32
84, 33
84, 34
84, 35
84, 36
84, 37
84, 38
84, 39
84, 40
84, 41
84, 42
84, 43
85, 12
85, 13
85, 14
85, 15
85, 30
85, 31
85, 32
85, 33
85, 34
85, 35
85, 36
85, 37
85, 38
85, 39
85, 40
85, 41
85, 42
85, 43
86, 12
86, 13
86, 14
86, 15
86, 30
86, 31
86, 32
86, 33
86, 34
86, 35
86, 36
86, 37
86, 38
86, 39
86, 40
86, 41
86, 42
86, 43
87, 12
87, 13
87, 14
87, 31
87, 32
87, 33
87, 34
87, 35
87, 36
87, 37
87, 38
87, 39
87, 41
87, 42
87, 43
88, 12
88, 13
88, 14
88, 31
88, 32
88, 33
88, 34
88, 35
88, 36
88, 37
88, 38
88, 42
88, 43
89, 12
89, 13
89, 14
89, 31
89, 32
89, 33
89, 34
89, 35
89, 36
89, 37
89, 38
89, 42
89, 43
90, 12
90, 13
90, 14
90, 31
90, 32
90, 33
90, 34
90, 35
90, 36
90, 37
90, 38
90, 42
90, 43
91, 12
91, 13
91, 14
91, 32
91, 33
91, 34
91, 35
91, 36
91, 37
91, 38
91, 42
91, 43
92, 11
92, 12
92, 13
92, 14
92, 33
92, 34
92, 35
92, 36
92, 37
92, 38
92, 41
92, 42
92, 43
93, 9
93, 10
93, 11
93, 12
93, 13
93, 14
93, 35
93, 36
93, 40
93, 41
93, 42
93, 43
93, 44
94, 7
94, 8
94, 9
94, 10
94, 11
94, 12
94, 13
94, 14
94, 40
94, 41
94, 42
94, 43
94, 44
95, 7
95, 8
95, 9
95, 10
95, 11
95, 12
95, 13
95, 40
95, 41
95, 42
95, 43
95, 44
96, 7
96, 8
96, 9
96, 10
96, 11
96, 12
96, 13
96, 40
96, 41
96, 42
96, 43
96, 44
97, 8
97, 9
97, 10
97, 11
97, 12
97, 13
97, 40
97, 41
97, 42
97, 43
97, 44
98, 7
98, 8
98, 9
98, 10
98, 11
98, 12
98, 13
98, 40
98, 41
98, 42
98, 43
98, 44
99, 7
99, 8
99, 9
99, 10
99, 11
99, 12
99, 13
99, 39
99, 40
99, 41
99, 42
99, 43
99, 44
100, 7
100, 8
100, 9
100, 10
100, 11
100, 12
100, 13
100, 14
100, 19
100, 20
100, 21
100, 22
100, 23
100, 24
100, 38
100, 39
100, 40
100, 41
100, 42
100, 43
100, 44
101, 7
101, 8
101, 9
101, 10
101, 11
101, 12
101, 13
101, 14
101, 18
101, 19
101, 20
101, 21
101, 22
101, 23
101, 24
101, 38
101, 39
101, 40
101, 41
101, 42
101, 43
101, 44
102, 7
102, 8
102, 9
102, 10
102, 11
102, 12
102, 13
102, 18
102, 19
102, 20
102, 21
102, 22
102, 23
102, 24
102, 39
102, 40
102, 41
102, 42
102, 43
102, 44
103, 7
103, 8
103, 9
103, 10
103, 11
103, 12
103, 13
103, 18
103, 19
103, 20
103, 21
103, 22
103, 23
103, 24
103, 40
103, 41
103, 42
103, 43
103, 44
104, 7
104, 8
104, 9
104, 10
104, 11
104, 12
104, 13
104, 18
104, 19
104, 20
104, 21
104, 22
104, 23
104, 40
104, 41
104, 42
104, 43
104, 44
105, 8
105, 9
105, 10
105, 11
105, 18
105, 19
105, 20
105, 21
105, 22
105, 23
105, 24
105, 39
105, 40
105, 41
105, 42
105, 43
105, 44
106, 18
106, 19
106, 20
106, 21
106, 22
106, 23
106, 24
106, 39
106, 40
106, 41
106, 42
106, 43
106, 44
107, 18
107, 19
107, 20
107, 21
107, 22
107, 23
107, 24
107, 39
107, 40
107, 41
107, 42
107, 43
107, 44
108, 17
108, 18
108, 19
108, 20
108, 21
108, 22
108, 23
108, 24
108, 39
108, 40
108, 41
108, 42
108, 43
108, 44
108, 45
109, 17
109, 18
109, 19
109, 20
109, 21
109, 22
109, 23
109, 24
109, 35
109, 36
109, 39
109, 40
109, 41
109, 42
109, 43
109, 44
109, 45
110, 17
110, 18
110, 19
110, 20
110, 21
110, 22
110, 23
110, 24
110, 35
110, 39
110, 40
110, 41
110, 42
110, 43
110, 44
110, 45
111, 21
111, 22
111, 41
111, 42
111, 43
