11, 34
11, 35
12, 32
12, 33
12, 34
12, 35
13, 32
13, 33
13, 34
13, 35
13, 36
14, 30
14, 31
14, 32
14, 33
14, 34
14, 35
14, 36
15, 30
15, 31
15, 32
15, 33
15, 34
15, 35
15, 36
16, 30
16, 31
16, 32
16, 33
16, 34
16, 35
16, 36
17, 30
17, 31
17, 32
17, 33
17, 34
17, 35
17, 36
18, 29
18, 30
18, 31
18, 32
18, 33
18, 34
18, 35
18, 36
19, 10
19, 11
19, 12
19, 29
19, 30
19, 31
19, 32
19, 33
19, 34
19, 35
19, 36
20, 8
20, 9
20, 10
20, 11
20, 12
20, 13
20, 14
20, 15
20, 16
20, 28
20, 29
20, 30
20, 31
20, 32
20, 33
20, 34
20, 35
20, 36
21, 6
21, 7
21, 8
21, 9
21, 10
21, 11
21, 12
21, 13
21, 14
21, 15
21, 16
21, 17
21, 18
21, 19
21, 20
21, 21
21, 22
21, 23
21, 24
21, 25
21, 26
21, 27
21, 28
21, 29
21, 30
21, 31
21, 32
21, 33
21, 34
21, 35
21, 36
22, 5
22, 6
22, 7
22, 8
22, 9
22, 10
22, 11
22, 12
22, 13
22, 14
22, 15
22, 16
22, 17
22, 18
22, 19
22, 20
22, 21
22, 22
22, 23
22, 24
22, 25
22, 26
22, 27
22, 28
22, 29
22, 30
22, 31
22, 32
22, 33
22, 34
22, 35
22, 36
23, 5
23, 6
23, 7
23, 8
23, 9
23, 10
23, 11
23, 12
23, 13
23, 14
23, 15
23, 16
23, 17
23, 18
23, 19
23, 20
23, 21
23, 22
23, 23
23, 24
23, 25
23, 26
23, 27
23, 28
23, 29
23, 30
23, 31
23, 32
23, 33
23, 34
23, 35
23, 36
24, 4
24, 5
24, 6
24, 7
24, 8
24, 9
24, 10
24, 11
24, 12
24, 13
24, 14
24, 15
24, 16
24, 17
24, 18
24, 19
24, 20
24, 21
24, 22
24, 23
24, 24
24, 25
24, 26
24, 27
24, 28
24, 29
24, 30
24, 31
24, 32
24, 33
24, 34
24, 35
24, 36
25, 4
25, 5
25, 6
25, 7
25, 8
25, 9
25, 10
25, 11
25, 12
25, 13
25, 14
25, 15
25, 16
25, 17
25, 18
25, 19
25, 20
25, 21
25, 22
25, 23
25, 24
25, 25
25, 26
25, 27
25, 28
25, 29
25, 30
25, 31
25, 32
25, 33
25, 34
25, 35
25, 36
26, 4
26, 5
26, 6
26, 7
26, 8
26, 9
26, 10
26, 11
26, 12
26, 13
26, 14
26, 15
26, 16
26, 17
26, 18
26, 19
26, 20
26, 21
26, 22
26, 23
26, 24
26, 25
26, 26
26, 27
26, 28
26, 29
26, 30
26, 31
26, 32
26, 33
26, 34
26, 35
26, 36
27, 4
27, 5
27, 6
27, 7
27, 8
27, 9
27, 10
27, 11
27, 12
27, 13
27, 14
27, 15
27, 16
27, 17
27, 18
27, 19
27, 20
27, 21
27, 22
27, 23
27, 24
27, 25
27, 26
27, 27
27, 28
27, 29
27, 30
27, 31
27, 32
27, 33
27, 34
27, 35
27, 36
28, 4
28, 5
28, 6
28, 7
28, 8
28, 9
28, 10
28, 11
28, 12
28, 13
28, 14
28, 15
28, 16
28, 17
28, 18
28, 19
28, 20
28, 21
28, 22
28, 23
28, 24
28, 25
28, 26
28, 27
28, 28
28, 29
28, 30
28, 31
28, 32
28, 33
28, 34
28, 35
28, 36
29, 3
29, 4
29, 5
29, 6
29, 7
29, 8
29, 9
29, 10
29, 11
29, 12
29, 13
29, 14
29, 15
29, 16
29, 17
29, 18
29, 19
29, 20
29, 21
29, 22
29, 23
29, 24
29, 25
29, 26
29, 27
29, 28
29, 29
29, 30
29, 31
29, 32
29, 33
29, 34
29, 35
29, 36
30, 3
30, 4
30, 5
30, 6
30, 7
30, 8
30, 9
30, 10
30, 11
30, 12
30, 13
30, 14
30, 15
30, 16
30, 17
30, 18
30, 19
30, 20
30, 21
30, 22
30, 23
30, 24
30, 25
30, 26
30, 27
30, 28
30, 29
30, 30
30, 31
30, 32
30, 33
30, 34
30, 35
30, 36
31, 3
31, 4
31, 5
31, 6
31, 7
31, 8
31, 9
31, 10
31, 11
31, 12
31, 13
31, 14
31, 15
31, 16
31, 17
31, 18
31, 19
31, 20
31, 21
31, 22
31, 23
31, 24
31, 25
31, 26
31, 27
31, 28
31, 29
31, 30
31, 31
31, 32
31, 33
31, 34
31, 35
31, 36
32, 3
32, 4
32, 5
32, 6
32, 7
32, 8
32, 9
32, 10
32, 11
32, 12
32, 13
32, 14
32, 15
32, 16
32, 17
32, 18
32, 19
32, 20
32, 21
32, 22
32, 23
32, 24
32, 25
32, 26
32, 27
32, 28
32, 29
32, 30
32, 31
32, 32
32, 33
32, 34
32, 35
32, 36
33, 3
33, 4
33, 5
33, 6
33, 7
33, 8
33, 9
33, 10
33, 11
33, 12
33, 13
33, 14
33, 15
33, 16
33, 17
33, 18
33, 19
33, 20
33, 21
33, 22
33, 23
33, 24
33, 25
33, 26
33, 27
33, 28
33, 29
33, 30
33, 31
33, 32
33, 33
33, 34
33, 35
33, 36
34, 3
34, 4
34, 5
34, 6
34, 7
34, 8
34, 9
34, 10
34, 11
34, 12
34, 13
34, 14
34, 15
34, 16
34, 17
34, 18
34, 19
34, 20
34, 21
34, 22
34, 23
34, 24
34, 25
34, 26
34, 27
34, 28
34, 29
34, 30
34, 31
34, 32
34, 33
34, 34
34, 35
34, 36
35, 3
35, 4
35, 5
35, 6
35, 7
35, 8
35, 9
35, 10
35, 11
35, 12
35, 13
35, 14
35, 15
35, 16
35, 17
35, 18
35, 19
35, 20
35, 21
35, 22
35, 23
35, 24
35, 25
35, 26
35, 27
35, 28
35, 29
35, 30
35, 31
35, 32
35, 33
35, 34
35, 35
35, 36
36, 3
36, 4
36, 5
36, 6
36, 7
36, 8
36, 9
36, 10
36, 11
36, 12
36, 13
36, 14
36, 15
36, 16
36, 17
36, 18
36, 19
36, 20
36, 21
36, 22
36, 23
36, 24
36, 25
36, 26
36, 27
36, 28
36, 29
36, 30
36, 31
36, 32
36, 33
36, 34
36, 35
36, 36
37, 3
37, 4
37, 5
37, 6
37, 7
37, 8
37, 9
37, 10
37, 11
37, 12
37, 13
37, 14
37, 15
37, 16
37, 17
37, 18
37, 19
37, 20
37, 21
37, 22
37, 23
37, 24
37, 25
37, 26
37, 27
37, 28
37, 29
37, 30
37, 31
37, 32
37, 33
37, 34
37, 35
37, 36
38, 3
38, 4
38, 5
38, 6
38, 7
38, 8
38, 9
38, 10
38, 11
38, 12
38, 13
38, 14
38, 15
38, 16
38, 17
38, 18
38, 19
38, 20
38, 21
38, 22
38, 23
38, 24
38, 25
38, 26
38, 27
38, 28
38, 29
38, 30
38, 31
38, 32
38, 33
38, 34
38, 35
38, 36
39, 3
39, 4
39, 5
39, 6
39, 7
39, 8
39, 9
39, 10
39, 11
39, 12
39, 13
39, 14
39, 15
39, 16
39, 17
39, 18
39, 19
39, 20
39, 21
39, 22
39, 23
39, 24
39, 25
39, 26
39, 27
39, 28
39, 29
39, 30
39, 31
39, 32
39, 33
39, 34
39, 35
39, 36
40, 3
40, 4
40, 5
40, 6
40, 7
40, 8
40, 9
40, 10
40, 11
40, 12
40, 13
40, 14
40, 15
40, 16
40, 17
40, 18
40, 19
40, 20
40, 21
40, 22
40, 23
40, 24
40, 25
40, 26
40, 27
40, 28
40, 29
40, 30
40, 31
40, 32
40, 33
40, 34
40, 35
40, 36
41, 3
41, 4
41, 5
41, 6
41, 7
41, 8
41, 9
41, 10
41, 11
41, 12
41, 13
41, 14
41, 15
41, 16
41, 17
41, 18
41, 19
41, 20
41, 21
41, 22
41, 23
41, 24
41, 25
41, 26
41, 27
41, 28
41, 29
41, 30
41, 31
41, 32
41, 33
41, 34
41, 35
41, 36
42, 3
42, 4
42, 5
42, 6
42, 7
42, 8
42, 9
42, 10
42, 11
42, 12
42, 13
42, 14
42, 15
42, 16
42, 17
42, 18
42, 19
42, 20
42, 21
42, 22
42, 23
42, 24
42, 25
42, 26
42, 27
42, 28
42, 29
42, 30
42, 31
42, 32
42, 33
42, 34
42, 35
42, 36
43, 3
43, 4
43, 5
43, 6
43, 7
43, 8
43, 9
43, 10
43, 11
43, 12
43, 13
43, 14
43, 15
43, 16
43, 17
43, 18
43, 19
43, 20
43, 21
43, 22
43, 23
43, 24
43, 25
43, 26
43, 27
43, 28
43, 29
43, 30
43, 31
43, 32
43, 33
43, 34
43, 35
43, 36
44, 3
44, 4
44, 5
44, 6
44, 7
44, 8
44, 9
44, 10
44, 11
44, 12
44, 13
44, 14
44, 15
44, 16
44, 17
44, 18
44, 19
44, 20
44, 21
44, 22
44, 23
44, 24
44, 25
44, 26
44, 27
44, 28
44, 29
44, 30
44, 31
44, 32
44, 33
44, 34
44, 35
44, 36
45, 3
45, 4
45, 5
45, 6
45, 7
45, 8
45, 9
45, 10
45, 11
45, 12
45, 13
45, 14
45, 15
45, 16
45, 17
45, 18
45, 19
45, 20
45, 21
45, 22
45, 23
45, 24
45, 25
45, 26
45, 27
45, 28
45, 29
45, 30
45, 31
45, 32
45, 33
45, 34
45, 35
45, 36
46, 3
46, 4
46, 5
46, 6
46, 7
46, 8
46, 9
46, 10
46, 11
46, 12
46, 13
46, 14
46, 15
46, 16
46, 17
46, 18
46, 19
46, 20
46, 21
46, 22
46, 23
46, 24
46, 25
46, 26
46, 27
46, 28
46, 29
46, 30
46, 31
46, 32
46, 33
46, 34
46, 35
46, 36
47, 4
47, 5
47, 6
47, 7
47, 8
47, 9
47, 10
47, 11
47, 12
47, 13
47, 14
47, 15
47, 16
47, 17
47, 18
47, 19
47, 20
47, 21
47, 22
47, 23
47, 24
47, 25
47, 26
47, 27
47, 28
47, 29
47, 30
47, 31
47, 32
47, 33
47, 34
47, 35
48, 5
48, 6
48, 7
48, 8
48, 9
48, 10
48, 11
48, 12
48, 13
48, 14
48, 15
48, 16
48, 17
48, 18
48, 19
48, 20
48, 21
48, 22
48, 23
48, 24
48, 25
48, 26
48, 27
48, 28
48, 29
48, 30
48, 31
48, 32
48, 33
48, 34
48, 35
49, 7
49, 8
49, 9
49, 10
49, 11
49, 12
49, 13
49, 14
49, 15
49, 16
49, 17
49, 18
49, 19
49, 20
49, 21
49, 22
49, 23
49, 24
49, 25
49, 26
49, 27
49, 28
49, 29
49, 30
49, 31
49, 32
49, 33
49, 34
49, 35
50, 7
50, 8
50, 9
50, 10
50, 11
50, 12
50, 13
50, 14
50, 15
50, 16
50, 17
50, 18
50, 19
50, 20
50, 21
50, 22
50, 23
50, 24
50, 25
50, 26
50, 27
50, 28
50, 29
50, 30
50, 31
50, 32
50, 33
50, 34
50, 35
51, 7
51, 8
51, 9
51, 10
51, 11
51, 12
51, 13
51, 14
51, 15
51, 16
51, 17
51, 18
51, 19
51, 20
51, 21
51, 22
51, 23
51, 24
51, 25
51, 26
51, 27
51, 28
51, 29
51, 30
51, 31
51, 32
51, 33
51, 34
51, 35
52, 8
52, 9
52, 10
52, 11
52, 12
52, 13
52, 14
52, 15
52, 16
52, 17
52, 18
52, 19
52, 20
52, 21
52, 22
52, 23
52, 24
52, 25
52, 26
52, 27
52, 28
52, 29
52, 30
52, 31
52, 32
52, 33
52, 34
52, 35
53, 8
53, 9
53, 10
53, 11
53, 12
53, 13
53, 14
53, 15
53, 16
53, 17
53, 18
53, 19
53, 20
53, 21
53, 22
53, 23
53, 24
53, 25
53, 26
53, 27
53, 28
53, 29
53, 30
53, 31
53, 32
53, 33
53, 34
53, 35
54, 8
54, 9
54, 10
54, 11
54, 12
54, 13
54, 14
54, 15
54, 16
54, 17
54, 18
54, 19
54, 20
54, 21
54, 22
54, 23
54, 24
54, 25
54, 26
54, 27
54, 28
54, 29
54, 30
54, 31
54, 32
54, 33
54, 34
55, 8
55, 9
55, 10
55, 11
55, 12
55, 13
55, 14
55, 15
55, 16
55, 17
55, 18
55, 19
55, 20
55, 21
55, 22
55, 23
55, 24
55, 25
55, 26
55, 27
55, 28
55, 29
55, 30
55, 31
55, 32
56, 8
56, 9
56, 10
56, 11
56, 12
56, 13
56, 14
56, 15
56, 16
56, 17
56, 18
56, 19
56, 20
56, 21
56, 22
56, 23
56, 24
56, 25
56, 26
56, 27
56, 28
56, 29
56, 30
56, 31
57, 8
57, 9
57, 10
57, 11
57, 12
57, 13
57, 14
57, 15
57, 16
57, 17
57, 18
57, 19
57, 20
57, 21
57, 22
57, 23
57, 24
57, 25
57, 26
57, 27
57, 28
57, 29
57, 30
57, 31
58, 8
58, 9
58, 10
58, 11
58, 12
58, 13
58, 14
58, 15
58, 16
58, 17
58, 18
58, 19
58, 20
58, 21
58, 22
58, 23
58, 24
58, 25
58, 26
58, 27
58, 28
58, 29
58, 30
58, 31
59, 8
59, 9
59, 10
59, 11
59, 12
59, 13
59, 14
59, 15
59, 16
59, 17
59, 18
59, 19
59, 20
59, 21
59, 22
59, 23
59, 24
59, 25
59, 26
59, 27
59, 28
59, 29
59, 30
59, 31
60, 8
60, 9
60, 10
60, 11
60, 12
60, 13
60, 14
60, 15
60, 16
60, 17
60, 18
60, 19
60, 20
60, 21
60, 22
60, 23
60, 24
60, 25
60, 26
60, 27
60, 28
60, 29
60, 30
60, 31
61, 8
61, 9
61, 10
61, 11
61, 12
61, 13
61, 14
61, 15
61, 16
61, 17
61, 18
61, 19
61, 20
61, 21
61, 22
61, 23
61, 24
61, 25
61, 26
61, 27
61, 28
61, 29
61, 30
61, 31
62, 8
62, 9
62, 10
62, 11
62, 12
62, 13
62, 14
62, 15
62, 16
62, 17
62, 18
62, 19
62, 20
62, 21
62, 22
62, 23
62, 24
62, 25
62, 26
62, 27
62, 28
62, 29
62, 30
62, 31
63, 8
63, 9
63, 10
63, 11
63, 12
63, 13
63, 14
63, 15
63, 16
63, 17
63, 18
63, 19
63, 20
63, 21
63, 22
63, 23
63, 24
63, 25
63, 26
63, 27
63, 28
63, 29
63, 30
64, 8
64, 9
64, 10
64, 11
64, 12
64, 13
64, 14
64, 15
64, 16
64, 17
64, 18
64, 19
64, 20
64, 21
64, 22
64, 23
64, 24
64, 25
64, 26
64, 27
64, 28
64, 29
64, 30
65, 8
65, 9
65, 10
65, 11
65, 12
65, 13
65, 14
65, 15
65, 16
65, 17
65, 18
65, 19
65, 20
65, 21
65, 22
65, 23
65, 24
65, 25
65, 26
65, 27
65, 28
65, 29
65, 30
66, 8
66, 9
66, 10
66, 11
66, 12
66, 13
66, 14
66, 15
66, 16
66, 17
66, 18
66, 19
66, 21
66, 22
66, 23
66, 24
66, 25
66, 26
66, 27
66, 28
66, 29
66, 30
67, 8
67, 9
67, 10
67, 11
67, 12
67, 13
67, 14
67, 15
67, 16
67, 17
67, 18
67, 19
67, 21
67, 22
67, 23
67, 24
67, 25
67, 26
67, 27
67, 28
67, 29
67, 30
68, 9
68, 10
68, 11
68, 12
68, 13
68, 14
68, 15
68, 16
68, 17
68, 18
68, 19
68, 21
68, 22
68, 23
68, 24
68, 25
68, 26
68, 27
68, 28
68, 29
68, 30
69, 10
69, 11
69, 12
69, 13
69, 14
69, 15
69, 16
69, 17
69, 18
69, 19
69, 21
69, 22
69, 23
69, 24
69, 25
69, 26
69, 27
69, 28
69, 29
69, 30
70, 10
70, 11
70, 12
70, 13
70, 14
70, 15
70, 16
70, 17
70, 18
70, 22
70, 23
70, 24
70, 25
70, 26
70, 27
70, 28
70, 29
71, 10
71, 11
71, 12
71, 13
71, 14
71, 15
71, 16
71, 17
71, 18
71, 22
71, 23
71, 24
71, 25
71, 26
71, 27
71, 28
71, 29
72, 11
72, 12
72, 13
72, 14
72, 15
72, 23
72, 24
72, 25
72, 26
72, 27
72, 28
73, 11
73, 12
73, 13
73, 14
73, 23
73, 24
73, 25
73, 26
73, 27
73, 28
74, 11
74, 12
74, 13
74, 14
74, 23
74, 24
74, 25
74, 26
74, 27
74, 28
75, 11
75, 12
75, 13
75, 14
75, 23
75, 24
75, 25
75, 26
75, 27
75, 28
76, 11
76, 12
76, 13
76, 14
76, 23
76, 24
76, 25
76, 26
76, 27
76, 28
77, 11
77, 12
77, 13
77, 14
77, 23
77, 24
77, 25
77, 26
77, 27
77, 28
78, 11
78, 12
78, 13
78, 14
78, 23
78, 24
78, 25
78, 26
78, 27
78, 28
79, 11
79, 12
79, 13
79, 14
79, 15
79, 23
79, 24
79, 25
79, 26
79, 27
79, 28
80, 11
80, 12
80, 13
80, 14
80, 15
80, 23
80, 24
80, 25
80, 26
80, 27
80, 28
81, 11
81, 12
81, 13
81, 14
81, 15
81, 23
81, 24
81, 25
81, 26
81, 27
81, 28
82, 11
82, 12
82, 13
82, 14
82, 15
82, 23
82, 24
82, 25
82, 26
82, 27
82, 28
82, 29
83, 11
83, 12
83, 13
83, 14
83, 15
83, 23
83, 24
83, 25
83, 26
83, 27
83, 28
83, 29
84, 11
84, 12
84, 13
84, 14
84, 15
84, 23
84, 24
84, 25
84, 26
84, 27
84, 28
84, 29
85, 11
85, 12
85, 13
85, 14
85, 15
85, 23
85, 24
85, 25
85, 26
85, 27
85, 28
85, 29
86, 11
86, 12
86, 13
86, 14
86, 15
86, 23
86, 24
86, 25
86, 26
86, 27
86, 28
86, 29
87, 11
87, 12
87, 13
87, 14
87, 15
87, 16
87, 23
87, 24
87, 25
87, 26
87, 27
87, 28
87, 29
88, 10
88, 11
88, 12
88, 13
88, 14
88, 15
88, 16
88, 23
88, 24
88, 25
88, 26
88, 27
88, 28
88, 29
89, 10
89, 11
89, 12
89, 13
89, 14
89, 15
89, 16
89, 23
89, 24
89, 25
89, 26
89, 27
89, 28
89, 29
90, 10
90, 11
90, 12
90, 13
90, 14
90, 15
90, 16
90, 23
90, 24
90, 25
90, 26
90, 27
90, 28
90, 29
91, 10
91, 11
91, 12
91, 13
91, 14
91, 15
91, 16
91, 24
91, 25
91, 26
91, 27
91, 28
91, 29
92, 10
92, 11
92, 12
92, 13
92, 14
92, 15
92, 16
92, 24
92, 25
92, 26
92, 27
92, 28
92, 29
93, 10
93, 11
93, 12
93, 13
93, 14
93, 15
93, 16
93, 24
93, 25
93, 26
93, 27
93, 28
93, 29
94, 10
94, 11
94, 12
94, 13
94, 14
94, 15
94, 16
94, 24
94, 25
94, 26
94, 27
94, 28
94, 29
95, 10
95, 11
95, 12
95, 13
95, 14
95, 15
95, 16
95, 24
95, 25
95, 26
95, 27
95, 28
95, 29
96, 10
96, 11
96, 12
96, 13
96, 14
96, 15
96, 16
96, 24
96, 25
96, 26
96, 27
96, 28
96, 29
97, 11
97, 12
97, 13
97, 14
97, 15
97, 16
97, 24
97, 25
97, 26
97, 27
97, 28
97, 29
98, 11
98, 12
98, 13
98, 14
98, 15
98, 16
98, 24
98, 25
98, 26
98, 27
98, 28
98, 29
99, 11
99, 12
99, 13
99, 14
99, 15
99, 16
99, 24
99, 25
99, 26
99, 27
99, 28
99, 29
100, 11
100, 12
100, 13
100, 14
100, 15
100, 16
100, 24
100, 25
100, 26
100, 27
100, 28
100, 29
101, 10
101, 11
101, 12
101, 13
101, 14
101, 15
101, 16
101, 25
101, 26
101, 27
101, 28
101, 29
102, 10
102, 11
102, 12
102, 13
102, 14
102, 15
102, 16
102, 25
102, 26
102, 27
102, 28
102, 29
103, 10
103, 11
103, 12
103, 13
103, 14
103, 15
103, 16
103, 25
103, 26
103, 27
103, 28
103, 29
104, 10
104, 11
104, 12
104, 13
104, 14
104, 15
104, 16
104, 25
104, 26
104, 27
104, 28
104, 29
105, 10
105, 11
105, 12
105, 13
105, 14
105, 15
105, 16
105, 24
105, 25
105, 26
105, 27
105, 28
105, 29
106, 10
106, 11
106, 12
106, 13
106, 14
106, 15
106, 16
106, 17
106, 24
106, 25
106, 26
106, 27
106, 28
106, 29
106, 30
107, 10
107, 11
107, 12
107, 13
107, 14
107, 15
107, 16
107, 17
107, 24
107, 25
107, 26
107, 27
107, 28
107, 29
107, 30
108, 10
108, 11
108, 12
108, 13
108, 14
108, 15
108, 16
108, 17
108, 24
108, 25
108, 26
108, 27
108, 28
108, 29
108, 30
109, 10
109, 11
109, 12
109, 13
109, 14
109, 15
109, 16
109, 17
109, 24
109, 25
109, 26
109, 27
109, 28
109, 29
109, 30
110, 10
110, 11
110, 12
110, 13
110, 14
110, 15
110, 16
110, 17
110, 24
110, 25
110, 26
110, 27
110, 28
110, 29
110, 30
111, 10
111, 11
111, 12
111, 13
111, 14
111, 15
111, 16
111, 24
111, 25
111, 26
111, 27
111, 28
111, 29
111, 30
112, 10
112, 11
112, 12
112, 13
112, 14
112, 15
112, 16
112, 24
112, 25
112, 26
112, 27
112, 28
112, 29
112, 30
113, 10
113, 11
113, 12
113, 13
113, 14
113, 15
113, 23
113, 24
113, 25
113, 26
113, 27
113, 28
113, 29
113, 30
114, 11
114, 12
114, 13
114, 14
114, 24
114, 25
114, 26
114, 27
114, 28
114, 29
114, 30
115, 27
115, 28
115, 29
