56, 31
56, 32
57, 28
57, 29
57, 30
57, 31
57, 32
57, 33
58, 26
58, 27
58, 28
58, 29
58, 30
58, 31
58, 32
58, 33
58, 34
58, 35
58, 65
59, 24
59, 25
59, 26
59, 27
59, 28
59, 29
59, 30
59, 31
59, 32
59, 33
59, 34
59, 35
59, 36
59, 63
59, 64
59, 65
59, 66
59, 67
59, 68
60, 23
60, 24
60, 25
60, 26
60, 27
60, 28
60, 29
60, 30
60, 31
60, 32
60, 33
60, 34
60, 35
60, 36
60, 37
60, 62
60, 63
60, 64
60, 65
60, 66
60, 67
60, 68
60, 69
60, 70
61, 22
61, 23
61, 24
61, 25
61, 26
61, 27
61, 28
61, 29
61, 30
61, 31
61, 32
61, 33
61, 34
61, 35
61, 36
61, 37
61, 38
61, 62
61, 63
61, 64
61, 65
61, 66
61, 67
61, 68
61, 69
61, 70
61, 71
61, 72
62, 21
62, 22
62, 23
62, 24
62, 25
62, 26
62, 27
62, 28
62, 29
62, 30
62, 31
62, 32
62, 33
62, 34
62, 35
62, 36
62, 37
62, 38
62, 39
62, 61
62, 62
62, 63
62, 64
62, 65
62, 66
62, 67
62, 68
62, 69
62, 70
62, 71
62, 72
62, 73
63, 20
63, 21
63, 22
63, 23
63, 24
63, 25
63, 26
63, 27
63, 28
63, 29
63, 30
63, 31
63, 32
63, 33
63, 34
63, 35
63, 36
63, 37
63, 38
63, 39
63, 40
63, 61
63, 62
63, 63
63, 64
63, 65
63, 66
63, 67
63, 68
63, 69
63, 70
63, 71
63, 72
63, 73
63, 74
64, 19
64, 20
64, 21
64, 22
64, 23
64, 24
64, 25
64, 26
64, 27
64, 28
64, 29
64, 30
64, 31
64, 32
64, 33
64, 34
64, 35
64, 36
64, 37
64, 38
64, 39
64, 40
64, 61
64, 62
64, 63
64, 64
64, 65
64, 66
64, 67
64, 68
64, 69
64, 70
64, 71
64, 72
64, 73
64, 74
64, 75
65, 18
65, 19
65, 20
65, 21
65, 22
65, 23
65, 24
65, 25
65, 26
65, 27
65, 28
65, 29
65, 30
65, 31
65, 32
65, 33
65, 34
65, 35
65, 36
65, 37
65, 38
65, 39
65, 40
65, 41
65, 61
65, 62
65, 63
65, 64
65, 65
65, 66
65, 67
65, 68
65, 69
65, 70
65, 71
65, 72
65, 73
65, 74
65, 75
65, 76
65, 77
66, 17
66, 18
66, 19
66, 20
66, 21
66, 22
66, 23
66, 24
66, 25
66, 26
66, 27
66, 28
66, 29
66, 30
66, 31
66, 32
66, 33
66, 34
66, 35
66, 36
66, 37
66, 38
66, 39
66, 40
66, 41
66, 42
66, 61
66, 62
66, 63
66, 64
66, 65
66, 66
66, 67
66, 68
66, 69
66, 70
66, 71
66, 72
66, 73
66, 74
66, 75
66, 76
66, 77
66, 78
67, 16
67, 17
67, 18
67, 19
67, 20
67, 21
67, 22
67, 23
67, 24
67, 25
67, 26
67, 27
67, 28
67, 29
67, 30
67, 31
67, 32
67, 33
67, 34
67, 35
67, 36
67, 37
67, 38
67, 39
67, 40
67, 41
67, 42
67, 43
67, 60
67, 61
67, 62
67, 63
67, 64
67, 65
67, 66
67, 67
67, 68
67, 69
67, 70
67, 71
67, 72
67, 73
67, 74
67, 75
67, 76
67, 77
67, 78
67, 79
67, 80
68, 15
68, 16
68, 17
68, 18
68, 19
68, 20
68, 21
68, 22
68, 23
68, 24
68, 25
68, 26
68, 27
68, 28
68, 29
68, 30
68, 31
68, 32
68, 33
68, 34
68, 35
68, 36
68, 37
68, 38
68, 39
68, 40
68, 41
68, 42
68, 43
68, 44
68, 60
68, 61
68, 62
68, 63
68, 64
68, 65
68, 66
68, 67
68, 68
68, 69
68, 70
68, 71
68, 72
68, 73
68, 74
68, 75
68, 76
68, 77
68, 78
68, 79
68, 80
68, 81
68, 82
69, 15
69, 16
69, 17
69, 18
69, 19
69, 20
69, 21
69, 22
69, 23
69, 24
69, 25
69, 26
69, 27
69, 28
69, 29
69, 30
69, 31
69, 32
69, 33
69, 34
69, 35
69, 36
69, 37
69, 38
69, 39
69, 40
69, 41
69, 42
69, 43
69, 44
69, 45
69, 59
69, 60
69, 61
69, 62
69, 63
69, 64
69, 65
69, 66
69, 67
69, 68
69, 69
69, 70
69, 71
69, 72
69, 73
69, 74
69, 75
69, 76
69, 77
69, 78
69, 79
69, 80
69, 81
69, 82
69, 83
70, 14
70, 15
70, 16
70, 17
70, 18
70, 19
70, 20
70, 21
70, 22
70, 23
70, 24
70, 25
70, 26
70, 27
70, 28
70, 29
70, 30
70, 31
70, 32
70, 33
70, 34
70, 35
70, 36
70, 37
70, 38
70, 39
70, 40
70, 41
70, 42
70, 43
70, 44
70, 45
70, 46
70, 57
70, 58
70, 59
70, 60
70, 61
70, 62
70, 63
70, 64
70, 65
70, 66
70, 67
70, 68
70, 69
70, 70
70, 71
70, 72
70, 73
70, 74
70, 75
70, 76
70, 77
70, 78
70, 79
70, 80
70, 81
70, 82
70, 83
70, 84
71, 12
71, 13
71, 14
71, 15
71, 16
71, 17
71, 18
71, 19
71, 20
71, 21
71, 22
71, 23
71, 24
71, 25
71, 26
71, 27
71, 28
71, 29
71, 30
71, 31
71, 32
71, 33
71, 34
71, 35
71, 36
71, 37
71, 38
71, 39
71, 40
71, 41
71, 42
71, 43
71, 44
71, 45
71, 46
71, 47
71, 48
71, 56
71, 57
71, 58
71, 59
71, 60
71, 61
71, 62
71, 63
71, 64
71, 65
71, 66
71, 67
71, 68
71, 69
71, 70
71, 71
71, 72
71, 73
71, 74
71, 75
71, 76
71, 77
71, 78
71, 79
71, 80
71, 81
71, 82
71, 83
71, 84
71, 85
72, 12
72, 13
72, 14
72, 15
72, 16
72, 17
72, 18
72, 19
72, 20
72, 21
72, 22
72, 23
72, 24
72, 25
72, 26
72, 27
72, 28
72, 29
72, 30
72, 31
72, 32
72, 33
72, 34
72, 35
72, 36
72, 37
72, 38
72, 39
72, 40
72, 41
72, 42
72, 43
72, 44
72, 45
72, 46
72, 47
72, 48
72, 49
72, 50
72, 51
72, 56
72, 57
72, 58
72, 59
72, 60
72, 61
72, 62
72, 63
72, 64
72, 65
72, 66
72, 67
72, 68
72, 69
72, 70
72, 71
72, 72
72, 73
72, 74
72, 75
72, 76
72, 77
72, 78
72, 79
72, 80
72, 81
72, 82
72, 83
72, 84
72, 85
72, 86
73, 11
73, 12
73, 13
73, 14
73, 15
73, 16
73, 17
73, 18
73, 19
73, 20
73, 21
73, 22
73, 23
73, 24
73, 25
73, 26
73, 27
73, 28
73, 29
73, 30
73, 31
73, 32
73, 33
73, 34
73, 35
73, 36
73, 37
73, 38
73, 39
73, 40
73, 41
73, 42
73, 43
73, 44
73, 45
73, 46
73, 47
73, 48
73, 49
73, 50
73, 51
73, 52
73, 53
73, 55
73, 56
73, 57
73, 58
73, 59
73, 60
73, 61
73, 62
73, 63
73, 64
73, 65
73, 66
73, 67
73, 68
73, 69
73, 70
73, 71
73, 72
73, 73
73, 74
73, 75
73, 76
73, 77
73, 78
73, 79
73, 80
73, 81
73, 82
73, 83
73, 84
73, 85
73, 86
73, 87
73, 88
74, 10
74, 11
74, 12
74, 13
74, 14
74, 15
74, 16
74, 17
74, 18
74, 19
74, 20
74, 21
74, 22
74, 23
74, 24
74, 25
74, 26
74, 27
74, 28
74, 29
74, 30
74, 31
74, 32
74, 33
74, 34
74, 35
74, 36
74, 37
74, 38
74, 39
74, 40
74, 41
74, 42
74, 43
74, 44
74, 45
74, 46
74, 47
74, 48
74, 49
74, 50
74, 51
74, 52
74, 53
74, 54
74, 55
74, 56
74, 57
74, 58
74, 59
74, 60
74, 61
74, 62
74, 63
74, 64
74, 65
74, 66
74, 67
74, 68
74, 69
74, 70
74, 71
74, 72
74, 73
74, 74
74, 75
74, 76
74, 77
74, 78
74, 79
74, 80
74, 81
74, 82
74, 83
74, 84
74, 85
74, 86
74, 87
74, 88
74, 89
75, 9
75, 10
75, 11
75, 12
75, 13
75, 14
75, 15
75, 16
75, 17
75, 18
75, 19
75, 20
75, 21
75, 22
75, 23
75, 24
75, 25
75, 26
75, 27
75, 28
75, 29
75, 30
75, 31
75, 32
75, 33
75, 34
75, 35
75, 36
75, 37
75, 38
75, 39
75, 40
75, 41
75, 42
75, 43
75, 44
75, 45
75, 46
75, 47
75, 48
75, 49
75, 50
75, 51
75, 52
75, 53
75, 54
75, 55
75, 56
75, 57
75, 58
75, 59
75, 60
75, 61
75, 62
75, 63
75, 64
75, 65
75, 66
75, 67
75, 68
75, 69
75, 70
75, 71
75, 72
75, 73
75, 74
75, 75
75, 76
75, 77
75, 78
75, 79
75, 80
75, 81
75, 82
75, 83
75, 84
75, 85
75, 86
75, 87
75, 88
75, 89
76, 8
76, 9
76, 10
76, 11
76, 12
76, 13
76, 14
76, 15
76, 16
76, 17
76, 18
76, 19
76, 20
76, 21
76, 22
76, 23
76, 24
76, 25
76, 26
76, 27
76, 28
76, 29
76, 30
76, 31
76, 32
76, 33
76, 34
76, 35
76, 36
76, 37
76, 38
76, 39
76, 40
76, 41
76, 42
76, 43
76, 44
76, 45
76, 46
76, 47
76, 48
76, 49
76, 50
76, 51
76, 52
76, 53
76, 54
76, 55
76, 56
76, 57
76, 58
76, 59
76, 60
76, 61
76, 62
76, 63
76, 64
76, 65
76, 66
76, 67
76, 68
76, 69
76, 70
76, 71
76, 72
76, 73
76, 74
76, 75
76, 76
76, 77
76, 78
76, 79
76, 80
76, 81
76, 82
76, 83
76, 84
76, 85
76, 86
76, 87
76, 88
76, 89
76, 90
77, 8
77, 9
77, 10
77, 11
77, 12
77, 13
77, 14
77, 15
77, 16
77, 17
77, 18
77, 19
77, 20
77, 21
77, 22
77, 23
77, 24
77, 25
77, 26
77, 27
77, 28
77, 29
77, 30
77, 31
77, 32
77, 33
77, 34
77, 35
77, 36
77, 37
77, 38
77, 39
77, 40
77, 41
77, 42
77, 43
77, 44
77, 45
77, 46
77, 47
77, 48
77, 49
77, 50
77, 51
77, 52
77, 53
77, 54
77, 55
77, 56
77, 57
77, 58
77, 59
77, 60
77, 61
77, 62
77, 63
77, 64
77, 65
77, 66
77, 67
77, 68
77, 69
77, 70
77, 71
77, 72
77, 73
77, 74
77, 75
77, 76
77, 77
77, 78
77, 79
77, 80
77, 81
77, 82
77, 83
77, 84
77, 85
77, 86
77, 87
77, 88
77, 89
77, 90
77, 91
78, 7
78, 8
78, 9
78, 10
78, 11
78, 12
78, 13
78, 14
78, 15
78, 16
78, 17
78, 18
78, 19
78, 20
78, 21
78, 22
78, 23
78, 24
78, 25
78, 26
78, 27
78, 28
78, 29
78, 30
78, 31
78, 32
78, 33
78, 34
78, 35
78, 36
78, 37
78, 38
78, 39
78, 40
78, 41
78, 42
78, 43
78, 44
78, 45
78, 46
78, 47
78, 48
78, 49
78, 50
78, 51
78, 52
78, 53
78, 54
78, 55
78, 56
78, 57
78, 58
78, 59
78, 60
78, 61
78, 62
78, 63
78, 64
78, 65
78, 66
78, 67
78, 68
78, 69
78, 70
78, 71
78, 72
78, 73
78, 74
78, 75
78, 76
78, 77
78, 78
78, 79
78, 80
78, 81
78, 82
78, 83
78, 84
78, 85
78, 86
78, 87
78, 88
78, 89
78, 90
78, 91
78, 92
79, 7
79, 8
79, 9
79, 10
79, 11
79, 12
79, 13
79, 14
79, 15
79, 16
79, 17
79, 18
79, 19
79, 20
79, 21
79, 22
79, 23
79, 24
79, 25
79, 26
79, 27
79, 28
79, 29
79, 30
79, 31
79, 32
79, 33
79, 34
79, 35
79, 36
79, 37
79, 38
79, 39
79, 40
79, 41
79, 42
79, 43
79, 44
79, 45
79, 46
79, 47
79, 48
79, 49
79, 50
79, 51
79, 52
79, 53
79, 54
79, 55
79, 56
79, 57
79, 58
79, 59
79, 60
79, 61
79, 62
79, 63
79, 64
79, 65
79, 66
79, 67
79, 68
79, 69
79, 70
79, 71
79, 72
79, 73
79, 74
79, 75
79, 76
79, 77
79, 78
79, 79
79, 80
79, 81
79, 82
79, 83
79, 84
79, 85
79, 86
79, 87
79, 88
79, 89
79, 90
79, 91
79, 92
79, 93
80, 6
80, 7
80, 8
80, 9
80, 10
80, 11
80, 12
80, 13
80, 14
80, 15
80, 16
80, 17
80, 18
80, 19
80, 20
80, 21
80, 22
80, 23
80, 24
80, 25
80, 26
80, 27
80, 28
80, 29
80, 30
80, 31
80, 32
80, 33
80, 34
80, 35
80, 36
80, 37
80, 38
80, 39
80, 40
80, 41
80, 42
80, 43
80, 44
80, 45
80, 46
80, 47
80, 48
80, 49
80, 50
80, 51
80, 52
80, 53
80, 54
80, 55
80, 56
80, 57
80, 58
80, 59
80, 60
80, 61
80, 62
80, 63
80, 64
80, 65
80, 66
80, 67
80, 68
80, 69
80, 70
80, 71
80, 72
80, 73
80, 74
80, 75
80, 76
80, 77
80, 78
80, 79
80, 80
80, 81
80, 82
80, 83
80, 84
80, 85
80, 86
80, 87
80, 88
80, 89
80, 90
80, 91
80, 92
80, 93
81, 6
81, 7
81, 8
81, 9
81, 10
81, 11
81, 12
81, 13
81, 14
81, 15
81, 16
81, 17
81, 18
81, 19
81, 20
81, 21
81, 22
81, 23
81, 24
81, 25
81, 26
81, 27
81, 28
81, 29
81, 30
81, 31
81, 32
81, 33
81, 34
81, 35
81, 36
81, 37
81, 38
81, 39
81, 40
81, 41
81, 42
81, 43
81, 44
81, 45
81, 46
81, 47
81, 48
81, 49
81, 50
81, 51
81, 52
81, 53
81, 54
81, 55
81, 56
81, 57
81, 58
81, 59
81, 60
81, 61
81, 62
81, 63
81, 64
81, 65
81, 66
81, 67
81, 68
81, 69
81, 70
81, 71
81, 72
81, 73
81, 74
81, 75
81, 76
81, 77
81, 78
81, 79
81, 80
81, 81
81, 82
81, 83
81, 84
81, 85
81, 86
81, 87
81, 88
81, 89
81, 90
81, 91
81, 92
81, 93
81, 94
82, 5
82, 6
82, 7
82, 8
82, 9
82, 10
82, 11
82, 12
82, 13
82, 14
82, 15
82, 16
82, 17
82, 18
82, 19
82, 20
82, 21
82, 22
82, 23
82, 24
82, 25
82, 26
82, 27
82, 28
82, 29
82, 30
82, 31
82, 32
82, 33
82, 34
82, 35
82, 36
82, 37
82, 38
82, 39
82, 40
82, 41
82, 42
82, 43
82, 44
82, 45
82, 46
82, 47
82, 48
82, 49
82, 50
82, 51
82, 52
82, 53
82, 54
82, 55
82, 56
82, 57
82, 58
82, 59
82, 60
82, 61
82, 62
82, 63
82, 64
82, 65
82, 66
82, 67
82, 68
82, 69
82, 70
82, 71
82, 72
82, 73
82, 74
82, 75
82, 76
82, 77
82, 78
82, 79
82, 80
82, 81
82, 82
82, 83
82, 84
82, 85
82, 86
82, 87
82, 88
82, 89
82, 90
82, 91
82, 92
82, 93
82, 94
82, 95
83, 5
83, 6
83, 7
83, 8
83, 9
83, 10
83, 11
83, 12
83, 13
83, 14
83, 15
83, 16
83, 17
83, 18
83, 19
83, 20
83, 21
83, 22
83, 23
83, 24
83, 25
83, 26
83, 27
83, 28
83, 29
83, 30
83, 31
83, 32
83, 33
83, 34
83, 35
83, 36
83, 37
83, 38
83, 39
83, 40
83, 41
83, 42
83, 43
83, 44
83, 45
83, 46
83, 47
83, 48
83, 49
83, 50
83, 51
83, 52
83, 53
83, 54
83, 55
83, 56
83, 57
83, 58
83, 59
83, 60
83, 61
83, 62
83, 63
83, 64
83, 65
83, 66
83, 67
83, 68
83, 69
83, 70
83, 71
83, 72
83, 73
83, 74
83, 75
83, 76
83, 77
83, 78
83, 79
83, 80
83, 81
83, 82
83, 83
83, 84
83, 85
83, 86
83, 87
83, 88
83, 89
83, 90
83, 91
83, 92
83, 93
83, 94
83, 95
83, 96
84, 5
84, 6
84, 7
84, 8
84, 9
84, 10
84, 11
84, 12
84, 13
84, 14
84, 15
84, 16
84, 17
84, 18
84, 19
84, 20
84, 21
84, 22
84, 23
84, 24
84, 25
84, 26
84, 27
84, 28
84, 29
84, 30
84, 31
84, 32
84, 33
84, 34
84, 35
84, 36
84, 37
84, 38
84, 39
84, 40
84, 41
84, 42
84, 43
84, 44
84, 45
84, 46
84, 47
84, 48
84, 49
84, 50
84, 51
84, 52
84, 53
84, 54
84, 55
84, 56
84, 57
84, 58
84, 59
84, 60
84, 61
84, 62
84, 63
84, 64
84, 65
84, 66
84, 67
84, 68
84, 69
84, 70
84, 71
84, 72
84, 73
84, 74
84, 75
84, 76
84, 77
84, 78
84, 79
84, 80
84, 81
84, 82
84, 83
84, 84
84, 85
84, 86
84, 87
84, 88
84, 89
84, 90
84, 91
84, 92
84, 93
84, 94
84, 95
84, 96
85, 4
85, 5
85, 6
85, 7
85, 8
85, 9
85, 10
85, 11
85, 12
85, 13
85, 14
85, 15
85, 16
85, 17
85, 18
85, 19
85, 20
85, 21
85, 22
85, 23
85, 24
85, 25
85, 26
85, 27
85, 28
85, 29
85, 30
85, 31
85, 32
85, 33
85, 34
85, 35
85, 36
85, 37
85, 38
85, 39
85, 40
85, 41
85, 42
85, 43
85, 44
85, 45
85, 46
85, 47
85, 48
85, 49
85, 50
85, 51
85, 52
85, 53
85, 54
85, 55
85, 56
85, 57
85, 58
85, 59
85, 60
85, 61
85, 62
85, 63
85, 64
85, 65
85, 66
85, 67
85, 68
85, 69
85, 70
85, 71
85, 72
85, 73
85, 74
85, 75
85, 76
85, 77
85, 78
85, 79
85, 80
85, 81
85, 82
85, 83
85, 84
85, 85
85, 86
85, 87
85, 88
85, 89
85, 90
85, 91
85, 92
85, 93
85, 94
85, 95
85, 96
86, 4
86, 5
86, 6
86, 7
86, 8
86, 9
86, 10
86, 11
86, 12
86, 13
86, 14
86, 15
86, 16
86, 17
86, 18
86, 19
86, 20
86, 21
86, 22
86, 23
86, 24
86, 25
86, 26
86, 27
86, 28
86, 29
86, 30
86, 31
86, 32
86, 33
86, 34
86, 35
86, 36
86, 37
86, 38
86, 39
86, 40
86, 41
86, 42
86, 43
86, 44
86, 45
86, 46
86, 47
86, 48
86, 49
86, 50
86, 51
86, 52
86, 53
86, 54
86, 55
86, 56
86, 57
86, 58
86, 59
86, 60
86, 61
86, 62
86, 63
86, 64
86, 65
86, 66
86, 67
86, 68
86, 69
86, 70
86, 71
86, 72
86, 73
86, 74
86, 75
86, 76
86, 77
86, 78
86, 79
86, 80
86, 81
86, 82
86, 83
86, 84
86, 85
86, 86
86, 87
86, 88
86, 89
86, 90
86, 91
86, 92
86, 93
86, 94
86, 95
86, 96
86, 97
87, 4
87, 5
87, 6
87, 7
87, 8
87, 9
87, 10
87, 11
87, 12
87, 13
87, 14
87, 15
87, 16
87, 17
87, 18
87, 19
87, 20
87, 21
87, 22
87, 23
87, 24
87, 25
87, 26
87, 27
87, 28
87, 29
87, 30
87, 31
87, 32
87, 33
87, 34
87, 35
87, 36
87, 37
87, 38
87, 39
87, 40
87, 41
87, 42
87, 43
87, 44
87, 45
87, 46
87, 47
87, 48
87, 49
87, 50
87, 51
87, 52
87, 53
87, 54
87, 55
87, 56
87, 57
87, 58
87, 59
87, 60
87, 61
87, 62
87, 63
87, 64
87, 65
87, 66
87, 67
87, 68
87, 69
87, 70
87, 71
87, 72
87, 73
87, 74
87, 75
87, 76
87, 77
87, 78
87, 79
87, 80
87, 81
87, 82
87, 83
87, 84
87, 85
87, 86
87, 87
87, 88
87, 89
87, 90
87, 91
87, 92
87, 93
87, 94
87, 95
87, 96
87, 97
88, 4
88, 5
88, 6
88, 7
88, 8
88, 9
88, 10
88, 11
88, 12
88, 13
88, 14
88, 15
88, 16
88, 17
88, 18
88, 19
88, 20
88, 21
88, 22
88, 23
88, 24
88, 25
88, 26
88, 27
88, 28
88, 29
88, 30
88, 31
88, 32
88, 33
88, 34
88, 35
88, 36
88, 37
88, 38
88, 39
88, 40
88, 41
88, 42
88, 43
88, 44
88, 45
88, 46
88, 47
88, 48
88, 49
88, 50
88, 51
88, 52
88, 53
88, 54
88, 55
88, 56
88, 57
88, 58
88, 59
88, 60
88, 61
88, 62
88, 63
88, 64
88, 65
88, 66
88, 67
88, 68
88, 69
88, 70
88, 71
88, 72
88, 73
88, 74
88, 75
88, 76
88, 77
88, 78
88, 79
88, 80
88, 81
88, 82
88, 83
88, 84
88, 85
88, 86
88, 87
88, 88
88, 89
88, 90
88, 91
88, 92
88, 93
88, 94
88, 95
88, 96
88, 97
89, 4
89, 5
89, 6
89, 7
89, 8
89, 9
89, 10
89, 11
89, 12
89, 13
89, 14
89, 15
89, 16
89, 17
89, 18
89, 19
89, 20
89, 21
89, 22
89, 23
89, 24
89, 25
89, 26
89, 27
89, 28
89, 29
89, 30
89, 31
89, 32
89, 33
89, 34
89, 35
89, 36
89, 37
89, 38
89, 39
89, 40
89, 41
89, 42
89, 43
89, 44
89, 45
89, 46
89, 47
89, 48
89, 49
89, 50
89, 51
89, 52
89, 53
89, 54
89, 55
89, 56
89, 57
89, 58
89, 59
89, 60
89, 61
89, 62
89, 63
89, 64
89, 65
89, 66
89, 67
89, 68
89, 69
89, 70
89, 71
89, 72
89, 73
89, 74
89, 75
89, 76
89, 77
89, 78
89, 79
89, 80
89, 81
89, 82
89, 83
89, 84
89, 85
89, 86
89, 87
89, 88
89, 89
89, 90
89, 91
89, 92
89, 93
89, 94
89, 95
89, 96
89, 97
89, 98
90, 4
90, 5
90, 6
90, 7
90, 8
90, 9
90, 10
90, 11
90, 12
90, 13
90, 14
90, 15
90, 16
90, 17
90, 18
90, 19
90, 20
90, 21
90, 22
90, 23
90, 24
90, 25
90, 26
90, 27
90, 28
90, 29
90, 30
90, 31
90, 32
90, 33
90, 34
90, 35
90, 36
90, 37
90, 38
90, 39
90, 40
90, 41
90, 42
90, 43
90, 44
90, 45
90, 46
90, 47
90, 48
90, 49
90, 50
90, 51
90, 52
90, 53
90, 54
90, 55
90, 56
90, 57
90, 58
90, 59
90, 60
90, 61
90, 62
90, 63
90, 64
90, 65
90, 66
90, 67
90, 68
90, 69
90, 70
90, 71
90, 72
90, 73
90, 74
90, 75
90, 76
90, 77
90, 78
90, 79
90, 80
90, 81
90, 82
90, 83
90, 84
90, 85
90, 86
90, 87
90, 88
90, 89
90, 90
90, 91
90, 92
90, 93
90, 94
90, 95
90, 96
90, 97
90, 98
91, 4
91, 5
91, 6
91, 7
91, 8
91, 9
91, 10
91, 11
91, 12
91, 13
91, 14
91, 15
91, 16
91, 17
91, 18
91, 19
91, 20
91, 21
91, 22
91, 23
91, 24
91, 25
91, 26
91, 27
91, 28
91, 29
91, 30
91, 31
91, 32
91, 33
91, 34
91, 35
91, 36
91, 37
91, 38
91, 39
91, 40
91, 41
91, 42
91, 43
91, 44
91, 45
91, 46
91, 47
91, 48
91, 49
91, 50
91, 51
91, 52
91, 53
91, 54
91, 55
91, 56
91, 57
91, 58
91, 59
91, 60
91, 61
91, 62
91, 63
91, 64
91, 65
91, 66
91, 67
91, 68
91, 69
91, 70
91, 71
91, 72
91, 73
91, 74
91, 75
91, 76
91, 77
91, 78
91, 79
91, 80
91, 81
91, 82
91, 83
91, 84
91, 85
91, 86
91, 87
91, 88
91, 89
91, 90
91, 91
91, 92
91, 93
91, 94
91, 95
91, 96
91, 97
91, 98
91, 99
92, 4
92, 5
92, 6
92, 7
92, 8
92, 9
92, 10
92, 11
92, 12
92, 13
92, 14
92, 15
92, 16
92, 17
92, 18
92, 19
92, 20
92, 21
92, 22
92, 23
92, 24
92, 25
92, 26
92, 27
92, 28
92, 29
92, 30
92, 31
92, 32
92, 33
92, 34
92, 35
92, 36
92, 37
92, 38
92, 39
92, 40
92, 41
92, 42
92, 43
92, 44
92, 45
92, 46
92, 47
92, 48
92, 49
92, 50
92, 51
92, 52
92, 53
92, 54
92, 55
92, 56
92, 57
92, 58
92, 59
92, 60
92, 61
92, 62
92, 63
92, 64
92, 65
92, 66
92, 67
92, 68
92, 69
92, 70
92, 71
92, 72
92, 73
92, 74
92, 75
92, 76
92, 77
92, 78
92, 79
92, 80
92, 81
92, 82
92, 83
92, 84
92, 85
92, 86
92, 87
92, 88
92, 89
92, 90
92, 91
92, 92
92, 93
92, 94
92, 95
92, 96
92, 97
92, 98
92, 99
93, 4
93, 5
93, 6
93, 7
93, 8
93, 9
93, 10
93, 11
93, 12
93, 13
93, 14
93, 15
93, 16
93, 17
93, 18
93, 19
93, 20
93, 21
93, 22
93, 23
93, 24
93, 25
93, 26
93, 27
93, 28
93, 29
93, 30
93, 31
93, 32
93, 33
93, 34
93, 35
93, 36
93, 37
93, 38
93, 39
93, 40
93, 41
93, 42
93, 43
93, 44
93, 45
93, 46
93, 47
93, 48
93, 49
93, 50
93, 51
93, 52
93, 53
93, 54
93, 55
93, 56
93, 57
93, 58
93, 59
93, 60
93, 61
93, 62
93, 63
93, 64
93, 65
93, 66
93, 67
93, 68
93, 69
93, 70
93, 71
93, 72
93, 73
93, 74
93, 75
93, 76
93, 77
93, 78
93, 79
93, 80
93, 81
93, 82
93, 83
93, 84
93, 85
93, 86
93, 87
93, 88
93, 89
93, 90
93, 91
93, 92
93, 93
93, 94
93, 95
93, 96
93, 97
93, 98
93, 99
94, 4
94, 5
94, 6
94, 7
94, 8
94, 9
94, 10
94, 11
94, 12
94, 13
94, 14
94, 15
94, 16
94, 17
94, 18
94, 19
94, 20
94, 21
94, 22
94, 23
94, 24
94, 25
94, 26
94, 27
94, 28
94, 29
94, 30
94, 31
94, 32
94, 33
94, 34
94, 35
94, 36
94, 37
94, 38
94, 39
94, 40
94, 41
94, 42
94, 43
94, 44
94, 45
94, 46
94, 47
94, 48
94, 49
94, 50
94, 51
94, 52
94, 53
94, 54
94, 55
94, 56
94, 57
94, 58
94, 59
94, 60
94, 61
94, 62
94, 63
94, 64
94, 65
94, 66
94, 67
94, 68
94, 69
94, 70
94, 71
94, 72
94, 73
94, 74
94, 75
94, 76
94, 77
94, 78
94, 79
94, 80
94, 81
94, 82
94, 83
94, 84
94, 85
94, 86
94, 87
94, 88
94, 89
94, 90
94, 91
94, 92
94, 93
94, 94
94, 95
94, 96
94, 97
94, 98
94, 99
94, 100
95, 4
95, 5
95, 6
95, 7
95, 8
95, 9
95, 10
95, 11
95, 12
95, 13
95, 14
95, 15
95, 16
95, 17
95, 18
95, 19
95, 20
95, 21
95, 22
95, 23
95, 24
95, 25
95, 26
95, 27
95, 28
95, 29
95, 30
95, 31
95, 32
95, 33
95, 34
95, 35
95, 36
95, 37
95, 38
95, 39
95, 40
95, 41
95, 42
95, 43
95, 44
95, 45
95, 46
95, 47
95, 48
95, 49
95, 50
95, 51
95, 52
95, 53
95, 54
95, 55
95, 56
95, 57
95, 58
95, 59
95, 60
95, 61
95, 62
95, 63
95, 64
95, 65
95, 66
95, 67
95, 68
95, 69
95, 70
95, 71
95, 72
95, 73
95, 74
95, 75
95, 76
95, 77
95, 78
95, 79
95, 80
95, 81
95, 82
95, 83
95, 84
95, 85
95, 86
95, 87
95, 88
95, 89
95, 90
95, 91
95, 92
95, 93
95, 94
95, 95
95, 96
95, 97
95, 98
95, 99
95, 100
96, 4
96, 5
96, 6
96, 7
96, 8
96, 9
96, 10
96, 11
96, 12
96, 13
96, 14
96, 15
96, 16
96, 17
96, 18
96, 19
96, 20
96, 21
96, 22
96, 23
96, 24
96, 25
96, 26
96, 27
96, 28
96, 29
96, 30
96, 31
96, 32
96, 33
96, 34
96, 35
96, 36
96, 37
96, 38
96, 39
96, 40
96, 41
96, 42
96, 43
96, 44
96, 45
96, 46
96, 47
96, 48
96, 49
96, 50
96, 51
96, 52
96, 53
96, 54
96, 55
96, 56
96, 57
96, 58
96, 59
96, 60
96, 61
96, 62
96, 63
96, 64
96, 65
96, 66
96, 67
96, 68
96, 69
96, 70
96, 71
96, 72
96, 73
96, 74
96, 75
96, 76
96, 77
96, 78
96, 79
96, 80
96, 81
96, 82
96, 83
96, 84
96, 85
96, 86
96, 87
96, 88
96, 89
96, 90
96, 91
96, 92
96, 93
96, 94
96, 95
96, 96
96, 97
96, 98
96, 99
96, 100
97, 4
97, 5
97, 6
97, 7
97, 8
97, 9
97, 10
97, 11
97, 12
97, 13
97, 14
97, 15
97, 16
97, 17
97, 18
97, 19
97, 20
97, 21
97, 22
97, 23
97, 24
97, 25
97, 26
97, 27
97, 28
97, 29
97, 30
97, 31
97, 32
97, 33
97, 34
97, 35
97, 36
97, 37
97, 38
97, 39
97, 40
97, 41
97, 42
97, 43
97, 44
97, 45
97, 46
97, 47
97, 48
97, 49
97, 50
97, 51
97, 52
97, 53
97, 54
97, 55
97, 56
97, 57
97, 58
97, 59
97, 60
97, 61
97, 62
97, 63
97, 64
97, 65
97, 66
97, 67
97, 68
97, 69
97, 70
97, 71
97, 72
97, 73
97, 74
97, 75
97, 76
97, 77
97, 78
97, 79
97, 80
97, 81
97, 82
97, 83
97, 84
97, 85
97, 86
97, 87
97, 88
97, 89
97, 90
97, 91
97, 92
97, 93
97, 94
97, 95
97, 96
97, 97
97, 98
97, 99
97, 100
97, 101
98, 4
98, 5
98, 6
98, 7
98, 8
98, 9
98, 10
98, 11
98, 12
98, 13
98, 14
98, 15
98, 16
98, 17
98, 18
98, 19
98, 20
98, 21
98, 22
98, 23
98, 24
98, 25
98, 26
98, 27
98, 28
98, 29
98, 30
98, 31
98, 32
98, 33
98, 34
98, 35
98, 36
98, 37
98, 38
98, 39
98, 40
98, 41
98, 42
98, 43
98, 44
98, 45
98, 46
98, 47
98, 48
98, 49
98, 50
98, 51
98, 52
98, 53
98, 54
98, 55
98, 56
98, 57
98, 58
98, 59
98, 60
98, 61
98, 62
98, 63
98, 64
98, 65
98, 66
98, 67
98, 68
98, 69
98, 70
98, 71
98, 72
98, 73
98, 74
98, 75
98, 76
98, 77
98, 78
98, 79
98, 80
98, 81
98, 82
98, 83
98, 84
98, 85
98, 86
98, 87
98, 88
98, 89
98, 90
98, 91
98, 92
98, 93
98, 94
98, 95
98, 96
98, 97
98, 98
98, 99
98, 100
98, 101
99, 4
99, 5
99, 6
99, 7
99, 8
99, 9
99, 10
99, 11
99, 12
99, 13
99, 14
99, 15
99, 16
99, 17
99, 18
99, 19
99, 20
99, 21
99, 22
99, 23
99, 24
99, 25
99, 26
99, 27
99, 28
99, 29
99, 30
99, 31
99, 32
99, 33
99, 34
99, 35
99, 36
99, 37
99, 38
99, 39
99, 40
99, 41
99, 42
99, 43
99, 44
99, 45
99, 46
99, 47
99, 48
99, 49
99, 50
99, 51
99, 52
99, 53
99, 54
99, 55
99, 56
99, 57
99, 58
99, 59
99, 60
99, 61
99, 62
99, 63
99, 64
99, 65
99, 66
99, 67
99, 68
99, 69
99, 70
99, 71
99, 72
99, 73
99, 74
99, 75
99, 76
99, 77
99, 78
99, 79
99, 80
99, 81
99, 82
99, 83
99, 84
99, 85
99, 86
99, 87
99, 88
99, 89
99, 90
99, 91
99, 92
99, 93
99, 94
99, 95
99, 96
99, 97
99, 98
99, 99
99, 100
99, 101
99, 102
100, 3
100, 4
100, 5
100, 6
100, 7
100, 8
100, 9
100, 10
100, 11
100, 12
100, 13
100, 14
100, 15
100, 16
100, 17
100, 18
100, 19
100, 20
100, 21
100, 22
100, 23
100, 24
100, 25
100, 26
100, 27
100, 28
100, 29
100, 30
100, 31
100, 32
100, 33
100, 34
100, 35
100, 36
100, 37
100, 38
100, 39
100, 40
100, 41
100, 42
100, 43
100, 44
100, 45
100, 46
100, 47
100, 48
100, 49
100, 50
100, 51
100, 52
100, 53
100, 54
100, 55
100, 56
100, 57
100, 58
100, 59
100, 60
100, 61
100, 62
100, 63
100, 64
100, 65
100, 66
100, 67
100, 68
100, 69
100, 70
100, 71
100, 72
100, 73
100, 74
100, 75
100, 76
100, 77
100, 78
100, 79
100, 80
100, 81
100, 82
100, 83
100, 84
100, 85
100, 86
100, 87
100, 88
100, 89
100, 90
100, 91
100, 92
100, 93
100, 94
100, 95
100, 96
100, 97
100, 98
100, 99
100, 100
100, 101
100, 102
100, 103
101, 3
101, 4
101, 5
101, 6
101, 7
101, 8
101, 9
101, 10
101, 11
101, 12
101, 13
101, 14
101, 15
101, 16
101, 17
101, 18
101, 19
101, 20
101, 21
101, 22
101, 23
101, 24
101, 25
101, 26
101, 27
101, 28
101, 29
101, 30
101, 31
101, 32
101, 33
101, 34
101, 35
101, 36
101, 37
101, 38
101, 39
101, 40
101, 41
101, 42
101, 43
101, 44
101, 45
101, 46
101, 47
101, 48
101, 49
101, 50
101, 51
101, 52
101, 53
101, 54
101, 55
101, 56
101, 57
101, 58
101, 59
101, 60
101, 61
101, 62
101, 63
101, 64
101, 65
101, 66
101, 67
101, 68
101, 69
101, 70
101, 71
101, 72
101, 73
101, 74
101, 75
101, 76
101, 77
101, 78
101, 79
101, 80
101, 81
101, 82
101, 83
101, 84
101, 85
101, 86
101, 87
101, 88
101, 89
101, 90
101, 91
101, 92
101, 93
101, 94
101, 95
101, 96
101, 97
101, 98
101, 99
101, 100
101, 101
101, 102
101, 103
102, 3
102, 4
102, 5
102, 6
102, 7
102, 8
102, 9
102, 10
102, 11
102, 12
102, 13
102, 14
102, 15
102, 16
102, 17
102, 18
102, 19
102, 20
102, 21
102, 22
102, 23
102, 24
102, 25
102, 26
102, 27
102, 28
102, 29
102, 30
102, 31
102, 32
102, 33
102, 34
102, 35
102, 36
102, 37
102, 38
102, 39
102, 40
102, 41
102, 42
102, 43
102, 44
102, 45
102, 46
102, 47
102, 48
102, 49
102, 50
102, 51
102, 52
102, 53
102, 54
102, 55
102, 56
102, 57
102, 58
102, 59
102, 60
102, 61
102, 62
102, 63
102, 64
102, 65
102, 66
102, 67
102, 68
102, 69
102, 70
102, 71
102, 72
102, 73
102, 74
102, 75
102, 76
102, 77
102, 78
102, 79
102, 80
102, 81
102, 82
102, 83
102, 84
102, 85
102, 86
102, 87
102, 88
102, 89
102, 90
102, 91
102, 92
102, 93
102, 94
102, 95
102, 96
102, 97
102, 98
102, 99
102, 100
102, 101
102, 102
102, 103
102, 104
103, 3
103, 4
103, 5
103, 6
103, 7
103, 8
103, 9
103, 10
103, 11
103, 12
103, 13
103, 14
103, 15
103, 16
103, 17
103, 18
103, 19
103, 20
103, 21
103, 22
103, 23
103, 24
103, 25
103, 26
103, 27
103, 28
103, 29
103, 30
103, 31
103, 32
103, 33
103, 34
103, 35
103, 36
103, 37
103, 38
103, 39
103, 40
103, 41
103, 42
103, 43
103, 44
103, 45
103, 46
103, 47
103, 48
103, 49
103, 50
103, 51
103, 52
103, 53
103, 54
103, 55
103, 56
103, 57
103, 58
103, 59
103, 60
103, 61
103, 62
103, 63
103, 64
103, 65
103, 66
103, 67
103, 68
103, 69
103, 70
103, 71
103, 72
103, 73
103, 74
103, 75
103, 76
103, 77
103, 78
103, 79
103, 80
103, 81
103, 82
103, 83
103, 84
103, 85
103, 86
103, 87
103, 88
103, 89
103, 90
103, 91
103, 92
103, 93
103, 94
103, 95
103, 96
103, 97
103, 98
103, 99
103, 100
103, 101
103, 102
103, 103
103, 104
104, 3
104, 4
104, 5
104, 6
104, 7
104, 8
104, 9
104, 10
104, 11
104, 12
104, 13
104, 14
104, 15
104, 16
104, 17
104, 18
104, 19
104, 20
104, 21
104, 22
104, 23
104, 24
104, 25
104, 26
104, 27
104, 28
104, 29
104, 30
104, 31
104, 32
104, 33
104, 34
104, 35
104, 36
104, 37
104, 38
104, 39
104, 40
104, 41
104, 42
104, 43
104, 44
104, 45
104, 46
104, 47
104, 48
104, 49
104, 50
104, 51
104, 52
104, 53
104, 54
104, 55
104, 56
104, 57
104, 58
104, 59
104, 60
104, 61
104, 62
104, 63
104, 64
104, 65
104, 66
104, 67
104, 68
104, 69
104, 70
104, 71
104, 72
104, 73
104, 74
104, 75
104, 76
104, 77
104, 78
104, 79
104, 80
104, 81
104, 82
104, 83
104, 84
104, 85
104, 86
104, 87
104, 88
104, 89
104, 90
104, 91
104, 92
104, 93
104, 94
104, 95
104, 96
104, 97
104, 98
104, 99
104, 100
104, 101
104, 102
104, 103
104, 104
105, 3
105, 4
105, 5
105, 6
105, 7
105, 8
105, 9
105, 10
105, 11
105, 12
105, 13
105, 14
105, 15
105, 16
105, 17
105, 18
105, 19
105, 20
105, 21
105, 22
105, 23
105, 24
105, 25
105, 26
105, 27
105, 28
105, 29
105, 30
105, 31
105, 32
105, 33
105, 34
105, 35
105, 36
105, 37
105, 38
105, 39
105, 40
105, 41
105, 42
105, 43
105, 44
105, 45
105, 46
105, 47
105, 48
105, 49
105, 50
105, 51
105, 52
105, 53
105, 54
105, 55
105, 56
105, 57
105, 58
105, 59
105, 60
105, 61
105, 62
105, 63
105, 64
105, 65
105, 66
105, 67
105, 68
105, 69
105, 70
105, 71
105, 72
105, 73
105, 74
105, 75
105, 76
105, 77
105, 78
105, 79
105, 80
105, 81
105, 82
105, 83
105, 84
105, 85
105, 86
105, 87
105, 88
105, 89
105, 90
105, 91
105, 92
105, 93
105, 94
105, 95
105, 96
105, 97
105, 98
105, 99
105, 100
105, 101
105, 102
105, 103
105, 104
106, 2
106, 3
106, 4
106, 5
106, 6
106, 7
106, 8
106, 9
106, 10
106, 11
106, 12
106, 13
106, 14
106, 15
106, 16
106, 17
106, 18
106, 19
106, 20
106, 21
106, 22
106, 23
106, 24
106, 25
106, 26
106, 27
106, 28
106, 29
106, 30
106, 31
106, 32
106, 33
106, 34
106, 35
106, 36
106, 37
106, 38
106, 39
106, 40
106, 41
106, 42
106, 43
106, 44
106, 45
106, 46
106, 47
106, 48
106, 49
106, 50
106, 51
106, 52
106, 53
106, 54
106, 55
106, 56
106, 57
106, 58
106, 59
106, 60
106, 61
106, 62
106, 63
106, 64
106, 65
106, 66
106, 67
106, 68
106, 69
106, 70
106, 71
106, 72
106, 73
106, 74
106, 75
106, 76
106, 77
106, 78
106, 79
106, 80
106, 81
106, 82
106, 83
106, 84
106, 85
106, 86
106, 87
106, 88
106, 89
106, 90
106, 91
106, 92
106, 93
106, 94
106, 95
106, 96
106, 97
106, 98
106, 99
106, 100
106, 101
106, 102
106, 103
106, 104
107, 2
107, 3
107, 4
107, 5
107, 6
107, 7
107, 8
107, 9
107, 10
107, 11
107, 12
107, 13
107, 14
107, 15
107, 16
107, 17
107, 18
107, 19
107, 20
107, 21
107, 22
107, 23
107, 24
107, 25
107, 26
107, 27
107, 28
107, 29
107, 30
107, 31
107, 32
107, 33
107, 34
107, 35
107, 36
107, 37
107, 38
107, 39
107, 40
107, 41
107, 42
107, 43
107, 44
107, 45
107, 46
107, 47
107, 48
107, 49
107, 50
107, 51
107, 52
107, 53
107, 54
107, 55
107, 56
107, 57
107, 58
107, 59
107, 60
107, 61
107, 62
107, 63
107, 64
107, 65
107, 66
107, 67
107, 68
107, 69
107, 70
107, 71
107, 72
107, 73
107, 74
107, 75
107, 76
107, 77
107, 78
107, 79
107, 80
107, 81
107, 82
107, 83
107, 84
107, 85
107, 86
107, 87
107, 88
107, 89
107, 90
107, 91
107, 92
107, 93
107, 94
107, 95
107, 96
107, 97
107, 98
107, 99
107, 100
107, 101
107, 102
107, 103
107, 104
108, 2
108, 3
108, 4
108, 5
108, 6
108, 7
108, 8
108, 9
108, 10
108, 11
108, 12
108, 13
108, 14
108, 15
108, 16
108, 17
108, 18
108, 19
108, 20
108, 21
108, 22
108, 23
108, 24
108, 25
108, 26
108, 27
108, 28
108, 29
108, 30
108, 31
108, 32
108, 33
108, 34
108, 35
108, 36
108, 37
108, 38
108, 39
108, 40
108, 41
108, 42
108, 43
108, 44
108, 45
108, 46
108, 47
108, 48
108, 49
108, 50
108, 51
108, 52
108, 53
108, 54
108, 55
108, 56
108, 57
108, 58
108, 59
108, 60
108, 61
108, 62
108, 63
108, 64
108, 65
108, 66
108, 67
108, 68
108, 69
108, 70
108, 71
108, 72
108, 73
108, 74
108, 75
108, 76
108, 77
108, 78
108, 79
108, 80
108, 81
108, 82
108, 83
108, 84
108, 85
108, 86
108, 87
108, 88
108, 89
108, 90
108, 91
108, 92
108, 93
108, 94
108, 95
108, 96
108, 97
108, 98
108, 99
108, 100
108, 101
108, 102
108, 103
108, 104
109, 2
109, 3
109, 4
109, 5
109, 6
109, 7
109, 8
109, 9
109, 10
109, 11
109, 12
109, 13
109, 14
109, 15
109, 16
109, 17
109, 18
109, 19
109, 20
109, 21
109, 22
109, 23
109, 24
109, 25
109, 26
109, 27
109, 28
109, 29
109, 30
109, 31
109, 32
109, 33
109, 34
109, 35
109, 36
109, 37
109, 38
109, 39
109, 40
109, 41
109, 42
109, 43
109, 44
109, 45
109, 46
109, 47
109, 48
109, 49
109, 50
109, 51
109, 52
109, 53
109, 54
109, 55
109, 56
109, 57
109, 58
109, 59
109, 60
109, 61
109, 62
109, 63
109, 64
109, 65
109, 66
109, 67
109, 68
109, 69
109, 70
109, 71
109, 72
109, 73
109, 74
109, 75
109, 76
109, 77
109, 78
109, 79
109, 80
109, 81
109, 82
109, 83
109, 84
109, 85
109, 86
109, 87
109, 88
109, 89
109, 90
109, 91
109, 92
109, 93
109, 94
109, 95
109, 96
109, 97
109, 98
109, 99
109, 100
109, 101
109, 102
109, 103
109, 104
110, 1
110, 2
110, 3
110, 4
110, 5
110, 6
110, 7
110, 8
110, 9
110, 10
110, 11
110, 12
110, 13
110, 14
110, 15
110, 16
110, 17
110, 18
110, 19
110, 20
110, 21
110, 22
110, 23
110, 24
110, 25
110, 26
110, 27
110, 28
110, 29
110, 30
110, 31
110, 32
110, 33
110, 34
110, 35
110, 36
110, 37
110, 38
110, 39
110, 40
110, 41
110, 42
110, 43
110, 44
110, 45
110, 46
110, 47
110, 48
110, 49
110, 50
110, 51
110, 52
110, 53
110, 54
110, 55
110, 56
110, 57
110, 58
110, 59
110, 60
110, 61
110, 62
110, 63
110, 64
110, 65
110, 66
110, 67
110, 68
110, 69
110, 70
110, 71
110, 72
110, 73
110, 74
110, 75
110, 76
110, 77
110, 78
110, 79
110, 80
110, 81
110, 82
110, 83
110, 84
110, 85
110, 86
110, 87
110, 88
110, 89
110, 90
110, 91
110, 92
110, 93
110, 94
110, 95
110, 96
110, 97
110, 98
110, 99
110, 100
110, 101
110, 102
110, 103
110, 104
111, 1
111, 2
111, 3
111, 4
111, 5
111, 6
111, 7
111, 8
111, 9
111, 10
111, 11
111, 12
111, 13
111, 14
111, 15
111, 16
111, 17
111, 18
111, 19
111, 20
111, 21
111, 22
111, 23
111, 24
111, 25
111, 26
111, 27
111, 28
111, 29
111, 30
111, 31
111, 32
111, 33
111, 34
111, 35
111, 36
111, 37
111, 38
111, 39
111, 40
111, 41
111, 42
111, 43
111, 44
111, 45
111, 46
111, 47
111, 48
111, 49
111, 50
111, 51
111, 52
111, 53
111, 54
111, 55
111, 56
111, 57
111, 58
111, 59
111, 60
111, 61
111, 62
111, 63
111, 64
111, 65
111, 66
111, 67
111, 68
111, 69
111, 70
111, 71
111, 72
111, 73
111, 74
111, 75
111, 76
111, 77
111, 78
111, 79
111, 80
111, 81
111, 82
111, 83
111, 84
111, 85
111, 86
111, 87
111, 88
111, 89
111, 90
111, 91
111, 92
111, 93
111, 94
111, 95
111, 96
111, 97
111, 98
111, 99
111, 100
111, 101
111, 102
111, 103
111, 104
112, 1
112, 2
112, 3
112, 4
112, 5
112, 6
112, 7
112, 8
112, 9
112, 10
112, 11
112, 12
112, 13
112, 14
112, 15
112, 16
112, 17
112, 18
112, 19
112, 20
112, 21
112, 22
112, 23
112, 24
112, 25
112, 26
112, 27
112, 28
112, 29
112, 30
112, 31
112, 32
112, 33
112, 34
112, 35
112, 36
112, 37
112, 38
112, 39
112, 40
112, 41
112, 42
112, 43
112, 44
112, 45
112, 46
112, 47
112, 48
112, 49
112, 50
112, 51
112, 52
112, 53
112, 54
112, 55
112, 56
112, 57
112, 58
112, 59
112, 60
112, 61
112, 62
112, 63
112, 64
112, 65
112, 66
112, 67
112, 68
112, 69
112, 70
112, 71
112, 72
112, 73
112, 74
112, 75
112, 76
112, 77
112, 78
112, 79
112, 80
112, 81
112, 82
112, 83
112, 84
112, 85
112, 86
112, 87
112, 88
112, 89
112, 90
112, 91
112, 92
112, 93
112, 94
112, 95
112, 96
112, 97
112, 98
112, 99
112, 100
112, 101
112, 102
112, 103
112, 104
113, 1
113, 2
113, 3
113, 4
113, 5
113, 6
113, 7
113, 8
113, 9
113, 10
113, 11
113, 12
113, 13
113, 14
113, 15
113, 16
113, 17
113, 18
113, 19
113, 20
113, 21
113, 22
113, 23
113, 24
113, 25
113, 26
113, 27
113, 28
113, 29
113, 30
113, 31
113, 32
113, 33
113, 34
113, 35
113, 36
113, 37
113, 38
113, 39
113, 40
113, 41
113, 42
113, 43
113, 44
113, 45
113, 46
113, 47
113, 48
113, 49
113, 50
113, 51
113, 52
113, 53
113, 54
113, 55
113, 56
113, 57
113, 58
113, 59
113, 60
113, 61
113, 62
113, 63
113, 64
113, 65
113, 66
113, 67
113, 68
113, 69
113, 70
113, 71
113, 72
113, 73
113, 74
113, 75
113, 76
113, 77
113, 78
113, 79
113, 80
113, 81
113, 82
113, 83
113, 84
113, 85
113, 86
113, 87
113, 88
113, 89
113, 90
113, 91
113, 92
113, 93
113, 94
113, 95
113, 96
113, 97
113, 98
113, 99
113, 100
113, 101
113, 102
113, 103
113, 104
114, 1
114, 2
114, 3
114, 4
114, 5
114, 6
114, 7
114, 8
114, 9
114, 10
114, 11
114, 12
114, 13
114, 14
114, 15
114, 16
114, 17
114, 18
114, 19
114, 20
114, 21
114, 22
114, 23
114, 24
114, 25
114, 26
114, 27
114, 28
114, 29
114, 30
114, 31
114, 32
114, 33
114, 34
114, 35
114, 36
114, 37
114, 38
114, 39
114, 40
114, 41
114, 42
114, 43
114, 44
114, 45
114, 46
114, 47
114, 48
114, 49
114, 50
114, 51
114, 52
114, 53
114, 54
114, 55
114, 56
114, 57
114, 58
114, 59
114, 60
114, 61
114, 62
114, 63
114, 64
114, 65
114, 66
114, 67
114, 68
114, 69
114, 70
114, 71
114, 72
114, 73
114, 74
114, 75
114, 76
114, 77
114, 78
114, 79
114, 80
114, 81
114, 82
114, 83
114, 84
114, 85
114, 86
114, 87
114, 88
114, 89
114, 90
114, 91
114, 92
114, 93
114, 94
114, 95
114, 96
114, 97
114, 98
114, 99
114, 100
114, 101
114, 102
114, 103
114, 104
115, 2
115, 3
115, 4
115, 5
115, 6
115, 7
115, 8
115, 9
115, 10
115, 11
115, 12
115, 13
115, 14
115, 15
115, 16
115, 17
115, 18
115, 19
115, 20
115, 21
115, 22
115, 23
115, 24
115, 25
115, 26
115, 27
115, 28
115, 29
115, 30
115, 31
115, 32
115, 33
115, 34
115, 35
115, 36
115, 37
115, 38
115, 39
115, 40
115, 41
115, 42
115, 43
115, 44
115, 45
115, 46
115, 47
115, 48
115, 49
115, 50
115, 51
115, 52
115, 53
115, 54
115, 55
115, 56
115, 57
115, 58
115, 59
115, 60
115, 61
115, 62
115, 63
115, 64
115, 65
115, 66
115, 67
115, 68
115, 69
115, 70
115, 71
115, 72
115, 73
115, 74
115, 75
115, 76
115, 77
115, 78
115, 79
115, 80
115, 81
115, 82
115, 83
115, 84
115, 85
115, 86
115, 87
115, 88
115, 89
115, 90
115, 91
115, 92
115, 93
115, 94
115, 95
115, 96
115, 97
115, 98
115, 99
115, 100
115, 101
115, 102
115, 103
115, 104
116, 5
116, 6
116, 7
116, 8
116, 9
116, 10
116, 11
116, 12
116, 13
116, 14
116, 15
116, 16
116, 17
116, 18
116, 19
116, 20
116, 21
116, 22
116, 23
116, 24
116, 25
116, 26
116, 27
116, 28
116, 29
116, 30
116, 31
116, 32
116, 33
116, 34
116, 35
116, 36
116, 37
116, 38
116, 39
116, 40
116, 41
116, 42
116, 43
116, 44
116, 45
116, 46
116, 47
116, 48
116, 49
116, 50
116, 51
116, 52
116, 53
116, 54
116, 55
116, 56
116, 57
116, 58
116, 59
116, 60
116, 61
116, 62
116, 63
116, 64
116, 65
116, 66
116, 67
116, 68
116, 69
116, 70
116, 71
116, 72
116, 73
116, 74
116, 75
116, 76
116, 77
116, 78
116, 79
116, 80
116, 81
116, 82
116, 83
116, 84
116, 85
116, 86
116, 87
116, 88
116, 89
116, 90
116, 91
116, 92
116, 93
116, 94
116, 95
116, 96
116, 97
116, 98
116, 99
116, 100
116, 101
116, 102
116, 103
