46, 37
46, 38
47, 33
47, 34
47, 35
47, 36
47, 37
47, 38
47, 39
47, 40
47, 41
47, 42
48, 31
48, 32
48, 33
48, 34
48, 35
48, 36
48, 37
48, 38
48, 39
48, 40
48, 41
48, 42
48, 43
49, 30
49, 31
49, 32
49, 33
49, 34
49, 35
49, 36
49, 37
49, 38
49, 39
49, 40
49, 41
49, 42
49, 43
49, 44
50, 28
50, 29
50, 30
50, 31
50, 32
50, 33
50, 34
50, 35
50, 36
50, 37
50, 38
50, 39
50, 40
50, 41
50, 42
50, 43
50, 44
50, 45
51, 27
51, 28
51, 29
51, 30
51, 31
51, 32
51, 33
51, 34
51, 35
51, 36
51, 37
51, 38
51, 39
51, 40
51, 41
51, 42
51, 43
51, 44
51, 45
52, 26
52, 27
52, 28
52, 29
52, 30
52, 31
52, 32
52, 33
52, 34
52, 35
52, 36
52, 37
52, 38
52, 39
52, 40
52, 41
52, 42
52, 43
52, 44
52, 45
52, 46
53, 25
53, 26
53, 27
53, 28
53, 29
53, 30
53, 31
53, 32
53, 33
53, 34
53, 35
53, 36
53, 37
53, 38
53, 39
53, 40
53, 41
53, 42
53, 43
53, 44
53, 45
53, 46
54, 25
54, 26
54, 27
54, 28
54, 29
54, 30
54, 31
54, 32
54, 33
54, 34
54, 35
54, 36
54, 37
54, 38
54, 39
54, 40
54, 41
54, 42
54, 43
54, 44
54, 45
54, 46
54, 87
54, 88
54, 89
54, 90
54, 91
54, 92
54, 93
54, 94
55, 24
55, 25
55, 26
55, 27
55, 28
55, 29
55, 30
55, 31
55, 32
55, 33
55, 34
55, 35
55, 36
55, 37
55, 38
55, 39
55, 40
55, 41
55, 42
55, 43
55, 44
55, 45
55, 46
55, 82
55, 83
55, 84
55, 85
55, 86
55, 87
55, 88
55, 89
55, 90
55, 91
55, 92
55, 93
55, 94
55, 95
55, 96
55, 97
56, 24
56, 25
56, 26
56, 27
56, 28
56, 29
56, 30
56, 31
56, 32
56, 33
56, 34
56, 35
56, 36
56, 37
56, 38
56, 39
56, 40
56, 41
56, 42
56, 43
56, 44
56, 45
56, 46
56, 80
56, 81
56, 82
56, 83
56, 84
56, 85
56, 86
56, 87
56, 88
56, 89
56, 90
56, 91
56, 92
56, 93
56, 94
56, 95
56, 96
56, 97
56, 98
57, 23
57, 24
57, 25
57, 26
57, 27
57, 28
57, 29
57, 30
57, 31
57, 32
57, 33
57, 34
57, 35
57, 36
57, 37
57, 38
57, 39
57, 40
57, 41
57, 42
57, 43
57, 44
57, 45
57, 46
57, 79
57, 80
57, 81
57, 82
57, 83
57, 84
57, 85
57, 86
57, 87
57, 88
57, 89
57, 90
57, 91
57, 92
57, 93
57, 94
57, 95
57, 96
57, 97
57, 98
57, 99
57, 100
58, 23
58, 24
58, 25
58, 26
58, 27
58, 28
58, 29
58, 30
58, 31
58, 32
58, 33
58, 34
58, 35
58, 36
58, 37
58, 38
58, 39
58, 40
58, 41
58, 42
58, 43
58, 44
58, 45
58, 46
58, 78
58, 79
58, 80
58, 81
58, 82
58, 83
58, 84
58, 85
58, 86
58, 87
58, 88
58, 89
58, 90
58, 91
58, 92
58, 93
58, 94
58, 95
58, 96
58, 97
58, 98
58, 99
58, 100
58, 101
59, 22
59, 23
59, 24
59, 25
59, 26
59, 27
59, 28
59, 29
59, 30
59, 31
59, 32
59, 33
59, 34
59, 35
59, 36
59, 37
59, 38
59, 39
59, 40
59, 41
59, 42
59, 43
59, 44
59, 45
59, 46
59, 78
59, 79
59, 80
59, 81
59, 82
59, 83
59, 84
59, 85
59, 86
59, 87
59, 88
59, 89
59, 90
59, 91
59, 92
59, 93
59, 94
59, 95
59, 96
59, 97
59, 98
59, 99
59, 100
59, 101
60, 22
60, 23
60, 24
60, 25
60, 26
60, 27
60, 28
60, 29
60, 30
60, 31
60, 32
60, 33
60, 34
60, 35
60, 36
60, 37
60, 38
60, 39
60, 40
60, 41
60, 42
60, 43
60, 44
60, 45
60, 46
60, 77
60, 78
60, 79
60, 80
60, 81
60, 82
60, 83
60, 84
60, 85
60, 86
60, 87
60, 88
60, 89
60, 90
60, 91
60, 92
60, 93
60, 94
60, 95
60, 96
60, 97
60, 98
60, 99
60, 100
60, 101
60, 102
61, 21
61, 22
61, 23
61, 24
61, 25
61, 26
61, 27
61, 28
61, 29
61, 30
61, 31
61, 32
61, 33
61, 34
61, 35
61, 36
61, 37
61, 38
61, 39
61, 40
61, 41
61, 42
61, 43
61, 44
61, 45
61, 46
61, 76
61, 77
61, 78
61, 79
61, 80
61, 81
61, 82
61, 83
61, 84
61, 85
61, 86
61, 87
61, 88
61, 89
61, 90
61, 91
61, 92
61, 93
61, 94
61, 95
61, 96
61, 97
61, 98
61, 99
61, 100
61, 101
61, 102
62, 20
62, 21
62, 22
62, 23
62, 24
62, 25
62, 26
62, 27
62, 28
62, 29
62, 30
62, 31
62, 32
62, 33
62, 34
62, 35
62, 36
62, 37
62, 38
62, 39
62, 40
62, 41
62, 42
62, 43
62, 44
62, 45
62, 46
62, 76
62, 77
62, 78
62, 79
62, 80
62, 81
62, 82
62, 83
62, 84
62, 85
62, 86
62, 87
62, 88
62, 89
62, 90
62, 91
62, 92
62, 93
62, 94
62, 95
62, 96
62, 97
62, 98
62, 99
62, 100
62, 101
62, 102
62, 103
63, 20
63, 21
63, 22
63, 23
63, 24
63, 25
63, 26
63, 27
63, 28
63, 29
63, 30
63, 31
63, 32
63, 33
63, 34
63, 35
63, 36
63, 37
63, 38
63, 39
63, 40
63, 41
63, 42
63, 43
63, 44
63, 45
63, 46
63, 75
63, 76
63, 77
63, 78
63, 79
63, 80
63, 81
63, 82
63, 83
63, 84
63, 85
63, 86
63, 87
63, 88
63, 89
63, 90
63, 91
63, 92
63, 93
63, 94
63, 95
63, 96
63, 97
63, 98
63, 99
63, 100
63, 101
63, 102
63, 103
64, 19
64, 20
64, 21
64, 22
64, 23
64, 24
64, 25
64, 26
64, 27
64, 28
64, 29
64, 30
64, 31
64, 32
64, 33
64, 34
64, 35
64, 36
64, 37
64, 38
64, 39
64, 40
64, 41
64, 42
64, 43
64, 44
64, 45
64, 75
64, 76
64, 77
64, 78
64, 79
64, 80
64, 81
64, 82
64, 83
64, 84
64, 85
64, 86
64, 87
64, 88
64, 89
64, 90
64, 91
64, 92
64, 93
64, 94
64, 95
64, 96
64, 97
64, 98
64, 99
64, 100
64, 101
64, 102
64, 103
64, 104
65, 19
65, 20
65, 21
65, 22
65, 23
65, 24
65, 25
65, 26
65, 27
65, 28
65, 29
65, 30
65, 31
65, 32
65, 33
65, 34
65, 35
65, 36
65, 37
65, 38
65, 39
65, 40
65, 41
65, 42
65, 43
65, 44
65, 45
65, 75
65, 76
65, 77
65, 78
65, 79
65, 80
65, 81
65, 82
65, 83
65, 84
65, 85
65, 86
65, 87
65, 88
65, 89
65, 90
65, 91
65, 92
65, 93
65, 94
65, 95
65, 96
65, 97
65, 98
65, 99
65, 100
65, 101
65, 102
65, 103
65, 104
66, 19
66, 20
66, 21
66, 22
66, 23
66, 24
66, 25
66, 26
66, 27
66, 28
66, 29
66, 30
66, 31
66, 32
66, 33
66, 34
66, 35
66, 36
66, 37
66, 38
66, 39
66, 40
66, 41
66, 42
66, 43
66, 44
66, 75
66, 76
66, 77
66, 78
66, 79
66, 80
66, 81
66, 82
66, 83
66, 84
66, 85
66, 86
66, 87
66, 88
66, 89
66, 90
66, 91
66, 92
66, 93
66, 94
66, 95
66, 96
66, 97
66, 98
66, 99
66, 100
66, 101
66, 102
66, 103
66, 104
67, 19
67, 20
67, 21
67, 22
67, 23
67, 24
67, 25
67, 26
67, 27
67, 28
67, 29
67, 30
67, 31
67, 32
67, 33
67, 34
67, 35
67, 36
67, 37
67, 38
67, 39
67, 40
67, 41
67, 42
67, 43
67, 75
67, 76
67, 77
67, 78
67, 79
67, 80
67, 81
67, 82
67, 83
67, 84
67, 85
67, 86
67, 87
67, 88
67, 89
67, 90
67, 91
67, 92
67, 93
67, 94
67, 95
67, 96
67, 97
67, 98
67, 99
67, 100
67, 101
67, 102
67, 103
67, 104
67, 105
68, 19
68, 20
68, 21
68, 22
68, 23
68, 24
68, 25
68, 26
68, 27
68, 28
68, 29
68, 30
68, 31
68, 32
68, 33
68, 34
68, 35
68, 36
68, 37
68, 38
68, 39
68, 40
68, 41
68, 42
68, 43
68, 75
68, 76
68, 77
68, 78
68, 79
68, 80
68, 81
68, 82
68, 83
68, 84
68, 85
68, 86
68, 87
68, 88
68, 89
68, 90
68, 91
68, 92
68, 93
68, 94
68, 95
68, 96
68, 97
68, 98
68, 99
68, 100
68, 101
68, 102
68, 103
68, 104
68, 105
69, 19
69, 20
69, 21
69, 22
69, 23
69, 24
69, 25
69, 26
69, 27
69, 28
69, 29
69, 30
69, 31
69, 32
69, 33
69, 34
69, 35
69, 36
69, 37
69, 38
69, 39
69, 40
69, 41
69, 42
69, 75
69, 76
69, 77
69, 78
69, 79
69, 80
69, 81
69, 82
69, 83
69, 84
69, 85
69, 86
69, 87
69, 88
69, 89
69, 90
69, 91
69, 92
69, 93
69, 94
69, 95
69, 96
69, 97
69, 98
69, 99
69, 100
69, 101
69, 102
69, 103
69, 104
69, 105
70, 19
70, 20
70, 21
70, 22
70, 23
70, 24
70, 25
70, 26
70, 27
70, 28
70, 29
70, 30
70, 31
70, 32
70, 33
70, 34
70, 35
70, 36
70, 37
70, 38
70, 39
70, 40
70, 41
70, 42
70, 75
70, 76
70, 77
70, 78
70, 79
70, 80
70, 81
70, 82
70, 83
70, 84
70, 85
70, 86
70, 87
70, 88
70, 89
70, 90
70, 91
70, 92
70, 93
70, 94
70, 95
70, 96
70, 97
70, 98
70, 99
70, 100
70, 101
70, 102
70, 103
70, 104
70, 105
70, 106
71, 18
71, 19
71, 20
71, 21
71, 22
71, 23
71, 24
71, 25
71, 26
71, 27
71, 28
71, 29
71, 30
71, 31
71, 32
71, 33
71, 34
71, 35
71, 36
71, 37
71, 38
71, 39
71, 40
71, 41
71, 42
71, 75
71, 76
71, 77
71, 78
71, 79
71, 80
71, 81
71, 82
71, 83
71, 84
71, 85
71, 86
71, 87
71, 88
71, 89
71, 90
71, 91
71, 92
71, 93
71, 94
71, 95
71, 96
71, 97
71, 98
71, 99
71, 100
71, 101
71, 102
71, 103
71, 104
71, 105
71, 106
72, 18
72, 19
72, 20
72, 21
72, 22
72, 23
72, 24
72, 25
72, 26
72, 27
72, 28
72, 29
72, 30
72, 31
72, 32
72, 33
72, 34
72, 35
72, 36
72, 37
72, 38
72, 39
72, 40
72, 41
72, 42
72, 75
72, 76
72, 77
72, 78
72, 79
72, 80
72, 81
72, 82
72, 83
72, 84
72, 85
72, 86
72, 87
72, 88
72, 89
72, 90
72, 91
72, 92
72, 93
72, 94
72, 95
72, 96
72, 97
72, 98
72, 99
72, 100
72, 101
72, 102
72, 103
72, 104
72, 105
72, 106
73, 18
73, 19
73, 20
73, 21
73, 22
73, 23
73, 24
73, 25
73, 26
73, 27
73, 28
73, 29
73, 30
73, 31
73, 32
73, 33
73, 34
73, 35
73, 36
73, 37
73, 38
73, 39
73, 40
73, 41
73, 75
73, 76
73, 77
73, 78
73, 79
73, 80
73, 81
73, 82
73, 83
73, 84
73, 85
73, 86
73, 87
73, 88
73, 89
73, 90
73, 91
73, 92
73, 93
73, 94
73, 95
73, 96
73, 97
73, 98
73, 99
73, 100
73, 101
73, 102
73, 103
73, 104
73, 105
73, 106
73, 107
74, 18
74, 19
74, 20
74, 21
74, 22
74, 23
74, 24
74, 25
74, 26
74, 27
74, 28
74, 29
74, 30
74, 31
74, 32
74, 33
74, 34
74, 35
74, 36
74, 37
74, 38
74, 39
74, 40
74, 41
74, 75
74, 76
74, 77
74, 78
74, 79
74, 80
74, 81
74, 82
74, 83
74, 84
74, 85
74, 86
74, 87
74, 88
74, 89
74, 90
74, 91
74, 92
74, 93
74, 94
74, 95
74, 96
74, 97
74, 98
74, 99
74, 100
74, 101
74, 102
74, 103
74, 104
74, 105
74, 106
74, 107
75, 18
75, 19
75, 20
75, 21
75, 22
75, 23
75, 24
75, 25
75, 26
75, 27
75, 28
75, 29
75, 30
75, 31
75, 32
75, 33
75, 34
75, 35
75, 36
75, 37
75, 38
75, 39
75, 40
75, 41
75, 75
75, 76
75, 77
75, 78
75, 79
75, 80
75, 81
75, 82
75, 83
75, 84
75, 85
75, 86
75, 87
75, 88
75, 89
75, 90
75, 91
75, 92
75, 93
75, 94
75, 95
75, 96
75, 97
75, 98
75, 99
75, 100
75, 101
75, 102
75, 103
75, 104
75, 105
75, 106
75, 107
76, 17
76, 18
76, 19
76, 20
76, 21
76, 22
76, 23
76, 24
76, 25
76, 26
76, 27
76, 28
76, 29
76, 30
76, 31
76, 32
76, 33
76, 34
76, 35
76, 36
76, 37
76, 38
76, 39
76, 40
76, 75
76, 76
76, 77
76, 78
76, 79
76, 80
76, 81
76, 82
76, 83
76, 84
76, 85
76, 86
76, 87
76, 88
76, 89
76, 90
76, 91
76, 92
76, 93
76, 94
76, 95
76, 96
76, 97
76, 98
76, 99
76, 100
76, 101
76, 102
76, 103
76, 104
76, 105
76, 106
76, 107
77, 17
77, 18
77, 19
77, 20
77, 21
77, 22
77, 23
77, 24
77, 25
77, 26
77, 27
77, 28
77, 29
77, 30
77, 31
77, 32
77, 33
77, 34
77, 35
77, 36
77, 37
77, 38
77, 39
77, 40
77, 75
77, 76
77, 77
77, 78
77, 79
77, 80
77, 81
77, 82
77, 83
77, 84
77, 85
77, 86
77, 87
77, 88
77, 89
77, 90
77, 91
77, 92
77, 93
77, 94
77, 95
77, 96
77, 97
77, 98
77, 99
77, 100
77, 101
77, 102
77, 103
77, 104
77, 105
77, 106
77, 107
78, 16
78, 17
78, 18
78, 19
78, 20
78, 21
78, 22
78, 23
78, 24
78, 25
78, 26
78, 27
78, 28
78, 29
78, 30
78, 31
78, 32
78, 33
78, 34
78, 35
78, 36
78, 37
78, 38
78, 39
78, 40
78, 75
78, 76
78, 77
78, 78
78, 79
78, 80
78, 81
78, 82
78, 83
78, 84
78, 85
78, 86
78, 87
78, 88
78, 89
78, 90
78, 91
78, 92
78, 93
78, 94
78, 95
78, 96
78, 97
78, 98
78, 99
78, 100
78, 101
78, 102
78, 103
78, 104
78, 105
78, 106
78, 107
79, 16
79, 17
79, 18
79, 19
79, 20
79, 21
79, 22
79, 23
79, 24
79, 25
79, 26
79, 27
79, 28
79, 29
79, 30
79, 31
79, 32
79, 33
79, 34
79, 35
79, 36
79, 37
79, 38
79, 39
79, 75
79, 76
79, 77
79, 78
79, 79
79, 80
79, 81
79, 82
79, 83
79, 84
79, 85
79, 86
79, 87
79, 88
79, 89
79, 90
79, 91
79, 92
79, 93
79, 94
79, 95
79, 96
79, 97
79, 98
79, 99
79, 100
79, 101
79, 102
79, 103
79, 104
79, 105
79, 106
79, 107
80, 16
80, 17
80, 18
80, 19
80, 20
80, 21
80, 22
80, 23
80, 24
80, 25
80, 26
80, 27
80, 28
80, 29
80, 30
80, 31
80, 32
80, 33
80, 34
80, 35
80, 36
80, 37
80, 38
80, 39
80, 75
80, 76
80, 77
80, 78
80, 79
80, 80
80, 81
80, 82
80, 83
80, 84
80, 85
80, 86
80, 87
80, 88
80, 89
80, 90
80, 91
80, 92
80, 93
80, 94
80, 95
80, 96
80, 97
80, 98
80, 99
80, 100
80, 101
80, 102
80, 103
80, 104
80, 105
80, 106
80, 107
81, 15
81, 16
81, 17
81, 18
81, 19
81, 20
81, 21
81, 22
81, 23
81, 24
81, 25
81, 26
81, 27
81, 28
81, 29
81, 30
81, 31
81, 32
81, 33
81, 34
81, 35
81, 36
81, 37
81, 38
81, 39
81, 75
81, 76
81, 77
81, 78
81, 79
81, 80
81, 81
81, 82
81, 83
81, 84
81, 85
81, 86
81, 87
81, 88
81, 89
81, 90
81, 91
81, 92
81, 93
81, 94
81, 95
81, 96
81, 97
81, 98
81, 99
81, 100
81, 101
81, 102
81, 103
81, 104
81, 105
81, 106
81, 107
82, 15
82, 16
82, 17
82, 18
82, 19
82, 20
82, 21
82, 22
82, 23
82, 24
82, 25
82, 26
82, 27
82, 28
82, 29
82, 30
82, 31
82, 32
82, 33
82, 34
82, 35
82, 36
82, 37
82, 38
82, 39
82, 75
82, 76
82, 77
82, 78
82, 79
82, 80
82, 81
82, 82
82, 83
82, 84
82, 85
82, 86
82, 87
82, 88
82, 89
82, 90
82, 91
82, 92
82, 93
82, 94
82, 95
82, 96
82, 97
82, 98
82, 99
82, 100
82, 101
82, 102
82, 103
82, 104
82, 105
82, 106
82, 107
83, 15
83, 16
83, 17
83, 18
83, 19
83, 20
83, 21
83, 22
83, 23
83, 24
83, 25
83, 26
83, 27
83, 28
83, 29
83, 30
83, 31
83, 32
83, 33
83, 34
83, 35
83, 36
83, 37
83, 38
83, 39
83, 75
83, 76
83, 77
83, 78
83, 79
83, 80
83, 81
83, 82
83, 83
83, 84
83, 85
83, 86
83, 87
83, 88
83, 89
83, 90
83, 91
83, 92
83, 93
83, 94
83, 95
83, 96
83, 97
83, 98
83, 99
83, 100
83, 101
83, 102
83, 103
83, 104
83, 105
83, 106
83, 107
84, 15
84, 16
84, 17
84, 18
84, 19
84, 20
84, 21
84, 22
84, 23
84, 24
84, 25
84, 26
84, 27
84, 28
84, 29
84, 30
84, 31
84, 32
84, 33
84, 34
84, 35
84, 36
84, 37
84, 38
84, 39
84, 75
84, 76
84, 77
84, 78
84, 79
84, 80
84, 81
84, 82
84, 83
84, 84
84, 85
84, 86
84, 87
84, 88
84, 89
84, 90
84, 91
84, 92
84, 93
84, 94
84, 95
84, 96
84, 97
84, 98
84, 99
84, 100
84, 101
84, 102
84, 103
84, 104
84, 105
84, 106
84, 107
85, 15
85, 16
85, 17
85, 18
85, 19
85, 20
85, 21
85, 22
85, 23
85, 24
85, 25
85, 26
85, 27
85, 28
85, 29
85, 30
85, 31
85, 32
85, 33
85, 34
85, 35
85, 36
85, 37
85, 38
85, 75
85, 76
85, 77
85, 78
85, 79
85, 80
85, 81
85, 82
85, 83
85, 84
85, 85
85, 86
85, 87
85, 88
85, 89
85, 90
85, 91
85, 92
85, 93
85, 94
85, 95
85, 96
85, 97
85, 98
85, 99
85, 100
85, 101
85, 102
85, 103
85, 104
85, 105
85, 106
85, 107
86, 15
86, 16
86, 17
86, 18
86, 19
86, 20
86, 21
86, 22
86, 23
86, 24
86, 25
86, 26
86, 27
86, 28
86, 29
86, 30
86, 31
86, 32
86, 33
86, 34
86, 35
86, 36
86, 37
86, 38
86, 75
86, 76
86, 77
86, 78
86, 79
86, 80
86, 81
86, 82
86, 83
86, 84
86, 85
86, 86
86, 87
86, 88
86, 89
86, 90
86, 91
86, 92
86, 93
86, 94
86, 95
86, 96
86, 97
86, 98
86, 99
86, 100
86, 101
86, 102
86, 103
86, 104
86, 105
86, 106
86, 107
87, 15
87, 16
87, 17
87, 18
87, 19
87, 20
87, 21
87, 22
87, 23
87, 24
87, 25
87, 26
87, 27
87, 28
87, 29
87, 30
87, 31
87, 32
87, 33
87, 34
87, 35
87, 36
87, 37
87, 38
87, 75
87, 76
87, 77
87, 78
87, 79
87, 80
87, 81
87, 82
87, 83
87, 84
87, 85
87, 86
87, 87
87, 88
87, 89
87, 90
87, 91
87, 92
87, 93
87, 94
87, 95
87, 96
87, 97
87, 98
87, 99
87, 100
87, 101
87, 102
87, 103
87, 104
87, 105
87, 106
87, 107
87, 108
88, 15
88, 16
88, 17
88, 18
88, 19
88, 20
88, 21
88, 22
88, 23
88, 24
88, 25
88, 26
88, 27
88, 28
88, 29
88, 30
88, 31
88, 32
88, 33
88, 34
88, 35
88, 36
88, 37
88, 38
88, 75
88, 76
88, 77
88, 78
88, 79
88, 80
88, 81
88, 82
88, 83
88, 84
88, 85
88, 86
88, 87
88, 88
88, 89
88, 90
88, 91
88, 92
88, 93
88, 94
88, 95
88, 96
88, 97
88, 98
88, 99
88, 100
88, 101
88, 102
88, 103
88, 104
88, 105
88, 106
88, 107
88, 108
89, 15
89, 16
89, 17
89, 18
89, 19
89, 20
89, 21
89, 22
89, 23
89, 24
89, 25
89, 26
89, 27
89, 28
89, 29
89, 30
89, 31
89, 32
89, 33
89, 34
89, 35
89, 36
89, 37
89, 38
89, 75
89, 76
89, 77
89, 78
89, 79
89, 80
89, 81
89, 82
89, 83
89, 84
89, 85
89, 86
89, 87
89, 88
89, 89
89, 90
89, 91
89, 92
89, 93
89, 94
89, 95
89, 96
89, 97
89, 98
89, 99
89, 100
89, 101
89, 102
89, 103
89, 104
89, 105
89, 106
89, 107
89, 108
90, 14
90, 15
90, 16
90, 17
90, 18
90, 19
90, 20
90, 21
90, 22
90, 23
90, 24
90, 25
90, 26
90, 27
90, 28
90, 29
90, 30
90, 31
90, 32
90, 33
90, 34
90, 35
90, 36
90, 37
90, 75
90, 76
90, 77
90, 78
90, 79
90, 80
90, 81
90, 82
90, 83
90, 84
90, 85
90, 86
90, 87
90, 88
90, 89
90, 90
90, 91
90, 92
90, 93
90, 94
90, 95
90, 96
90, 97
90, 98
90, 99
90, 100
90, 101
90, 102
90, 103
90, 104
90, 105
90, 106
90, 107
90, 108
91, 14
91, 15
91, 16
91, 17
91, 18
91, 19
91, 20
91, 21
91, 22
91, 23
91, 24
91, 25
91, 26
91, 27
91, 28
91, 29
91, 30
91, 31
91, 32
91, 33
91, 34
91, 35
91, 36
91, 37
91, 75
91, 76
91, 77
91, 78
91, 79
91, 80
91, 81
91, 82
91, 83
91, 84
91, 85
91, 86
91, 87
91, 88
91, 89
91, 90
91, 91
91, 92
91, 93
91, 94
91, 95
91, 96
91, 97
91, 98
91, 99
91, 100
91, 101
91, 102
91, 103
91, 104
91, 105
91, 106
91, 107
91, 108
92, 14
92, 15
92, 16
92, 17
92, 18
92, 19
92, 20
92, 21
92, 22
92, 23
92, 24
92, 25
92, 26
92, 27
92, 28
92, 29
92, 30
92, 31
92, 32
92, 33
92, 34
92, 35
92, 36
92, 37
92, 76
92, 77
92, 78
92, 79
92, 80
92, 81
92, 82
92, 83
92, 84
92, 85
92, 86
92, 87
92, 88
92, 89
92, 90
92, 91
92, 92
92, 93
92, 94
92, 95
92, 96
92, 97
92, 98
92, 99
92, 100
92, 101
92, 102
92, 103
92, 104
92, 105
92, 106
92, 107
92, 108
93, 14
93, 15
93, 16
93, 17
93, 18
93, 19
93, 20
93, 21
93, 22
93, 23
93, 24
93, 25
93, 26
93, 27
93, 28
93, 29
93, 30
93, 31
93, 32
93, 33
93, 34
93, 35
93, 36
93, 37
93, 76
93, 77
93, 78
93, 79
93, 80
93, 81
93, 82
93, 83
93, 84
93, 85
93, 86
93, 87
93, 88
93, 89
93, 90
93, 91
93, 92
93, 93
93, 94
93, 95
93, 96
93, 97
93, 98
93, 99
93, 100
93, 101
93, 102
93, 103
93, 104
93, 105
93, 106
93, 107
93, 108
94, 14
94, 15
94, 16
94, 17
94, 18
94, 19
94, 20
94, 21
94, 22
94, 23
94, 24
94, 25
94, 26
94, 27
94, 28
94, 29
94, 30
94, 31
94, 32
94, 33
94, 34
94, 35
94, 36
94, 76
94, 77
94, 78
94, 79
94, 80
94, 81
94, 82
94, 83
94, 84
94, 85
94, 86
94, 87
94, 88
94, 89
94, 90
94, 91
94, 92
94, 93
94, 94
94, 95
94, 96
94, 97
94, 98
94, 99
94, 100
94, 101
94, 102
94, 103
94, 104
94, 105
94, 106
94, 107
94, 108
95, 14
95, 15
95, 16
95, 17
95, 18
95, 19
95, 20
95, 21
95, 22
95, 23
95, 24
95, 25
95, 26
95, 27
95, 28
95, 29
95, 30
95, 31
95, 32
95, 33
95, 34
95, 35
95, 36
95, 76
95, 77
95, 78
95, 79
95, 80
95, 81
95, 82
95, 83
95, 84
95, 85
95, 86
95, 87
95, 88
95, 89
95, 90
95, 91
95, 92
95, 93
95, 94
95, 95
95, 96
95, 97
95, 98
95, 99
95, 100
95, 101
95, 102
95, 103
95, 104
95, 105
95, 106
95, 107
95, 108
96, 14
96, 15
96, 16
96, 17
96, 18
96, 19
96, 20
96, 21
96, 22
96, 23
96, 24
96, 25
96, 26
96, 27
96, 28
96, 29
96, 30
96, 31
96, 32
96, 33
96, 34
96, 35
96, 36
96, 76
96, 77
96, 78
96, 79
96, 80
96, 81
96, 82
96, 83
96, 84
96, 85
96, 86
96, 87
96, 88
96, 89
96, 90
96, 91
96, 92
96, 93
96, 94
96, 95
96, 96
96, 97
96, 98
96, 99
96, 100
96, 101
96, 102
96, 103
96, 104
96, 105
96, 106
96, 107
96, 108
97, 14
97, 15
97, 16
97, 17
97, 18
97, 19
97, 20
97, 21
97, 22
97, 23
97, 24
97, 25
97, 26
97, 27
97, 28
97, 29
97, 30
97, 31
97, 32
97, 33
97, 34
97, 35
97, 36
97, 76
97, 77
97, 78
97, 79
97, 80
97, 81
97, 82
97, 83
97, 84
97, 85
97, 86
97, 87
97, 88
97, 89
97, 90
97, 91
97, 92
97, 93
97, 94
97, 95
97, 96
97, 97
97, 98
97, 99
97, 100
97, 101
97, 102
97, 103
97, 104
97, 105
97, 106
97, 107
97, 108
98, 14
98, 15
98, 16
98, 17
98, 18
98, 19
98, 20
98, 21
98, 22
98, 23
98, 24
98, 25
98, 26
98, 27
98, 28
98, 29
98, 30
98, 31
98, 32
98, 33
98, 34
98, 35
98, 36
98, 76
98, 77
98, 78
98, 79
98, 80
98, 81
98, 82
98, 83
98, 84
98, 85
98, 86
98, 87
98, 88
98, 89
98, 90
98, 91
98, 92
98, 93
98, 94
98, 95
98, 96
98, 97
98, 98
98, 99
98, 100
98, 101
98, 102
98, 103
98, 104
98, 105
98, 106
98, 107
98, 108
99, 14
99, 15
99, 16
99, 17
99, 18
99, 19
99, 20
99, 21
99, 22
99, 23
99, 24
99, 25
99, 26
99, 27
99, 28
99, 29
99, 30
99, 31
99, 32
99, 33
99, 34
99, 35
99, 36
99, 76
99, 77
99, 78
99, 79
99, 80
99, 81
99, 82
99, 83
99, 84
99, 85
99, 86
99, 87
99, 88
99, 89
99, 90
99, 91
99, 92
99, 93
99, 94
99, 95
99, 96
99, 97
99, 98
99, 99
99, 100
99, 101
99, 102
99, 103
99, 104
99, 105
99, 106
99, 107
99, 108
100, 14
100, 15
100, 16
100, 17
100, 18
100, 19
100, 20
100, 21
100, 22
100, 23
100, 24
100, 25
100, 26
100, 27
100, 28
100, 29
100, 30
100, 31
100, 32
100, 33
100, 34
100, 35
100, 36
100, 77
100, 78
100, 79
100, 80
100, 81
100, 82
100, 83
100, 84
100, 85
100, 86
100, 87
100, 88
100, 89
100, 90
100, 91
100, 92
100, 93
100, 94
100, 95
100, 96
100, 97
100, 98
100, 99
100, 100
100, 101
100, 102
100, 103
100, 104
100, 105
100, 106
100, 107
100, 108
100, 109
101, 13
101, 14
101, 15
101, 16
101, 17
101, 18
101, 19
101, 20
101, 21
101, 22
101, 23
101, 24
101, 25
101, 26
101, 27
101, 28
101, 29
101, 30
101, 31
101, 32
101, 33
101, 34
101, 35
101, 77
101, 78
101, 79
101, 80
101, 81
101, 82
101, 83
101, 84
101, 85
101, 86
101, 87
101, 88
101, 89
101, 90
101, 91
101, 92
101, 93
101, 94
101, 95
101, 96
101, 97
101, 98
101, 99
101, 100
101, 101
101, 102
101, 103
101, 104
101, 105
101, 106
101, 107
101, 108
101, 109
102, 13
102, 14
102, 15
102, 16
102, 17
102, 18
102, 19
102, 20
102, 21
102, 22
102, 23
102, 24
102, 25
102, 26
102, 27
102, 28
102, 29
102, 30
102, 31
102, 32
102, 33
102, 34
102, 35
102, 77
102, 78
102, 79
102, 80
102, 81
102, 82
102, 83
102, 84
102, 85
102, 86
102, 87
102, 88
102, 89
102, 90
102, 91
102, 92
102, 93
102, 94
102, 95
102, 96
102, 97
102, 98
102, 99
102, 100
102, 101
102, 102
102, 103
102, 104
102, 105
102, 106
102, 107
102, 108
102, 109
103, 13
103, 14
103, 15
103, 16
103, 17
103, 18
103, 19
103, 20
103, 21
103, 22
103, 23
103, 24
103, 25
103, 26
103, 27
103, 28
103, 29
103, 30
103, 31
103, 32
103, 33
103, 34
103, 35
103, 77
103, 78
103, 79
103, 80
103, 81
103, 82
103, 83
103, 84
103, 85
103, 86
103, 87
103, 88
103, 89
103, 90
103, 91
103, 92
103, 93
103, 94
103, 95
103, 96
103, 97
103, 98
103, 99
103, 100
103, 101
103, 102
103, 103
103, 104
103, 105
103, 106
103, 107
103, 108
103, 109
104, 13
104, 14
104, 15
104, 16
104, 17
104, 18
104, 19
104, 20
104, 21
104, 22
104, 23
104, 24
104, 25
104, 26
104, 27
104, 28
104, 29
104, 30
104, 31
104, 32
104, 33
104, 34
104, 35
104, 77
104, 78
104, 79
104, 80
104, 81
104, 82
104, 83
104, 84
104, 85
104, 86
104, 87
104, 88
104, 89
104, 90
104, 91
104, 92
104, 93
104, 94
104, 95
104, 96
104, 97
104, 98
104, 99
104, 100
104, 101
104, 102
104, 103
104, 104
104, 105
104, 106
104, 107
104, 108
104, 109
105, 12
105, 13
105, 14
105, 15
105, 16
105, 17
105, 18
105, 19
105, 20
105, 21
105, 22
105, 23
105, 24
105, 25
105, 26
105, 27
105, 28
105, 29
105, 30
105, 31
105, 32
105, 33
105, 34
105, 35
105, 77
105, 78
105, 79
105, 80
105, 81
105, 82
105, 83
105, 84
105, 85
105, 86
105, 87
105, 88
105, 89
105, 90
105, 91
105, 92
105, 93
105, 94
105, 95
105, 96
105, 97
105, 98
105, 99
105, 100
105, 101
105, 102
105, 103
105, 104
105, 105
105, 106
105, 107
105, 108
105, 109
105, 110
106, 12
106, 13
106, 14
106, 15
106, 16
106, 17
106, 18
106, 19
106, 20
106, 21
106, 22
106, 23
106, 24
106, 25
106, 26
106, 27
106, 28
106, 29
106, 30
106, 31
106, 32
106, 33
106, 34
106, 35
106, 77
106, 78
106, 79
106, 80
106, 81
106, 82
106, 83
106, 84
106, 85
106, 86
106, 87
106, 88
106, 89
106, 90
106, 91
106, 92
106, 93
106, 94
106, 95
106, 96
106, 97
106, 98
106, 99
106, 100
106, 101
106, 102
106, 103
106, 104
106, 105
106, 106
106, 107
106, 108
106, 109
106, 110
107, 12
107, 13
107, 14
107, 15
107, 16
107, 17
107, 18
107, 19
107, 20
107, 21
107, 22
107, 23
107, 24
107, 25
107, 26
107, 27
107, 28
107, 29
107, 30
107, 31
107, 32
107, 33
107, 34
107, 35
107, 77
107, 78
107, 79
107, 80
107, 81
107, 82
107, 83
107, 84
107, 85
107, 86
107, 87
107, 88
107, 89
107, 90
107, 91
107, 92
107, 93
107, 94
107, 95
107, 96
107, 97
107, 98
107, 99
107, 100
107, 101
107, 102
107, 103
107, 104
107, 105
107, 106
107, 107
107, 108
107, 109
107, 110
108, 11
108, 12
108, 13
108, 14
108, 15
108, 16
108, 17
108, 18
108, 19
108, 20
108, 21
108, 22
108, 23
108, 24
108, 25
108, 26
108, 27
108, 28
108, 29
108, 30
108, 31
108, 32
108, 33
108, 34
108, 78
108, 79
108, 80
108, 81
108, 82
108, 83
108, 84
108, 85
108, 86
108, 87
108, 88
108, 89
108, 90
108, 91
108, 92
108, 93
108, 94
108, 95
108, 96
108, 97
108, 98
108, 99
108, 100
108, 101
108, 102
108, 103
108, 104
108, 105
108, 106
108, 107
108, 108
108, 109
108, 110
108, 111
109, 11
109, 12
109, 13
109, 14
109, 15
109, 16
109, 17
109, 18
109, 19
109, 20
109, 21
109, 22
109, 23
109, 24
109, 25
109, 26
109, 27
109, 28
109, 29
109, 30
109, 31
109, 32
109, 33
109, 34
109, 78
109, 79
109, 80
109, 81
109, 82
109, 83
109, 84
109, 85
109, 86
109, 87
109, 88
109, 89
109, 90
109, 91
109, 92
109, 93
109, 94
109, 95
109, 96
109, 97
109, 98
109, 99
109, 100
109, 101
109, 102
109, 103
109, 104
109, 105
109, 106
109, 107
109, 108
109, 109
109, 110
109, 111
110, 11
110, 12
110, 13
110, 14
110, 15
110, 16
110, 17
110, 18
110, 19
110, 20
110, 21
110, 22
110, 23
110, 24
110, 25
110, 26
110, 27
110, 28
110, 29
110, 30
110, 31
110, 32
110, 33
110, 34
110, 78
110, 79
110, 80
110, 81
110, 82
110, 83
110, 84
110, 85
110, 86
110, 87
110, 88
110, 89
110, 90
110, 91
110, 92
110, 93
110, 94
110, 95
110, 96
110, 97
110, 98
110, 99
110, 100
110, 101
110, 102
110, 103
110, 104
110, 105
110, 106
110, 107
110, 108
110, 109
110, 110
110, 111
111, 11
111, 12
111, 13
111, 14
111, 15
111, 16
111, 17
111, 18
111, 19
111, 20
111, 21
111, 22
111, 23
111, 24
111, 25
111, 26
111, 27
111, 28
111, 29
111, 30
111, 31
111, 32
111, 33
111, 34
111, 78
111, 79
111, 80
111, 81
111, 82
111, 83
111, 84
111, 85
111, 86
111, 87
111, 88
111, 89
111, 90
111, 91
111, 92
111, 93
111, 94
111, 95
111, 96
111, 97
111, 98
111, 99
111, 100
111, 101
111, 102
111, 103
111, 104
111, 105
111, 106
111, 107
111, 108
111, 109
111, 110
111, 111
112, 11
112, 12
112, 13
112, 14
112, 15
112, 16
112, 17
112, 18
112, 19
112, 20
112, 21
112, 22
112, 23
112, 24
112, 25
112, 26
112, 27
112, 28
112, 29
112, 30
112, 31
112, 32
112, 33
112, 34
112, 79
112, 80
112, 81
112, 82
112, 83
112, 84
112, 85
112, 86
112, 87
112, 88
112, 89
112, 90
112, 91
112, 92
112, 93
112, 94
112, 95
112, 96
112, 97
112, 98
112, 99
112, 100
112, 101
112, 102
112, 103
112, 104
112, 105
112, 106
112, 107
112, 108
112, 109
112, 110
112, 111
113, 10
113, 11
113, 12
113, 13
113, 14
113, 15
113, 16
113, 17
113, 18
113, 19
113, 20
113, 21
113, 22
113, 23
113, 24
113, 25
113, 26
113, 27
113, 28
113, 29
113, 30
113, 31
113, 32
113, 33
113, 34
113, 79
113, 80
113, 81
113, 82
113, 83
113, 84
113, 85
113, 86
113, 87
113, 88
113, 89
113, 90
113, 91
113, 92
113, 93
113, 94
113, 95
113, 96
113, 97
113, 98
113, 99
113, 100
113, 101
113, 102
113, 103
113, 104
113, 105
113, 106
113, 107
113, 108
113, 109
113, 110
113, 111
113, 112
114, 10
114, 11
114, 12
114, 13
114, 14
114, 15
114, 16
114, 17
114, 18
114, 19
114, 20
114, 21
114, 22
114, 23
114, 24
114, 25
114, 26
114, 27
114, 28
114, 29
114, 30
114, 31
114, 32
114, 33
114, 34
114, 79
114, 80
114, 81
114, 82
114, 83
114, 84
114, 85
114, 86
114, 87
114, 88
114, 89
114, 90
114, 91
114, 92
114, 93
114, 94
114, 95
114, 96
114, 97
114, 98
114, 99
114, 100
114, 101
114, 102
114, 103
114, 104
114, 105
114, 106
114, 107
114, 108
114, 109
114, 110
114, 111
114, 112
115, 10
115, 11
115, 12
115, 13
115, 14
115, 15
115, 16
115, 17
115, 18
115, 19
115, 20
115, 21
115, 22
115, 23
115, 24
115, 25
115, 26
115, 27
115, 28
115, 29
115, 30
115, 31
115, 32
115, 33
115, 34
115, 79
115, 80
115, 81
115, 82
115, 83
115, 84
115, 85
115, 86
115, 87
115, 88
115, 89
115, 90
115, 91
115, 92
115, 93
115, 94
115, 95
115, 96
115, 97
115, 98
115, 99
115, 100
115, 101
115, 102
115, 103
115, 104
115, 105
115, 106
115, 107
115, 108
115, 109
115, 110
115, 111
115, 112
115, 113
116, 10
116, 11
116, 12
116, 13
116, 14
116, 15
116, 16
116, 17
116, 18
116, 19
116, 20
116, 21
116, 22
116, 23
116, 24
116, 25
116, 26
116, 27
116, 28
116, 29
116, 30
116, 31
116, 32
116, 33
116, 34
116, 79
116, 80
116, 81
116, 82
116, 83
116, 84
116, 85
116, 86
116, 87
116, 88
116, 89
116, 90
116, 91
116, 92
116, 93
116, 94
116, 95
116, 96
116, 97
116, 98
116, 99
116, 100
116, 101
116, 102
116, 103
116, 104
116, 105
116, 106
116, 107
116, 108
116, 109
116, 110
116, 111
116, 112
116, 113
117, 10
117, 11
117, 12
117, 13
117, 14
117, 15
117, 16
117, 17
117, 18
117, 19
117, 20
117, 21
117, 22
117, 23
117, 24
117, 25
117, 26
117, 27
117, 28
117, 29
117, 30
117, 31
117, 32
117, 33
117, 80
117, 81
117, 82
117, 83
117, 84
117, 85
117, 86
117, 87
117, 88
117, 89
117, 90
117, 91
117, 92
117, 93
117, 94
117, 95
117, 96
117, 97
117, 98
117, 99
117, 100
117, 101
117, 102
117, 103
117, 104
117, 105
117, 106
117, 107
117, 108
117, 109
117, 110
117, 111
117, 112
117, 113
117, 114
118, 10
118, 11
118, 12
118, 13
118, 14
118, 15
118, 16
118, 17
118, 18
118, 19
118, 20
118, 21
118, 22
118, 23
118, 24
118, 25
118, 26
118, 27
118, 28
118, 29
118, 30
118, 31
118, 32
118, 33
118, 80
118, 81
118, 82
118, 83
118, 84
118, 85
118, 86
118, 87
118, 88
118, 89
118, 90
118, 91
118, 92
118, 93
118, 94
118, 95
118, 96
118, 97
118, 98
118, 99
118, 100
118, 101
118, 102
118, 103
118, 104
118, 105
118, 106
118, 107
118, 108
118, 109
118, 110
118, 111
118, 112
118, 113
118, 114
119, 10
119, 11
119, 12
119, 13
119, 14
119, 15
119, 16
119, 17
119, 18
119, 19
119, 20
119, 21
119, 22
119, 23
119, 24
119, 25
119, 26
119, 27
119, 28
119, 29
119, 30
119, 31
119, 32
119, 33
119, 34
119, 80
119, 81
119, 82
119, 83
119, 84
119, 85
119, 86
119, 87
119, 88
119, 89
119, 90
119, 91
119, 92
119, 93
119, 94
119, 95
119, 96
119, 97
119, 98
119, 99
119, 100
119, 101
119, 102
119, 103
119, 104
119, 105
119, 106
119, 107
119, 108
119, 109
119, 110
119, 111
119, 112
119, 113
119, 114
119, 115
120, 10
120, 11
120, 12
120, 13
120, 14
120, 15
120, 16
120, 17
120, 18
120, 19
120, 20
120, 21
120, 22
120, 23
120, 24
120, 25
120, 26
120, 27
120, 28
120, 29
120, 30
120, 31
120, 32
120, 33
120, 34
120, 80
120, 81
120, 82
120, 83
120, 84
120, 85
120, 86
120, 87
120, 88
120, 89
120, 90
120, 91
120, 92
120, 93
120, 94
120, 95
120, 96
120, 97
120, 98
120, 99
120, 100
120, 101
120, 102
120, 103
120, 104
120, 105
120, 106
120, 107
120, 108
120, 109
120, 110
120, 111
120, 112
120, 113
120, 114
120, 115
121, 10
121, 11
121, 12
121, 13
121, 14
121, 15
121, 16
121, 17
121, 18
121, 19
121, 20
121, 21
121, 22
121, 23
121, 24
121, 25
121, 26
121, 27
121, 28
121, 29
121, 30
121, 31
121, 32
121, 33
121, 34
121, 35
121, 80
121, 81
121, 82
121, 83
121, 84
121, 85
121, 86
121, 87
121, 88
121, 89
121, 90
121, 91
121, 92
121, 93
121, 94
121, 95
121, 96
121, 97
121, 98
121, 99
121, 100
121, 101
121, 102
121, 103
121, 104
121, 105
121, 106
121, 107
121, 108
121, 109
121, 110
121, 111
121, 112
121, 113
121, 114
121, 115
122, 10
122, 11
122, 12
122, 13
122, 14
122, 15
122, 16
122, 17
122, 18
122, 19
122, 20
122, 21
122, 22
122, 23
122, 24
122, 25
122, 26
122, 27
122, 28
122, 29
122, 30
122, 31
122, 32
122, 33
122, 34
122, 35
122, 36
122, 80
122, 81
122, 82
122, 83
122, 84
122, 85
122, 86
122, 87
122, 88
122, 89
122, 90
122, 91
122, 92
122, 93
122, 94
122, 95
122, 96
122, 97
122, 98
122, 99
122, 100
122, 101
122, 102
122, 103
122, 104
122, 105
122, 106
122, 107
122, 108
122, 109
122, 110
122, 111
122, 112
122, 113
122, 114
122, 115
123, 10
123, 11
123, 12
123, 13
123, 14
123, 15
123, 16
123, 17
123, 18
123, 19
123, 20
123, 21
123, 22
123, 23
123, 24
123, 25
123, 26
123, 27
123, 28
123, 29
123, 30
123, 31
123, 32
123, 33
123, 34
123, 35
123, 36
123, 80
123, 81
123, 82
123, 83
123, 84
123, 85
123, 86
123, 87
123, 88
123, 89
123, 90
123, 91
123, 94
123, 95
123, 96
123, 97
123, 98
123, 99
123, 100
123, 101
123, 102
123, 103
123, 104
123, 105
123, 106
123, 107
123, 108
123, 109
123, 110
123, 111
123, 112
123, 113
123, 114
123, 115
124, 10
124, 11
124, 12
124, 13
124, 14
124, 15
124, 16
124, 17
124, 18
124, 19
124, 20
124, 21
124, 22
124, 23
124, 24
124, 25
124, 26
124, 27
124, 28
124, 29
124, 30
124, 31
124, 32
124, 33
124, 34
124, 35
124, 36
124, 37
124, 80
124, 81
124, 82
124, 83
124, 84
124, 85
124, 86
124, 87
124, 88
124, 89
124, 90
124, 95
124, 96
124, 97
124, 98
124, 99
124, 100
124, 101
124, 102
124, 103
124, 104
124, 105
124, 106
124, 107
124, 108
124, 109
124, 110
124, 111
124, 112
124, 113
124, 114
124, 115
125, 10
125, 11
125, 12
125, 13
125, 14
125, 15
125, 16
125, 17
125, 18
125, 19
125, 20
125, 21
125, 22
125, 23
125, 24
125, 25
125, 26
125, 27
125, 28
125, 29
125, 30
125, 31
125, 32
125, 33
125, 34
125, 35
125, 36
125, 37
125, 80
125, 81
125, 82
125, 83
125, 84
125, 85
125, 86
125, 87
125, 88
125, 89
125, 90
125, 96
125, 97
125, 98
125, 99
125, 100
125, 101
125, 102
125, 103
125, 104
125, 105
125, 106
125, 107
125, 108
125, 109
125, 110
125, 111
125, 112
125, 113
125, 114
125, 115
126, 10
126, 11
126, 12
126, 13
126, 14
126, 15
126, 16
126, 17
126, 18
126, 19
126, 20
126, 21
126, 22
126, 23
126, 24
126, 25
126, 26
126, 27
126, 28
126, 29
126, 30
126, 31
126, 32
126, 33
126, 34
126, 35
126, 36
126, 37
126, 80
126, 81
126, 82
126, 83
126, 84
126, 85
126, 86
126, 87
126, 88
126, 89
126, 90
126, 96
126, 97
126, 98
126, 99
126, 100
126, 101
126, 102
126, 103
126, 104
126, 105
126, 106
126, 107
126, 108
126, 109
126, 110
126, 111
126, 112
126, 113
126, 114
126, 115
127, 10
127, 11
127, 12
127, 13
127, 14
127, 15
127, 16
127, 17
127, 18
127, 19
127, 20
127, 21
127, 22
127, 23
127, 24
127, 25
127, 26
127, 27
127, 28
127, 29
127, 30
127, 31
127, 32
127, 33
127, 34
127, 35
127, 36
127, 37
127, 80
127, 81
127, 82
127, 83
127, 84
127, 85
127, 86
127, 87
127, 88
127, 89
127, 90
127, 96
127, 97
127, 98
127, 99
127, 100
127, 101
127, 102
127, 103
127, 104
127, 105
127, 106
127, 107
127, 108
127, 109
127, 110
127, 111
127, 112
127, 113
127, 114
127, 115
127, 116
128, 10
128, 11
128, 12
128, 13
128, 14
128, 15
128, 16
128, 17
128, 18
128, 19
128, 20
128, 21
128, 22
128, 23
128, 24
128, 25
128, 26
128, 27
128, 28
128, 29
128, 30
128, 31
128, 32
128, 33
128, 34
128, 35
128, 36
128, 37
128, 80
128, 81
128, 82
128, 83
128, 84
128, 85
128, 86
128, 87
128, 88
128, 89
128, 90
128, 97
128, 98
128, 99
128, 100
128, 101
128, 102
128, 103
128, 104
128, 105
128, 106
128, 107
128, 108
128, 109
128, 110
128, 111
128, 112
128, 113
128, 114
128, 115
128, 116
129, 10
129, 11
129, 12
129, 13
129, 14
129, 15
129, 16
129, 17
129, 18
129, 19
129, 20
129, 21
129, 22
129, 23
129, 24
129, 25
129, 26
129, 27
129, 28
129, 29
129, 30
129, 31
129, 32
129, 33
129, 34
129, 35
129, 36
129, 37
129, 80
129, 81
129, 82
129, 83
129, 84
129, 85
129, 86
129, 87
129, 88
129, 89
129, 90
129, 97
129, 98
129, 99
129, 100
129, 101
129, 102
129, 103
129, 104
129, 105
129, 106
129, 107
129, 108
129, 109
129, 110
129, 111
129, 112
129, 113
129, 114
129, 115
129, 116
130, 10
130, 11
130, 12
130, 13
130, 14
130, 15
130, 16
130, 17
130, 18
130, 19
130, 20
130, 21
130, 22
130, 23
130, 24
130, 25
130, 26
130, 27
130, 28
130, 29
130, 30
130, 31
130, 32
130, 33
130, 34
130, 35
130, 36
130, 37
130, 38
130, 80
130, 81
130, 82
130, 83
130, 84
130, 85
130, 86
130, 87
130, 88
130, 89
130, 90
130, 97
130, 98
130, 99
130, 100
130, 101
130, 102
130, 103
130, 104
130, 105
130, 106
130, 107
130, 108
130, 109
130, 110
130, 111
130, 112
130, 113
130, 114
130, 115
130, 116
131, 10
131, 11
131, 12
131, 13
131, 14
131, 15
131, 16
131, 17
131, 18
131, 19
131, 20
131, 21
131, 22
131, 23
131, 24
131, 25
131, 26
131, 27
131, 28
131, 29
131, 30
131, 31
131, 32
131, 33
131, 34
131, 35
131, 36
131, 37
131, 38
131, 80
131, 81
131, 82
131, 83
131, 84
131, 85
131, 86
131, 87
131, 88
131, 89
131, 90
131, 98
131, 99
131, 100
131, 101
131, 102
131, 103
131, 104
131, 105
131, 106
131, 107
131, 108
131, 109
131, 110
131, 111
131, 112
131, 113
131, 114
131, 115
131, 116
131, 117
132, 10
132, 11
132, 12
132, 13
132, 14
132, 15
132, 16
132, 17
132, 18
132, 19
132, 20
132, 21
132, 22
132, 23
132, 24
132, 25
132, 26
132, 27
132, 28
132, 29
132, 30
132, 31
132, 32
132, 33
132, 34
132, 35
132, 36
132, 37
132, 38
132, 39
132, 80
132, 81
132, 82
132, 83
132, 84
132, 85
132, 86
132, 87
132, 88
132, 89
132, 90
132, 91
132, 98
132, 99
132, 100
132, 101
132, 102
132, 103
132, 104
132, 105
132, 106
132, 107
132, 108
132, 109
132, 110
132, 111
132, 112
132, 113
132, 114
132, 115
132, 116
132, 117
133, 10
133, 11
133, 12
133, 13
133, 14
133, 15
133, 16
133, 17
133, 18
133, 19
133, 20
133, 21
133, 22
133, 23
133, 24
133, 25
133, 26
133, 27
133, 28
133, 29
133, 30
133, 31
133, 32
133, 33
133, 34
133, 35
133, 36
133, 37
133, 38
133, 39
133, 79
133, 80
133, 81
133, 82
133, 83
133, 84
133, 85
133, 86
133, 87
133, 88
133, 89
133, 90
133, 91
133, 98
133, 99
133, 100
133, 101
133, 102
133, 103
133, 104
133, 105
133, 106
133, 107
133, 108
133, 109
133, 110
133, 111
133, 112
133, 113
133, 114
133, 115
133, 116
133, 117
133, 118
134, 10
134, 11
134, 12
134, 13
134, 14
134, 15
134, 16
134, 17
134, 18
134, 19
134, 20
134, 21
134, 22
134, 23
134, 24
134, 25
134, 26
134, 27
134, 28
134, 29
134, 30
134, 31
134, 32
134, 33
134, 34
134, 35
134, 36
134, 37
134, 38
134, 39
134, 40
134, 79
134, 80
134, 81
134, 82
134, 83
134, 84
134, 85
134, 86
134, 87
134, 88
134, 89
134, 90
134, 91
134, 99
134, 100
134, 101
134, 102
134, 103
134, 104
134, 105
134, 106
134, 107
134, 108
134, 109
134, 110
134, 111
134, 112
134, 113
134, 114
134, 115
134, 116
134, 117
134, 118
134, 119
135, 9
135, 10
135, 11
135, 12
135, 13
135, 14
135, 15
135, 16
135, 17
135, 18
135, 19
135, 20
135, 21
135, 22
135, 23
135, 24
135, 25
135, 26
135, 27
135, 28
135, 29
135, 30
135, 31
135, 32
135, 33
135, 34
135, 35
135, 36
135, 37
135, 38
135, 39
135, 40
135, 79
135, 80
135, 81
135, 82
135, 83
135, 84
135, 85
135, 86
135, 87
135, 88
135, 89
135, 90
135, 91
135, 99
135, 100
135, 101
135, 102
135, 103
135, 104
135, 105
135, 106
135, 107
135, 108
135, 109
135, 110
135, 111
135, 112
135, 113
135, 114
135, 115
135, 116
135, 117
135, 118
135, 119
136, 10
136, 11
136, 12
136, 13
136, 14
136, 15
136, 16
136, 17
136, 18
136, 19
136, 20
136, 21
136, 22
136, 23
136, 24
136, 25
136, 26
136, 27
136, 28
136, 29
136, 30
136, 31
136, 32
136, 33
136, 34
136, 35
136, 36
136, 37
136, 38
136, 39
136, 40
136, 79
136, 80
136, 81
136, 82
136, 83
136, 84
136, 85
136, 86
136, 87
136, 88
136, 89
136, 90
136, 91
136, 100
136, 101
136, 102
136, 103
136, 104
136, 105
136, 106
136, 107
136, 108
136, 109
136, 110
136, 111
136, 112
136, 113
136, 114
136, 115
136, 116
136, 117
136, 118
136, 119
137, 10
137, 11
137, 12
137, 13
137, 14
137, 15
137, 16
137, 17
137, 18
137, 19
137, 20
137, 21
137, 22
137, 23
137, 24
137, 25
137, 26
137, 27
137, 28
137, 29
137, 30
137, 31
137, 32
137, 33
137, 34
137, 35
137, 36
137, 37
137, 38
137, 39
137, 40
137, 79
137, 80
137, 81
137, 82
137, 83
137, 84
137, 85
137, 86
137, 87
137, 88
137, 89
137, 90
137, 91
137, 100
137, 101
137, 102
137, 103
137, 104
137, 105
137, 106
137, 107
137, 108
137, 109
137, 110
137, 111
137, 112
137, 113
137, 114
137, 115
137, 116
137, 117
137, 118
137, 119
137, 120
138, 10
138, 11
138, 12
138, 13
138, 14
138, 15
138, 16
138, 17
138, 18
138, 19
138, 20
138, 21
138, 22
138, 23
138, 24
138, 25
138, 26
138, 27
138, 28
138, 29
138, 30
138, 31
138, 32
138, 33
138, 34
138, 35
138, 36
138, 37
138, 38
138, 39
138, 40
138, 80
138, 81
138, 82
138, 83
138, 84
138, 85
138, 86
138, 87
138, 88
138, 89
138, 90
138, 91
138, 101
138, 102
138, 103
138, 104
138, 105
138, 106
138, 107
138, 108
138, 109
138, 110
138, 111
138, 112
138, 113
138, 114
138, 115
138, 116
138, 117
138, 118
138, 119
138, 120
139, 10
139, 11
139, 12
139, 13
139, 14
139, 15
139, 16
139, 17
139, 18
139, 19
139, 20
139, 21
139, 22
139, 23
139, 24
139, 25
139, 26
139, 27
139, 28
139, 29
139, 30
139, 31
139, 32
139, 33
139, 34
139, 35
139, 36
139, 37
139, 38
139, 39
139, 40
139, 80
139, 81
139, 82
139, 83
139, 84
139, 85
139, 86
139, 87
139, 88
139, 89
139, 90
139, 91
139, 102
139, 103
139, 104
139, 105
139, 106
139, 107
139, 108
139, 109
139, 110
139, 111
139, 112
139, 113
139, 114
139, 115
139, 116
139, 117
139, 118
139, 119
139, 120
140, 10
140, 11
140, 12
140, 13
140, 14
140, 15
140, 16
140, 17
140, 18
140, 19
140, 20
140, 21
140, 22
140, 23
140, 24
140, 25
140, 26
140, 27
140, 28
140, 29
140, 30
140, 31
140, 32
140, 33
140, 34
140, 35
140, 36
140, 37
140, 38
140, 39
140, 40
140, 80
140, 81
140, 82
140, 83
140, 84
140, 85
140, 86
140, 87
140, 88
140, 89
140, 90
140, 91
140, 102
140, 103
140, 104
140, 105
140, 106
140, 107
140, 108
140, 109
140, 110
140, 111
140, 112
140, 113
140, 114
140, 115
140, 116
140, 117
140, 118
140, 119
140, 120
140, 121
141, 10
141, 11
141, 12
141, 13
141, 14
141, 15
141, 16
141, 17
141, 18
141, 19
141, 20
141, 21
141, 22
141, 23
141, 24
141, 25
141, 26
141, 27
141, 28
141, 29
141, 30
141, 31
141, 32
141, 33
141, 34
141, 35
141, 36
141, 37
141, 38
141, 39
141, 40
141, 41
141, 80
141, 81
141, 82
141, 83
141, 84
141, 85
141, 86
141, 87
141, 88
141, 89
141, 90
141, 91
141, 102
141, 103
141, 104
141, 105
141, 106
141, 107
141, 108
141, 109
141, 110
141, 111
141, 112
141, 113
141, 114
141, 115
141, 116
141, 117
141, 118
141, 119
141, 120
141, 121
142, 10
142, 11
142, 12
142, 13
142, 14
142, 15
142, 16
142, 17
142, 18
142, 19
142, 20
142, 21
142, 22
142, 23
142, 24
142, 25
142, 26
142, 27
142, 28
142, 29
142, 30
142, 31
142, 32
142, 33
142, 34
142, 35
142, 36
142, 37
142, 38
142, 39
142, 40
142, 41
142, 80
142, 81
142, 82
142, 83
142, 84
142, 85
142, 86
142, 87
142, 88
142, 89
142, 90
142, 91
142, 92
142, 102
142, 103
142, 104
142, 105
142, 106
142, 107
142, 108
142, 109
142, 110
142, 111
142, 112
142, 113
142, 114
142, 115
142, 116
142, 117
142, 118
142, 119
142, 120
142, 121
142, 122
143, 10
143, 11
143, 12
143, 13
143, 14
143, 15
143, 16
143, 17
143, 18
143, 19
143, 20
143, 21
143, 22
143, 23
143, 24
143, 25
143, 26
143, 27
143, 28
143, 29
143, 30
143, 31
143, 32
143, 33
143, 34
143, 35
143, 36
143, 37
143, 38
143, 39
143, 40
143, 41
143, 81
143, 82
143, 83
143, 84
143, 85
143, 86
143, 87
143, 88
143, 89
143, 90
143, 91
143, 92
143, 102
143, 103
143, 104
143, 105
143, 106
143, 107
143, 108
143, 109
143, 110
143, 111
143, 112
143, 113
143, 114
143, 115
143, 116
143, 117
143, 118
143, 119
143, 120
143, 121
143, 122
144, 10
144, 11
144, 12
144, 13
144, 14
144, 15
144, 16
144, 17
144, 18
144, 19
144, 20
144, 21
144, 22
144, 23
144, 24
144, 25
144, 26
144, 27
144, 28
144, 29
144, 30
144, 31
144, 32
144, 33
144, 34
144, 35
144, 36
144, 37
144, 38
144, 39
144, 40
144, 41
144, 81
144, 82
144, 83
144, 84
144, 85
144, 86
144, 87
144, 88
144, 89
144, 90
144, 91
144, 92
144, 102
144, 103
144, 104
144, 105
144, 106
144, 107
144, 108
144, 109
144, 110
144, 111
144, 112
144, 113
144, 114
144, 115
144, 116
144, 117
144, 118
144, 119
144, 120
144, 121
144, 122
144, 123
145, 11
145, 12
145, 13
145, 14
145, 15
145, 16
145, 17
145, 18
145, 19
145, 20
145, 21
145, 22
145, 23
145, 24
145, 25
145, 26
145, 27
145, 28
145, 29
145, 30
145, 31
145, 32
145, 33
145, 34
145, 35
145, 36
145, 37
145, 38
145, 39
145, 40
145, 41
145, 81
145, 82
145, 83
145, 84
145, 85
145, 86
145, 87
145, 88
145, 89
145, 90
145, 91
145, 92
145, 93
145, 102
145, 103
145, 104
145, 105
145, 106
145, 107
145, 108
145, 109
145, 110
145, 111
145, 112
145, 113
145, 114
145, 115
145, 116
145, 117
145, 118
145, 119
145, 120
145, 121
145, 122
145, 123
146, 11
146, 12
146, 13
146, 14
146, 15
146, 16
146, 17
146, 18
146, 19
146, 20
146, 21
146, 22
146, 23
146, 24
146, 25
146, 26
146, 27
146, 28
146, 29
146, 30
146, 31
146, 32
146, 33
146, 34
146, 35
146, 36
146, 37
146, 38
146, 39
146, 40
146, 41
146, 81
146, 82
146, 83
146, 84
146, 85
146, 86
146, 87
146, 88
146, 89
146, 90
146, 91
146, 92
146, 93
146, 102
146, 103
146, 104
146, 105
146, 106
146, 107
146, 108
146, 109
146, 110
146, 111
146, 112
146, 113
146, 114
146, 115
146, 116
146, 117
146, 118
146, 119
146, 120
146, 121
146, 122
146, 123
147, 11
147, 12
147, 13
147, 14
147, 15
147, 16
147, 17
147, 18
147, 19
147, 20
147, 21
147, 22
147, 23
147, 24
147, 25
147, 26
147, 27
147, 28
147, 29
147, 30
147, 31
147, 32
147, 33
147, 34
147, 35
147, 36
147, 37
147, 38
147, 39
147, 40
147, 41
147, 81
147, 82
147, 83
147, 84
147, 85
147, 86
147, 87
147, 88
147, 89
147, 90
147, 91
147, 92
147, 93
147, 102
147, 103
147, 104
147, 105
147, 106
147, 107
147, 108
147, 109
147, 110
147, 111
147, 112
147, 113
147, 114
147, 115
147, 116
147, 117
147, 118
147, 119
147, 120
147, 121
147, 122
147, 123
148, 11
148, 12
148, 13
148, 14
148, 15
148, 16
148, 17
148, 18
148, 19
148, 20
148, 21
148, 22
148, 23
148, 24
148, 25
148, 26
148, 27
148, 28
148, 29
148, 30
148, 31
148, 32
148, 33
148, 34
148, 35
148, 36
148, 37
148, 38
148, 39
148, 40
148, 41
148, 81
148, 82
148, 83
148, 84
148, 85
148, 86
148, 87
148, 88
148, 89
148, 90
148, 91
148, 92
148, 93
148, 102
148, 103
148, 104
148, 105
148, 106
148, 107
148, 108
148, 109
148, 110
148, 111
148, 112
148, 113
148, 114
148, 115
148, 116
148, 117
148, 118
148, 119
148, 120
148, 121
148, 122
148, 123
149, 11
149, 12
149, 13
149, 14
149, 15
149, 16
149, 17
149, 18
149, 19
149, 20
149, 21
149, 22
149, 23
149, 24
149, 25
149, 26
149, 27
149, 28
149, 29
149, 30
149, 31
149, 32
149, 33
149, 34
149, 35
149, 36
149, 37
149, 38
149, 39
149, 40
149, 41
149, 81
149, 82
149, 83
149, 84
149, 85
149, 86
149, 87
149, 88
149, 89
149, 90
149, 91
149, 92
149, 93
149, 102
149, 103
149, 104
149, 105
149, 106
149, 107
149, 108
149, 109
149, 110
149, 111
149, 112
149, 113
149, 114
149, 115
149, 116
149, 117
149, 118
149, 119
149, 120
149, 121
149, 122
149, 123
149, 124
150, 12
150, 13
150, 14
150, 15
150, 16
150, 17
150, 18
150, 19
150, 20
150, 21
150, 22
150, 23
150, 24
150, 25
150, 26
150, 27
150, 28
150, 29
150, 30
150, 31
150, 32
150, 33
150, 34
150, 35
150, 36
150, 37
150, 38
150, 39
150, 40
150, 41
150, 81
150, 82
150, 83
150, 84
150, 85
150, 86
150, 87
150, 88
150, 89
150, 90
150, 91
150, 92
150, 93
150, 103
150, 104
150, 105
150, 106
150, 107
150, 108
150, 109
150, 110
150, 111
150, 112
150, 113
150, 114
150, 115
150, 116
150, 117
150, 118
150, 119
150, 120
150, 121
150, 122
150, 123
150, 124
151, 12
151, 13
151, 14
151, 18
151, 19
151, 20
151, 21
151, 22
151, 23
151, 24
151, 25
151, 26
151, 27
151, 28
151, 29
151, 30
151, 31
151, 32
151, 33
151, 34
151, 35
151, 36
151, 37
151, 38
151, 39
151, 40
151, 41
151, 42
151, 43
151, 44
151, 45
151, 81
151, 82
151, 83
151, 84
151, 85
151, 86
151, 87
151, 88
151, 89
151, 90
151, 91
151, 92
151, 93
151, 103
151, 104
151, 105
151, 106
151, 107
151, 108
151, 109
151, 110
151, 111
151, 112
151, 113
151, 114
151, 115
151, 116
151, 117
151, 118
151, 119
151, 120
151, 121
151, 122
151, 123
151, 124
152, 20
152, 21
152, 22
152, 23
152, 24
152, 25
152, 26
152, 27
152, 28
152, 29
152, 30
152, 31
152, 32
152, 33
152, 34
152, 35
152, 36
152, 37
152, 38
152, 39
152, 40
152, 41
152, 81
152, 82
152, 83
152, 84
152, 85
152, 86
152, 87
152, 88
152, 89
152, 90
152, 91
152, 92
152, 93
152, 103
152, 104
152, 105
152, 106
152, 107
152, 108
152, 109
152, 110
152, 111
152, 112
152, 113
152, 114
152, 115
152, 116
152, 117
152, 118
152, 119
152, 120
152, 121
152, 122
152, 123
152, 124
153, 21
153, 22
153, 23
153, 24
153, 25
153, 26
153, 27
153, 28
153, 29
153, 30
153, 31
153, 32
153, 33
153, 34
153, 35
153, 36
153, 37
153, 38
153, 39
153, 40
153, 82
153, 83
153, 84
153, 85
153, 86
153, 87
153, 88
153, 89
153, 90
153, 91
153, 92
153, 93
153, 103
153, 104
153, 105
153, 106
153, 107
153, 108
153, 109
153, 110
153, 111
153, 112
153, 113
153, 114
153, 115
153, 116
153, 117
153, 118
153, 119
153, 120
153, 121
153, 122
153, 123
153, 124
154, 22
154, 23
154, 24
154, 25
154, 26
154, 27
154, 28
154, 29
154, 30
154, 31
154, 32
154, 33
154, 34
154, 35
154, 36
154, 37
154, 38
154, 39
154, 40
154, 83
154, 84
154, 85
154, 86
154, 87
154, 88
154, 89
154, 90
154, 91
154, 92
154, 93
154, 103
154, 104
154, 105
154, 106
154, 107
154, 108
154, 109
154, 110
154, 111
154, 112
154, 113
154, 114
154, 115
154, 116
154, 117
154, 118
154, 119
154, 120
154, 121
154, 122
154, 123
154, 124
155, 23
155, 24
155, 25
155, 26
155, 27
155, 28
155, 29
155, 30
155, 31
155, 32
155, 33
155, 34
155, 35
155, 36
155, 37
155, 38
155, 39
155, 83
155, 84
155, 85
155, 86
155, 87
155, 88
155, 89
155, 90
155, 91
155, 92
155, 93
155, 104
155, 105
155, 106
155, 107
155, 108
155, 109
155, 110
155, 111
155, 112
155, 113
155, 114
155, 115
155, 116
155, 117
155, 118
155, 119
155, 120
155, 121
155, 122
155, 123
155, 124
156, 23
156, 24
156, 25
156, 26
156, 27
156, 28
156, 29
156, 30
156, 31
156, 32
156, 33
156, 34
156, 35
156, 36
156, 37
156, 38
156, 84
156, 85
156, 86
156, 87
156, 88
156, 89
156, 90
156, 91
156, 92
156, 93
156, 104
156, 105
156, 106
156, 107
156, 108
156, 109
156, 110
156, 111
156, 112
156, 113
156, 114
156, 115
156, 116
156, 117
156, 118
156, 119
156, 120
156, 121
156, 122
156, 123
156, 124
157, 23
157, 24
157, 25
157, 26
157, 27
157, 28
157, 29
157, 30
157, 31
157, 32
157, 33
157, 34
157, 35
157, 36
157, 37
157, 85
157, 86
157, 87
157, 88
157, 89
157, 90
157, 91
157, 92
157, 93
157, 104
157, 105
157, 106
157, 107
157, 108
157, 109
157, 110
157, 111
157, 112
157, 113
157, 114
157, 115
157, 116
157, 117
157, 118
157, 119
157, 120
157, 121
157, 122
157, 123
157, 124
158, 23
158, 24
158, 25
158, 26
158, 27
158, 28
158, 29
158, 30
158, 31
158, 32
158, 33
158, 34
158, 35
158, 36
158, 37
158, 86
158, 87
158, 88
158, 89
158, 90
158, 91
158, 92
158, 93
158, 105
158, 106
158, 107
158, 108
158, 109
158, 110
158, 111
158, 112
158, 113
158, 114
158, 115
158, 116
158, 117
158, 118
158, 119
158, 120
158, 121
158, 122
158, 123
158, 124
159, 23
159, 24
159, 25
159, 26
159, 27
159, 28
159, 29
159, 30
159, 31
159, 32
159, 33
159, 34
159, 35
159, 36
159, 87
159, 88
159, 89
159, 90
159, 91
159, 92
159, 93
159, 105
159, 106
159, 107
159, 108
159, 109
159, 110
159, 111
159, 112
159, 113
159, 114
159, 115
159, 116
159, 117
159, 118
159, 119
159, 120
159, 121
159, 122
159, 123
159, 124
160, 23
160, 24
160, 25
160, 26
160, 27
160, 28
160, 29
160, 30
160, 31
160, 32
160, 33
160, 34
160, 35
160, 36
160, 88
160, 89
160, 90
160, 91
160, 92
160, 106
160, 107
160, 108
160, 109
160, 110
160, 111
160, 112
160, 113
160, 114
160, 115
160, 116
160, 117
160, 118
160, 119
160, 120
160, 121
160, 122
160, 123
160, 124
161, 23
161, 24
161, 25
161, 26
161, 27
161, 28
161, 29
161, 30
161, 31
161, 32
161, 33
161, 34
161, 35
161, 89
161, 90
161, 91
161, 92
161, 106
161, 107
161, 108
161, 109
161, 110
161, 111
161, 112
161, 113
161, 114
161, 115
161, 116
161, 117
161, 118
161, 119
161, 120
161, 121
161, 122
161, 123
161, 124
162, 23
162, 24
162, 25
162, 26
162, 27
162, 28
162, 29
162, 30
162, 31
162, 32
162, 33
162, 34
162, 35
162, 107
162, 108
162, 109
162, 110
162, 111
162, 112
162, 113
162, 114
162, 115
162, 116
162, 117
162, 118
162, 119
162, 120
162, 121
162, 122
162, 123
162, 124
163, 24
163, 25
163, 26
163, 27
163, 28
163, 29
163, 30
163, 31
163, 32
163, 33
163, 107
163, 108
163, 109
163, 110
163, 111
163, 112
163, 113
163, 114
163, 115
163, 116
163, 117
163, 118
163, 119
163, 120
163, 121
163, 122
163, 123
164, 24
164, 25
164, 26
164, 27
164, 108
164, 109
164, 110
164, 111
164, 112
164, 113
164, 114
164, 115
164, 116
164, 117
164, 118
164, 119
164, 120
164, 121
164, 122
164, 123
165, 109
165, 110
165, 111
165, 112
165, 113
165, 114
165, 115
165, 116
165, 117
165, 118
165, 119
165, 120
165, 121
165, 122
165, 123
166, 110
166, 111
166, 112
166, 113
166, 114
166, 115
166, 116
166, 117
166, 118
166, 119
166, 120
166, 121
166, 122
166, 123
167, 111
167, 112
167, 113
167, 114
167, 115
167, 116
167, 117
167, 118
167, 119
167, 120
167, 121
167, 122
168, 112
168, 113
168, 114
168, 115
168, 116
168, 117
168, 118
168, 119
168, 120
168, 121
168, 122
169, 114
169, 115
169, 116
169, 117
169, 118
