15, 9
15, 10
16, 7
16, 8
16, 9
16, 10
16, 11
16, 19
16, 20
16, 21
17, 5
17, 6
17, 7
17, 8
17, 9
17, 10
17, 11
17, 12
17, 18
17, 19
17, 20
17, 21
17, 22
17, 23
18, 5
18, 6
18, 7
18, 8
18, 9
18, 10
18, 11
18, 12
18, 17
18, 18
18, 19
18, 20
18, 21
18, 22
18, 23
18, 24
19, 5
19, 6
19, 7
19, 8
19, 9
19, 10
19, 11
19, 12
19, 17
19, 18
19, 19
19, 20
19, 21
19, 22
19, 23
19, 24
20, 4
20, 5
20, 6
20, 7
20, 8
20, 9
20, 10
20, 11
20, 12
20, 16
20, 17
20, 18
20, 19
20, 20
20, 21
20, 22
20, 23
20, 24
20, 25
20, 26
21, 4
21, 5
21, 6
21, 7
21, 8
21, 9
21, 10
21, 11
21, 12
21, 17
21, 18
21, 19
21, 20
21, 21
21, 22
21, 23
21, 24
21, 25
21, 26
22, 4
22, 5
22, 6
22, 7
22, 8
22, 9
22, 10
22, 11
22, 12
22, 18
22, 19
22, 20
22, 21
22, 22
22, 23
22, 24
22, 25
22, 26
23, 4
23, 5
23, 6
23, 7
23, 8
23, 9
23, 10
23, 11
23, 12
23, 20
23, 21
23, 22
23, 23
23, 24
23, 25
23, 26
23, 27
24, 4
24, 5
24, 6
24, 7
24, 8
24, 9
24, 10
24, 11
24, 21
24, 22
24, 23
24, 24
24, 25
24, 26
24, 27
25, 4
25, 5
25, 6
25, 7
25, 8
25, 9
25, 10
25, 11
25, 22
25, 23
25, 24
25, 25
25, 26
25, 27
26, 4
26, 5
26, 6
26, 7
26, 8
26, 9
26, 10
26, 11
26, 22
26, 23
26, 24
26, 25
26, 26
26, 27
27, 4
27, 5
27, 6
27, 7
27, 8
27, 9
27, 10
27, 11
27, 22
27, 23
27, 24
27, 25
27, 26
27, 27
28, 4
28, 5
28, 6
28, 7
28, 8
28, 9
28, 10
28, 11
28, 22
28, 23
28, 24
28, 25
28, 26
28, 27
29, 4
29, 5
29, 6
29, 7
29, 8
29, 9
29, 10
29, 11
29, 22
29, 23
29, 24
29, 25
29, 26
29, 27
30, 4
30, 5
30, 6
30, 7
30, 8
30, 9
30, 10
30, 11
30, 22
30, 23
30, 24
30, 25
30, 26
30, 27
31, 4
31, 5
31, 6
31, 7
31, 8
31, 9
31, 10
31, 11
31, 22
31, 23
31, 24
31, 25
31, 26
31, 27
32, 4
32, 5
32, 6
32, 7
32, 8
32, 9
32, 10
32, 11
32, 22
32, 23
32, 24
32, 25
32, 26
32, 27
33, 4
33, 5
33, 6
33, 7
33, 8
33, 9
33, 10
33, 11
33, 22
33, 23
33, 24
33, 25
33, 26
33, 27
34, 4
34, 5
34, 6
34, 7
34, 8
34, 9
34, 10
34, 11
34, 22
34, 23
34, 24
34, 25
34, 26
34, 27
35, 4
35, 5
35, 6
35, 7
35, 8
35, 9
35, 10
35, 23
35, 24
35, 25
35, 26
35, 27
36, 4
36, 5
36, 6
36, 7
36, 8
36, 9
36, 10
36, 22
36, 23
36, 24
36, 25
36, 26
36, 27
37, 4
37, 5
37, 6
37, 7
37, 8
37, 9
37, 10
37, 22
37, 23
37, 24
37, 25
37, 26
37, 27
38, 4
38, 5
38, 6
38, 7
38, 8
38, 9
38, 10
38, 22
38, 23
38, 24
38, 25
38, 26
38, 27
39, 4
39, 5
39, 6
39, 7
39, 8
39, 9
39, 10
39, 22
39, 23
39, 24
39, 25
39, 26
40, 4
40, 5
40, 6
40, 7
40, 8
40, 9
40, 10
40, 22
40, 23
40, 24
40, 25
40, 26
41, 4
41, 5
41, 6
41, 7
41, 8
41, 9
41, 10
41, 22
41, 23
41, 24
41, 25
41, 26
42, 4
42, 5
42, 6
42, 7
42, 8
42, 9
42, 10
42, 22
42, 23
42, 24
42, 25
43, 4
43, 5
43, 6
43, 7
43, 8
43, 9
43, 22
43, 23
43, 25
44, 4
44, 5
44, 6
44, 7
44, 8
44, 9
44, 22
44, 23
45, 4
45, 5
45, 6
45, 7
45, 8
45, 9
45, 22
45, 23
46, 4
46, 5
46, 6
46, 7
46, 8
46, 9
47, 4
47, 5
47, 6
47, 7
47, 8
48, 4
48, 5
48, 6
48, 7
48, 8
49, 4
49, 5
49, 6
49, 7
49, 8
50, 4
50, 5
50, 6
50, 7
50, 8
51, 4
51, 5
51, 6
51, 7
51, 8
52, 4
52, 5
52, 6
52, 7
52, 8
52, 9
53, 4
53, 5
53, 6
53, 7
53, 8
53, 9
54, 5
54, 6
54, 7
54, 8
54, 9
55, 5
55, 6
55, 7
55, 8
55, 9
56, 6
56, 7
56, 8
56, 9
57, 6
57, 7
57, 8
57, 9
58, 6
58, 7
58, 8
58, 9
59, 6
59, 7
59, 8
59, 9
60, 7
60, 8
60, 9
61, 7
61, 8
61, 9
62, 7
62, 8
62, 9
63, 7
63, 8
63, 9
63, 10
64, 7
64, 8
64, 9
64, 10
65, 7
65, 8
65, 9
65, 10
66, 7
66, 8
66, 9
66, 10
67, 7
67, 8
67, 9
67, 10
68, 7
68, 8
68, 9
68, 10
69, 8
69, 9
69, 10
70, 8
70, 9
70, 10
71, 8
71, 9
71, 10
72, 8
72, 9
72, 10
73, 8
73, 9
73, 10
73, 11
74, 8
74, 9
74, 10
74, 11
74, 12
74, 13
75, 8
75, 9
75, 10
75, 11
75, 12
75, 13
75, 14
75, 20
75, 21
75, 22
75, 23
76, 8
76, 9
76, 10
76, 11
76, 12
76, 13
76, 14
76, 15
76, 19
76, 20
76, 21
76, 22
76, 23
77, 8
77, 9
77, 10
77, 11
77, 12
77, 13
77, 14
77, 15
77, 19
77, 20
77, 21
77, 22
77, 23
78, 8
78, 9
78, 10
78, 11
78, 12
78, 13
78, 14
78, 20
78, 21
78, 22
78, 23
79, 8
79, 9
79, 10
79, 11
79, 12
79, 13
79, 14
79, 20
79, 21
79, 22
79, 23
80, 8
80, 9
80, 10
80, 11
80, 12
80, 13
80, 14
80, 15
80, 20
80, 21
80, 22
81, 9
81, 10
81, 11
81, 12
81, 13
81, 14
81, 15
81, 20
82, 9
82, 10
82, 11
82, 12
82, 13
82, 14
82, 15
83, 9
83, 10
83, 11
83, 12
83, 13
83, 14
83, 15
84, 9
84, 10
84, 11
84, 12
84, 13
84, 14
85, 9
85, 10
85, 11
85, 12
85, 13
85, 14
86, 9
86, 10
86, 11
86, 12
86, 13
86, 14
86, 24
87, 9
87, 10
87, 11
87, 12
87, 13
87, 14
87, 22
87, 23
87, 24
87, 25
87, 26
88, 9
88, 10
88, 11
88, 12
88, 13
88, 14
88, 22
88, 23
88, 24
88, 25
88, 26
89, 9
89, 10
89, 11
89, 12
89, 13
89, 14
89, 22
89, 23
89, 24
89, 25
89, 26
90, 9
90, 10
90, 11
90, 12
90, 13
90, 14
90, 22
90, 24
90, 25
91, 9
91, 10
91, 11
91, 12
91, 13
