23, 33
23, 34
23, 35
23, 36
23, 37
23, 38
24, 32
24, 33
24, 34
24, 35
24, 36
24, 37
24, 38
24, 39
25, 31
25, 32
25, 33
25, 34
25, 35
25, 36
25, 37
25, 38
25, 39
25, 40
25, 41
26, 30
26, 31
26, 32
26, 33
26, 34
26, 35
26, 36
26, 37
26, 38
26, 39
26, 40
26, 41
26, 42
27, 8
27, 11
27, 30
27, 31
27, 32
27, 33
27, 34
27, 35
27, 36
27, 37
27, 38
27, 39
27, 40
27, 41
27, 42
28, 7
28, 8
28, 9
28, 10
28, 11
28, 12
28, 29
28, 30
28, 31
28, 32
28, 33
28, 34
28, 35
28, 36
28, 37
28, 38
28, 39
28, 40
28, 41
28, 42
28, 43
29, 5
29, 6
29, 7
29, 8
29, 9
29, 10
29, 11
29, 12
29, 13
29, 28
29, 29
29, 30
29, 31
29, 32
29, 33
29, 34
29, 35
29, 36
29, 37
29, 38
29, 39
29, 40
29, 41
29, 42
29, 43
30, 5
30, 6
30, 7
30, 8
30, 9
30, 10
30, 11
30, 12
30, 13
30, 28
30, 29
30, 30
30, 31
30, 32
30, 33
30, 34
30, 35
30, 36
30, 37
30, 38
30, 39
30, 40
30, 41
30, 42
30, 43
31, 4
31, 5
31, 6
31, 7
31, 8
31, 9
31, 10
31, 11
31, 12
31, 13
31, 27
31, 28
31, 29
31, 30
31, 31
31, 32
31, 33
31, 34
31, 35
31, 36
31, 37
31, 38
31, 39
31, 40
31, 41
31, 42
31, 43
32, 4
32, 5
32, 6
32, 7
32, 8
32, 9
32, 10
32, 11
32, 12
32, 13
32, 27
32, 28
32, 29
32, 30
32, 31
32, 32
32, 33
32, 34
32, 35
32, 36
32, 37
32, 38
32, 39
32, 40
32, 41
32, 42
32, 43
33, 4
33, 5
33, 6
33, 7
33, 8
33, 9
33, 10
33, 11
33, 12
33, 13
33, 27
33, 28
33, 29
33, 30
33, 31
33, 32
33, 33
33, 34
33, 35
33, 36
33, 37
33, 38
33, 39
33, 40
33, 41
33, 42
33, 43
34, 3
34, 4
34, 5
34, 6
34, 7
34, 8
34, 9
34, 10
34, 11
34, 12
34, 13
34, 27
34, 28
34, 29
34, 30
34, 31
34, 32
34, 33
34, 34
34, 35
34, 36
34, 37
34, 38
34, 39
34, 40
34, 41
34, 42
34, 43
35, 3
35, 4
35, 5
35, 6
35, 7
35, 8
35, 9
35, 10
35, 11
35, 12
35, 13
35, 27
35, 28
35, 29
35, 30
35, 31
35, 32
35, 33
35, 34
35, 35
35, 36
35, 37
35, 38
35, 39
35, 40
35, 41
35, 42
35, 43
36, 3
36, 4
36, 5
36, 6
36, 7
36, 8
36, 9
36, 10
36, 11
36, 12
36, 13
36, 26
36, 27
36, 28
36, 29
36, 30
36, 31
36, 32
36, 33
36, 34
36, 35
36, 36
36, 37
36, 38
36, 39
36, 40
36, 41
36, 42
36, 43
37, 3
37, 4
37, 5
37, 6
37, 7
37, 8
37, 9
37, 10
37, 11
37, 12
37, 13
37, 26
37, 27
37, 28
37, 29
37, 30
37, 31
37, 32
37, 33
37, 34
37, 35
37, 36
37, 37
37, 38
37, 39
37, 40
37, 41
37, 42
37, 43
38, 3
38, 4
38, 5
38, 6
38, 7
38, 8
38, 9
38, 10
38, 11
38, 12
38, 13
38, 25
38, 26
38, 27
38, 28
38, 29
38, 30
38, 31
38, 32
38, 33
38, 34
38, 35
38, 36
38, 37
38, 38
38, 39
38, 40
38, 41
38, 42
38, 43
39, 3
39, 4
39, 5
39, 6
39, 7
39, 8
39, 9
39, 10
39, 11
39, 12
39, 13
39, 25
39, 26
39, 27
39, 28
39, 29
39, 30
39, 31
39, 32
39, 33
39, 34
39, 35
39, 36
39, 37
39, 38
39, 39
39, 40
39, 41
39, 42
39, 43
40, 3
40, 4
40, 5
40, 6
40, 7
40, 8
40, 9
40, 10
40, 11
40, 12
40, 25
40, 26
40, 27
40, 28
40, 29
40, 30
40, 31
40, 32
40, 33
40, 34
40, 35
40, 36
40, 37
40, 38
40, 39
40, 40
40, 41
40, 42
40, 43
41, 3
41, 4
41, 5
41, 6
41, 7
41, 8
41, 9
41, 10
41, 11
41, 12
41, 25
41, 26
41, 27
41, 28
41, 29
41, 30
41, 31
41, 32
41, 33
41, 34
41, 35
41, 36
41, 37
41, 38
41, 39
41, 40
41, 41
41, 42
41, 43
42, 3
42, 4
42, 5
42, 6
42, 7
42, 8
42, 9
42, 10
42, 11
42, 12
42, 24
42, 25
42, 26
42, 27
42, 28
42, 29
42, 30
42, 31
42, 32
42, 33
42, 34
42, 35
42, 36
42, 37
42, 38
42, 39
42, 40
42, 41
42, 42
42, 43
43, 3
43, 4
43, 5
43, 6
43, 7
43, 8
43, 9
43, 10
43, 11
43, 24
43, 25
43, 26
43, 27
43, 28
43, 29
43, 30
43, 31
43, 32
43, 33
43, 34
43, 35
43, 36
43, 37
43, 38
43, 39
43, 40
43, 41
43, 42
43, 43
44, 3
44, 4
44, 5
44, 6
44, 7
44, 8
44, 9
44, 10
44, 11
44, 24
44, 25
44, 26
44, 27
44, 28
44, 29
44, 30
44, 31
44, 32
44, 33
44, 34
44, 35
44, 36
44, 37
44, 38
44, 39
44, 40
44, 41
44, 42
44, 43
45, 3
45, 4
45, 5
45, 6
45, 7
45, 8
45, 9
45, 10
45, 24
45, 25
45, 26
45, 27
45, 28
45, 29
45, 30
45, 31
45, 32
45, 33
45, 34
45, 35
45, 36
45, 37
45, 38
45, 39
45, 40
45, 41
45, 42
45, 43
46, 3
46, 4
46, 5
46, 6
46, 7
46, 8
46, 9
46, 10
46, 24
46, 25
46, 26
46, 27
46, 28
46, 29
46, 30
46, 31
46, 32
46, 33
46, 34
46, 35
46, 36
46, 37
46, 38
46, 39
46, 40
46, 41
46, 42
47, 3
47, 4
47, 5
47, 6
47, 7
47, 8
47, 9
47, 10
47, 24
47, 25
47, 26
47, 27
47, 28
47, 29
47, 30
47, 31
47, 32
47, 33
47, 34
47, 35
47, 36
47, 37
47, 38
47, 39
47, 40
47, 41
47, 42
48, 3
48, 4
48, 5
48, 6
48, 7
48, 8
48, 9
48, 10
48, 24
48, 25
48, 26
48, 27
48, 28
48, 29
48, 30
48, 31
48, 32
48, 33
48, 34
48, 35
48, 36
48, 37
48, 38
48, 39
48, 40
48, 41
48, 42
49, 3
49, 4
49, 5
49, 6
49, 7
49, 8
49, 9
49, 10
49, 24
49, 25
49, 26
49, 27
49, 28
49, 29
49, 30
49, 31
49, 32
49, 33
49, 34
49, 35
49, 36
49, 37
49, 38
49, 39
49, 40
49, 41
49, 42
50, 3
50, 4
50, 5
50, 6
50, 7
50, 8
50, 9
50, 10
50, 24
50, 25
50, 26
50, 27
50, 28
50, 29
50, 30
50, 31
50, 32
50, 33
50, 34
50, 35
50, 36
50, 37
50, 38
50, 39
50, 40
50, 41
51, 3
51, 4
51, 5
51, 6
51, 7
51, 8
51, 9
51, 10
51, 24
51, 25
51, 26
51, 27
51, 28
51, 29
51, 30
51, 31
51, 32
51, 33
51, 34
51, 35
51, 36
51, 37
51, 38
51, 39
51, 40
51, 41
52, 3
52, 4
52, 5
52, 6
52, 7
52, 8
52, 9
52, 10
52, 22
52, 23
52, 24
52, 25
52, 26
52, 27
52, 28
52, 29
52, 30
52, 31
52, 32
52, 33
52, 34
52, 35
52, 36
52, 37
52, 38
52, 39
52, 40
52, 41
53, 3
53, 4
53, 5
53, 6
53, 7
53, 8
53, 9
53, 10
53, 22
53, 23
53, 24
53, 25
53, 26
53, 27
53, 28
53, 29
53, 30
53, 31
53, 32
53, 33
53, 34
53, 35
53, 36
53, 37
53, 38
53, 39
53, 40
54, 3
54, 4
54, 5
54, 6
54, 7
54, 8
54, 9
54, 10
54, 24
54, 25
54, 26
54, 27
54, 28
54, 29
54, 30
54, 31
54, 32
54, 33
54, 34
54, 35
54, 36
54, 37
54, 38
54, 39
54, 40
55, 3
55, 4
55, 5
55, 6
55, 7
55, 8
55, 9
55, 10
55, 24
55, 25
55, 26
55, 27
55, 28
55, 29
55, 30
55, 31
55, 32
55, 33
55, 34
55, 35
55, 36
55, 37
55, 38
55, 39
55, 40
56, 4
56, 5
56, 6
56, 7
56, 8
56, 9
56, 10
56, 23
56, 24
56, 25
56, 26
56, 27
56, 28
56, 29
56, 30
56, 31
56, 32
56, 33
56, 34
56, 35
56, 36
56, 37
56, 38
56, 39
56, 40
57, 4
57, 5
57, 6
57, 7
57, 8
57, 9
57, 10
57, 23
57, 24
57, 25
57, 26
57, 27
57, 28
57, 29
57, 30
57, 31
57, 32
57, 33
57, 34
57, 35
57, 36
57, 37
57, 38
57, 39
57, 40
58, 4
58, 5
58, 6
58, 7
58, 8
58, 9
58, 10
58, 11
58, 23
58, 24
58, 25
58, 26
58, 27
58, 28
58, 29
58, 30
58, 31
58, 32
58, 33
58, 34
58, 35
58, 36
58, 37
58, 38
58, 39
59, 4
59, 5
59, 6
59, 7
59, 8
59, 9
59, 10
59, 11
59, 23
59, 24
59, 25
59, 26
59, 27
59, 28
59, 29
59, 30
59, 31
59, 32
59, 33
59, 34
59, 35
59, 36
59, 37
59, 38
59, 39
60, 4
60, 5
60, 6
60, 7
60, 8
60, 9
60, 10
60, 11
60, 23
60, 24
60, 25
60, 26
60, 27
60, 28
60, 29
60, 30
60, 31
60, 32
60, 33
60, 34
60, 35
60, 36
60, 37
60, 38
61, 4
61, 5
61, 6
61, 7
61, 8
61, 9
61, 10
61, 11
61, 23
61, 24
61, 25
61, 26
61, 27
61, 28
61, 29
61, 30
61, 31
61, 32
61, 33
61, 34
61, 35
61, 36
61, 37
61, 38
62, 4
62, 5
62, 6
62, 7
62, 8
62, 9
62, 10
62, 11
62, 23
62, 24
62, 25
62, 26
62, 27
62, 28
62, 29
62, 30
62, 31
62, 32
62, 33
62, 34
62, 35
62, 36
62, 37
62, 38
63, 5
63, 6
63, 7
63, 8
63, 9
63, 10
63, 11
63, 12
63, 23
63, 24
63, 25
63, 26
63, 27
63, 28
63, 29
63, 30
63, 31
63, 32
63, 33
63, 34
63, 35
63, 36
63, 37
64, 5
64, 6
64, 7
64, 8
64, 9
64, 10
64, 11
64, 12
64, 13
64, 23
64, 24
64, 25
64, 26
64, 27
64, 28
64, 29
64, 30
64, 31
64, 32
64, 33
64, 34
64, 35
64, 36
64, 37
65, 5
65, 6
65, 7
65, 8
65, 9
65, 10
65, 11
65, 12
65, 13
65, 23
65, 24
65, 25
65, 26
65, 27
65, 28
65, 29
65, 30
65, 31
65, 32
65, 33
65, 34
65, 35
65, 36
66, 5
66, 6
66, 7
66, 8
66, 9
66, 10
66, 11
66, 12
66, 13
66, 23
66, 24
66, 25
66, 26
66, 27
66, 28
66, 29
66, 30
66, 31
66, 32
66, 33
66, 34
66, 35
66, 36
67, 5
67, 6
67, 7
67, 8
67, 9
67, 10
67, 11
67, 12
67, 13
67, 23
67, 24
67, 25
67, 26
67, 27
67, 28
67, 29
67, 30
67, 31
67, 32
67, 33
67, 34
67, 35
67, 36
68, 5
68, 6
68, 7
68, 8
68, 9
68, 10
68, 11
68, 12
68, 13
68, 23
68, 24
68, 25
68, 26
68, 27
68, 28
68, 29
68, 30
68, 31
68, 32
68, 33
68, 34
68, 35
69, 5
69, 6
69, 7
69, 8
69, 9
69, 10
69, 11
69, 12
69, 22
69, 23
69, 24
69, 25
69, 26
69, 27
69, 28
69, 29
69, 30
69, 31
69, 32
69, 33
69, 34
69, 35
70, 5
70, 6
70, 7
70, 8
70, 9
70, 10
70, 11
70, 12
70, 22
70, 23
70, 24
70, 25
70, 26
70, 27
70, 28
70, 29
70, 30
70, 31
70, 32
70, 33
70, 34
71, 5
71, 6
71, 7
71, 8
71, 9
71, 10
71, 11
71, 12
71, 14
71, 21
71, 22
71, 23
71, 24
71, 25
71, 26
71, 27
71, 28
71, 29
71, 30
71, 31
71, 32
71, 33
71, 34
72, 5
72, 6
72, 7
72, 8
72, 9
72, 10
72, 11
72, 14
72, 21
72, 22
72, 23
72, 24
72, 25
72, 26
72, 27
72, 28
72, 29
72, 30
72, 31
72, 32
72, 33
73, 5
73, 6
73, 7
73, 8
73, 9
73, 10
73, 11
73, 21
73, 22
73, 23
73, 24
73, 25
73, 26
73, 27
73, 28
73, 29
73, 30
73, 31
73, 32
74, 5
74, 6
74, 7
74, 8
74, 9
74, 10
74, 11
74, 21
74, 22
74, 23
74, 24
74, 25
74, 26
74, 27
74, 28
74, 29
74, 30
74, 31
74, 32
75, 5
75, 6
75, 7
75, 8
75, 9
75, 10
75, 11
75, 12
75, 21
75, 22
75, 23
75, 24
75, 25
75, 26
75, 27
75, 28
75, 29
75, 30
75, 31
76, 5
76, 6
76, 7
76, 8
76, 9
76, 10
76, 11
76, 12
76, 21
76, 22
76, 23
76, 24
76, 25
76, 26
76, 27
76, 28
76, 29
76, 30
77, 5
77, 6
77, 7
77, 8
77, 9
77, 10
77, 11
77, 12
77, 21
77, 22
77, 23
77, 24
77, 25
77, 26
77, 27
77, 28
77, 29
78, 5
78, 6
78, 7
78, 8
78, 9
78, 10
78, 11
78, 12
78, 13
78, 21
78, 22
78, 23
78, 24
78, 25
78, 26
78, 27
78, 28
79, 5
79, 6
79, 7
79, 8
79, 9
79, 10
79, 11
79, 12
79, 13
79, 14
79, 21
79, 22
79, 23
79, 24
79, 25
79, 26
80, 5
80, 6
80, 7
80, 8
80, 9
80, 10
80, 11
80, 12
80, 13
80, 14
80, 22
80, 23
80, 24
80, 25
81, 6
81, 7
81, 8
81, 9
81, 10
81, 11
81, 12
81, 13
81, 14
82, 7
82, 8
82, 9
82, 10
82, 11
82, 12
83, 8
83, 9
83, 10
83, 11
83, 12
84, 9
84, 10
84, 11
84, 12
85, 9
85, 10
85, 11
85, 12
86, 9
86, 10
86, 11
86, 12
87, 9
87, 10
87, 11
87, 12
88, 9
88, 10
88, 11
88, 12
88, 13
88, 14
89, 9
89, 10
89, 11
89, 12
89, 13
89, 14
89, 15
89, 16
90, 9
90, 10
90, 11
90, 12
90, 13
90, 14
90, 15
90, 16
90, 17
91, 9
91, 10
91, 11
91, 12
91, 13
91, 14
91, 15
91, 16
91, 17
92, 9
92, 10
92, 11
92, 12
92, 13
92, 14
92, 15
92, 16
93, 9
93, 10
93, 11
93, 12
93, 13
93, 14
93, 15
93, 16
94, 9
94, 10
94, 11
94, 12
94, 13
94, 14
94, 15
94, 16
95, 9
95, 10
95, 11
95, 12
95, 13
95, 14
95, 15
95, 16
96, 10
96, 11
96, 12
96, 13
96, 14
96, 15
96, 16
96, 18
96, 19
97, 10
97, 11
97, 12
97, 13
97, 14
97, 15
97, 16
97, 18
97, 19
98, 10
98, 11
98, 12
98, 13
98, 14
98, 15
98, 16
98, 18
98, 19
99, 10
99, 11
99, 12
99, 13
99, 14
99, 15
99, 16
99, 18
99, 19
100, 10
100, 11
100, 12
100, 13
100, 14
100, 15
100, 16
100, 18
100, 19
101, 10
101, 11
101, 12
101, 13
101, 14
101, 15
101, 16
101, 18
101, 19
102, 10
102, 11
102, 12
102, 13
102, 14
102, 15
102, 16
102, 17
102, 18
102, 19
102, 20
102, 21
102, 22
103, 11
103, 12
103, 13
103, 14
103, 15
103, 16
103, 17
103, 18
103, 19
103, 20
103, 21
103, 22
104, 11
104, 12
104, 13
104, 14
104, 15
104, 16
104, 17
104, 18
104, 19
104, 20
104, 21
104, 22
105, 11
105, 12
105, 13
105, 14
105, 15
105, 16
105, 17
105, 18
105, 19
105, 20
105, 21
105, 22
106, 12
106, 13
106, 14
106, 15
106, 16
106, 17
106, 18
106, 19
106, 20
106, 21
106, 22
