54, 113
54, 114
54, 115
54, 116
54, 117
54, 118
54, 119
54, 120
54, 121
54, 122
54, 123
54, 124
54, 125
54, 126
54, 127
54, 128
55, 111
55, 112
55, 113
55, 114
55, 115
55, 116
55, 117
55, 118
55, 119
55, 120
55, 121
55, 122
55, 123
55, 124
55, 125
55, 126
55, 127
55, 128
55, 129
56, 110
56, 111
56, 112
56, 113
56, 114
56, 115
56, 116
56, 117
56, 118
56, 119
56, 120
56, 121
56, 122
56, 123
56, 124
56, 125
56, 126
56, 127
56, 128
56, 129
56, 130
57, 110
57, 111
57, 112
57, 113
57, 114
57, 115
57, 116
57, 117
57, 118
57, 119
57, 120
57, 121
57, 122
57, 123
57, 124
57, 125
57, 126
57, 127
57, 128
57, 129
57, 130
58, 110
58, 111
58, 112
58, 113
58, 114
58, 115
58, 116
58, 117
58, 118
58, 119
58, 120
58, 121
58, 122
58, 123
58, 124
58, 125
58, 126
58, 127
58, 128
58, 129
58, 130
58, 131
59, 109
59, 110
59, 111
59, 112
59, 113
59, 114
59, 115
59, 116
59, 117
59, 118
59, 119
59, 120
59, 121
59, 122
59, 123
59, 124
59, 125
59, 126
59, 127
59, 128
59, 129
59, 130
59, 131
59, 132
60, 109
60, 110
60, 111
60, 112
60, 113
60, 114
60, 115
60, 116
60, 117
60, 118
60, 119
60, 120
60, 121
60, 122
60, 123
60, 124
60, 125
60, 126
60, 127
60, 128
60, 129
60, 130
60, 131
60, 132
61, 87
61, 109
61, 110
61, 111
61, 112
61, 113
61, 114
61, 115
61, 116
61, 117
61, 118
61, 119
61, 120
61, 121
61, 122
61, 123
61, 124
61, 125
61, 126
61, 127
61, 128
61, 129
61, 130
61, 131
61, 132
61, 133
62, 84
62, 85
62, 86
62, 87
62, 88
62, 109
62, 110
62, 111
62, 112
62, 113
62, 114
62, 115
62, 116
62, 117
62, 118
62, 119
62, 120
62, 121
62, 122
62, 123
62, 124
62, 125
62, 126
62, 127
62, 128
62, 129
62, 130
62, 131
62, 132
62, 133
62, 134
63, 83
63, 84
63, 85
63, 86
63, 87
63, 88
63, 89
63, 108
63, 109
63, 110
63, 111
63, 112
63, 113
63, 114
63, 115
63, 116
63, 117
63, 118
63, 119
63, 120
63, 121
63, 122
63, 123
63, 124
63, 125
63, 126
63, 127
63, 128
63, 129
63, 130
63, 131
63, 132
63, 133
63, 134
64, 83
64, 84
64, 85
64, 86
64, 87
64, 88
64, 89
64, 90
64, 108
64, 109
64, 110
64, 111
64, 112
64, 113
64, 114
64, 115
64, 116
64, 117
64, 118
64, 119
64, 120
64, 121
64, 122
64, 123
64, 124
64, 125
64, 126
64, 127
64, 128
64, 129
64, 130
64, 131
64, 132
64, 133
64, 134
65, 82
65, 83
65, 84
65, 85
65, 86
65, 87
65, 88
65, 89
65, 90
65, 91
65, 107
65, 108
65, 109
65, 110
65, 111
65, 112
65, 113
65, 114
65, 115
65, 116
65, 117
65, 118
65, 119
65, 120
65, 121
65, 122
65, 123
65, 124
65, 125
65, 126
65, 127
65, 128
65, 129
65, 130
65, 131
65, 132
65, 133
65, 134
65, 135
66, 81
66, 82
66, 83
66, 84
66, 85
66, 86
66, 87
66, 88
66, 89
66, 90
66, 91
66, 92
66, 107
66, 108
66, 109
66, 110
66, 111
66, 112
66, 113
66, 114
66, 115
66, 116
66, 117
66, 118
66, 119
66, 120
66, 121
66, 122
66, 123
66, 124
66, 125
66, 126
66, 127
66, 128
66, 129
66, 130
66, 131
66, 132
66, 133
66, 134
66, 135
67, 80
67, 81
67, 82
67, 83
67, 84
67, 85
67, 86
67, 87
67, 88
67, 89
67, 90
67, 91
67, 92
67, 93
67, 106
67, 107
67, 108
67, 109
67, 110
67, 111
67, 112
67, 113
67, 114
67, 115
67, 116
67, 117
67, 118
67, 119
67, 120
67, 121
67, 122
67, 123
67, 124
67, 125
67, 126
67, 127
67, 128
67, 129
67, 130
67, 131
67, 132
67, 133
67, 134
67, 135
68, 80
68, 81
68, 82
68, 83
68, 84
68, 85
68, 86
68, 87
68, 88
68, 89
68, 90
68, 91
68, 92
68, 93
68, 94
68, 106
68, 107
68, 108
68, 109
68, 110
68, 111
68, 112
68, 113
68, 114
68, 115
68, 116
68, 117
68, 118
68, 119
68, 120
68, 121
68, 122
68, 123
68, 124
68, 125
68, 126
68, 127
68, 128
68, 129
68, 130
68, 131
68, 132
68, 133
68, 134
68, 135
68, 136
69, 79
69, 80
69, 81
69, 82
69, 83
69, 84
69, 85
69, 86
69, 87
69, 88
69, 89
69, 90
69, 91
69, 92
69, 93
69, 94
69, 106
69, 107
69, 108
69, 109
69, 110
69, 111
69, 112
69, 113
69, 114
69, 115
69, 116
69, 117
69, 118
69, 119
69, 120
69, 121
69, 122
69, 123
69, 124
69, 125
69, 126
69, 127
69, 128
69, 129
69, 130
69, 131
69, 132
69, 133
69, 134
69, 135
69, 136
70, 78
70, 79
70, 80
70, 81
70, 82
70, 83
70, 84
70, 85
70, 86
70, 87
70, 88
70, 89
70, 90
70, 91
70, 92
70, 93
70, 94
70, 106
70, 107
70, 108
70, 109
70, 110
70, 111
70, 112
70, 113
70, 114
70, 115
70, 116
70, 117
70, 118
70, 119
70, 120
70, 121
70, 122
70, 123
70, 124
70, 125
70, 126
70, 127
70, 128
70, 129
70, 130
70, 131
70, 132
70, 133
70, 134
70, 135
70, 136
71, 77
71, 78
71, 79
71, 80
71, 81
71, 82
71, 83
71, 84
71, 85
71, 86
71, 87
71, 88
71, 89
71, 90
71, 91
71, 92
71, 93
71, 94
71, 106
71, 107
71, 108
71, 109
71, 110
71, 111
71, 112
71, 113
71, 114
71, 115
71, 116
71, 117
71, 118
71, 119
71, 120
71, 121
71, 122
71, 123
71, 124
71, 125
71, 126
71, 127
71, 128
71, 129
71, 130
71, 131
71, 132
71, 133
71, 134
71, 135
71, 136
71, 137
72, 76
72, 77
72, 78
72, 79
72, 80
72, 81
72, 82
72, 83
72, 84
72, 85
72, 86
72, 87
72, 88
72, 89
72, 90
72, 91
72, 92
72, 93
72, 94
72, 106
72, 107
72, 108
72, 109
72, 110
72, 111
72, 112
72, 113
72, 114
72, 115
72, 116
72, 117
72, 118
72, 119
72, 120
72, 121
72, 122
72, 123
72, 124
72, 125
72, 126
72, 127
72, 128
72, 129
72, 130
72, 131
72, 132
72, 133
72, 134
72, 135
72, 136
72, 137
73, 75
73, 76
73, 77
73, 78
73, 79
73, 80
73, 81
73, 82
73, 83
73, 84
73, 85
73, 86
73, 87
73, 88
73, 89
73, 90
73, 91
73, 92
73, 93
73, 94
73, 95
73, 106
73, 107
73, 108
73, 109
73, 110
73, 111
73, 112
73, 113
73, 114
73, 115
73, 116
73, 117
73, 118
73, 119
73, 120
73, 121
73, 122
73, 123
73, 124
73, 125
73, 126
73, 127
73, 128
73, 129
73, 130
73, 131
73, 132
73, 133
73, 134
73, 135
73, 136
73, 137
74, 74
74, 75
74, 76
74, 77
74, 78
74, 79
74, 80
74, 81
74, 82
74, 83
74, 84
74, 85
74, 86
74, 87
74, 88
74, 89
74, 90
74, 91
74, 92
74, 93
74, 94
74, 95
74, 106
74, 107
74, 108
74, 109
74, 110
74, 111
74, 112
74, 113
74, 114
74, 115
74, 116
74, 117
74, 118
74, 119
74, 120
74, 121
74, 122
74, 123
74, 124
74, 125
74, 126
74, 127
74, 128
74, 129
74, 130
74, 131
74, 132
74, 133
74, 134
74, 135
74, 136
74, 137
75, 73
75, 74
75, 75
75, 76
75, 77
75, 78
75, 79
75, 80
75, 81
75, 82
75, 83
75, 84
75, 85
75, 86
75, 87
75, 88
75, 89
75, 90
75, 91
75, 92
75, 93
75, 94
75, 95
75, 106
75, 107
75, 108
75, 109
75, 110
75, 111
75, 112
75, 113
75, 114
75, 115
75, 116
75, 117
75, 118
75, 119
75, 120
75, 121
75, 122
75, 123
75, 124
75, 125
75, 126
75, 127
75, 128
75, 129
75, 130
75, 131
75, 132
75, 133
75, 134
75, 135
75, 136
75, 137
76, 73
76, 74
76, 75
76, 76
76, 77
76, 78
76, 79
76, 80
76, 81
76, 82
76, 83
76, 84
76, 85
76, 86
76, 87
76, 88
76, 89
76, 90
76, 91
76, 92
76, 93
76, 94
76, 95
76, 106
76, 107
76, 108
76, 109
76, 110
76, 111
76, 112
76, 113
76, 114
76, 115
76, 116
76, 117
76, 118
76, 119
76, 120
76, 121
76, 122
76, 123
76, 124
76, 125
76, 126
76, 127
76, 128
76, 129
76, 130
76, 131
76, 132
76, 133
76, 134
76, 135
76, 136
76, 137
76, 138
77, 72
77, 73
77, 74
77, 75
77, 76
77, 77
77, 78
77, 79
77, 80
77, 81
77, 82
77, 83
77, 84
77, 85
77, 86
77, 87
77, 88
77, 89
77, 90
77, 91
77, 92
77, 93
77, 94
77, 95
77, 106
77, 107
77, 108
77, 109
77, 110
77, 111
77, 112
77, 113
77, 114
77, 115
77, 116
77, 117
77, 118
77, 119
77, 120
77, 121
77, 122
77, 123
77, 124
77, 125
77, 126
77, 127
77, 128
77, 129
77, 130
77, 131
77, 132
77, 133
77, 134
77, 135
77, 136
77, 137
77, 138
78, 72
78, 73
78, 74
78, 75
78, 76
78, 77
78, 78
78, 79
78, 80
78, 81
78, 82
78, 83
78, 84
78, 85
78, 86
78, 87
78, 88
78, 89
78, 90
78, 91
78, 92
78, 93
78, 94
78, 95
78, 106
78, 107
78, 108
78, 109
78, 110
78, 111
78, 112
78, 113
78, 114
78, 115
78, 116
78, 117
78, 118
78, 119
78, 120
78, 121
78, 122
78, 123
78, 124
78, 125
78, 126
78, 127
78, 128
78, 129
78, 130
78, 131
78, 132
78, 133
78, 134
78, 135
78, 136
78, 137
78, 138
79, 71
79, 72
79, 73
79, 74
79, 75
79, 76
79, 77
79, 78
79, 79
79, 80
79, 81
79, 82
79, 83
79, 84
79, 85
79, 86
79, 87
79, 88
79, 89
79, 90
79, 91
79, 92
79, 93
79, 94
79, 95
79, 106
79, 107
79, 108
79, 109
79, 110
79, 111
79, 112
79, 113
79, 114
79, 115
79, 116
79, 117
79, 118
79, 119
79, 120
79, 121
79, 122
79, 123
79, 124
79, 125
79, 126
79, 127
79, 128
79, 129
79, 130
79, 131
79, 132
79, 133
79, 134
79, 135
79, 136
79, 137
79, 138
80, 70
80, 71
80, 72
80, 73
80, 74
80, 75
80, 76
80, 77
80, 78
80, 79
80, 80
80, 81
80, 82
80, 83
80, 84
80, 85
80, 86
80, 87
80, 88
80, 89
80, 90
80, 91
80, 92
80, 93
80, 94
80, 95
80, 106
80, 107
80, 108
80, 109
80, 110
80, 111
80, 112
80, 113
80, 114
80, 115
80, 116
80, 117
80, 118
80, 119
80, 120
80, 121
80, 122
80, 123
80, 124
80, 125
80, 126
80, 127
80, 128
80, 129
80, 130
80, 131
80, 132
80, 133
80, 134
80, 135
80, 136
80, 137
80, 138
81, 69
81, 70
81, 71
81, 72
81, 73
81, 74
81, 75
81, 76
81, 77
81, 78
81, 79
81, 80
81, 81
81, 82
81, 83
81, 84
81, 85
81, 86
81, 87
81, 88
81, 89
81, 90
81, 91
81, 92
81, 93
81, 94
81, 95
81, 106
81, 107
81, 108
81, 109
81, 110
81, 111
81, 112
81, 113
81, 114
81, 115
81, 116
81, 117
81, 118
81, 119
81, 120
81, 121
81, 122
81, 123
81, 124
81, 125
81, 126
81, 127
81, 128
81, 129
81, 130
81, 131
81, 132
81, 133
81, 134
81, 135
81, 136
81, 137
81, 138
81, 139
82, 69
82, 70
82, 71
82, 72
82, 73
82, 74
82, 75
82, 76
82, 77
82, 78
82, 79
82, 80
82, 81
82, 82
82, 83
82, 84
82, 85
82, 86
82, 87
82, 88
82, 89
82, 90
82, 91
82, 92
82, 93
82, 94
82, 95
82, 106
82, 107
82, 108
82, 109
82, 110
82, 111
82, 112
82, 113
82, 114
82, 115
82, 116
82, 117
82, 118
82, 119
82, 120
82, 121
82, 122
82, 123
82, 124
82, 125
82, 126
82, 127
82, 128
82, 129
82, 130
82, 131
82, 132
82, 133
82, 134
82, 135
82, 136
82, 137
82, 138
82, 139
83, 68
83, 69
83, 70
83, 71
83, 72
83, 73
83, 74
83, 75
83, 76
83, 77
83, 78
83, 79
83, 80
83, 81
83, 82
83, 83
83, 84
83, 85
83, 86
83, 87
83, 88
83, 89
83, 90
83, 91
83, 92
83, 93
83, 94
83, 95
83, 106
83, 107
83, 108
83, 109
83, 110
83, 111
83, 112
83, 113
83, 114
83, 115
83, 116
83, 117
83, 118
83, 119
83, 120
83, 121
83, 122
83, 123
83, 124
83, 125
83, 126
83, 127
83, 128
83, 129
83, 130
83, 131
83, 132
83, 133
83, 134
83, 135
83, 136
83, 137
83, 138
83, 139
84, 68
84, 69
84, 70
84, 71
84, 72
84, 73
84, 74
84, 75
84, 76
84, 77
84, 78
84, 79
84, 80
84, 81
84, 82
84, 83
84, 84
84, 85
84, 86
84, 87
84, 88
84, 89
84, 90
84, 91
84, 92
84, 93
84, 94
84, 95
84, 106
84, 107
84, 108
84, 109
84, 110
84, 111
84, 112
84, 113
84, 114
84, 115
84, 116
84, 117
84, 118
84, 119
84, 120
84, 121
84, 122
84, 123
84, 124
84, 125
84, 126
84, 127
84, 128
84, 129
84, 130
84, 131
84, 132
84, 133
84, 134
84, 135
84, 136
84, 137
84, 138
84, 139
85, 67
85, 68
85, 69
85, 70
85, 71
85, 72
85, 73
85, 74
85, 75
85, 76
85, 77
85, 78
85, 79
85, 80
85, 81
85, 82
85, 83
85, 84
85, 85
85, 86
85, 87
85, 88
85, 89
85, 90
85, 91
85, 92
85, 93
85, 94
85, 95
85, 96
85, 106
85, 107
85, 108
85, 109
85, 110
85, 111
85, 112
85, 113
85, 114
85, 115
85, 116
85, 117
85, 118
85, 119
85, 120
85, 121
85, 122
85, 123
85, 124
85, 125
85, 126
85, 127
85, 128
85, 129
85, 130
85, 131
85, 132
85, 133
85, 134
85, 135
85, 136
85, 137
85, 138
85, 139
86, 66
86, 67
86, 68
86, 69
86, 70
86, 71
86, 72
86, 73
86, 74
86, 75
86, 76
86, 77
86, 78
86, 79
86, 80
86, 81
86, 82
86, 83
86, 84
86, 85
86, 86
86, 87
86, 88
86, 89
86, 90
86, 91
86, 92
86, 93
86, 94
86, 95
86, 96
86, 106
86, 107
86, 108
86, 109
86, 110
86, 111
86, 112
86, 113
86, 114
86, 115
86, 116
86, 117
86, 118
86, 119
86, 120
86, 121
86, 122
86, 123
86, 124
86, 125
86, 126
86, 127
86, 128
86, 129
86, 130
86, 131
86, 132
86, 133
86, 134
86, 135
86, 136
86, 137
86, 138
86, 139
87, 66
87, 67
87, 68
87, 69
87, 70
87, 71
87, 72
87, 73
87, 74
87, 75
87, 76
87, 77
87, 78
87, 79
87, 80
87, 81
87, 82
87, 83
87, 84
87, 85
87, 86
87, 87
87, 88
87, 89
87, 90
87, 91
87, 92
87, 93
87, 94
87, 95
87, 96
87, 106
87, 107
87, 108
87, 109
87, 110
87, 111
87, 112
87, 113
87, 114
87, 115
87, 116
87, 117
87, 118
87, 119
87, 120
87, 121
87, 122
87, 123
87, 124
87, 125
87, 126
87, 127
87, 128
87, 129
87, 130
87, 131
87, 132
87, 133
87, 134
87, 135
87, 136
87, 137
87, 138
87, 139
87, 140
88, 66
88, 67
88, 68
88, 69
88, 70
88, 71
88, 72
88, 73
88, 74
88, 75
88, 76
88, 77
88, 78
88, 79
88, 80
88, 81
88, 82
88, 83
88, 84
88, 85
88, 86
88, 87
88, 88
88, 89
88, 90
88, 91
88, 92
88, 93
88, 94
88, 95
88, 96
88, 106
88, 107
88, 108
88, 109
88, 110
88, 111
88, 112
88, 113
88, 114
88, 115
88, 116
88, 117
88, 118
88, 119
88, 120
88, 121
88, 122
88, 123
88, 124
88, 125
88, 126
88, 127
88, 128
88, 129
88, 130
88, 131
88, 132
88, 133
88, 134
88, 135
88, 136
88, 137
88, 138
88, 139
88, 140
89, 65
89, 66
89, 67
89, 68
89, 69
89, 70
89, 71
89, 72
89, 73
89, 74
89, 75
89, 76
89, 77
89, 78
89, 79
89, 80
89, 81
89, 82
89, 83
89, 84
89, 85
89, 86
89, 87
89, 88
89, 89
89, 90
89, 91
89, 92
89, 93
89, 94
89, 95
89, 96
89, 106
89, 107
89, 108
89, 109
89, 110
89, 111
89, 112
89, 113
89, 114
89, 115
89, 116
89, 117
89, 118
89, 119
89, 120
89, 121
89, 122
89, 123
89, 124
89, 125
89, 126
89, 127
89, 128
89, 129
89, 130
89, 131
89, 132
89, 133
89, 134
89, 135
89, 136
89, 137
89, 138
89, 139
89, 140
90, 65
90, 66
90, 67
90, 68
90, 69
90, 70
90, 71
90, 72
90, 73
90, 74
90, 75
90, 76
90, 77
90, 78
90, 79
90, 80
90, 81
90, 82
90, 83
90, 84
90, 85
90, 86
90, 87
90, 88
90, 89
90, 90
90, 91
90, 92
90, 93
90, 94
90, 95
90, 96
90, 106
90, 107
90, 108
90, 109
90, 110
90, 111
90, 112
90, 113
90, 114
90, 115
90, 116
90, 117
90, 118
90, 119
90, 120
90, 121
90, 122
90, 123
90, 124
90, 125
90, 126
90, 127
90, 128
90, 129
90, 130
90, 131
90, 132
90, 133
90, 134
90, 135
90, 136
90, 137
90, 138
90, 139
90, 140
91, 65
91, 66
91, 67
91, 68
91, 69
91, 70
91, 71
91, 72
91, 73
91, 74
91, 75
91, 76
91, 77
91, 78
91, 79
91, 80
91, 81
91, 82
91, 83
91, 84
91, 85
91, 86
91, 87
91, 88
91, 89
91, 90
91, 91
91, 92
91, 93
91, 94
91, 95
91, 96
91, 106
91, 107
91, 108
91, 109
91, 110
91, 111
91, 112
91, 113
91, 114
91, 115
91, 116
91, 117
91, 118
91, 119
91, 120
91, 121
91, 122
91, 123
91, 124
91, 125
91, 126
91, 127
91, 128
91, 129
91, 130
91, 131
91, 132
91, 133
91, 134
91, 135
91, 136
91, 137
91, 138
91, 139
91, 140
92, 64
92, 65
92, 66
92, 67
92, 68
92, 69
92, 70
92, 71
92, 72
92, 73
92, 74
92, 75
92, 76
92, 77
92, 78
92, 79
92, 80
92, 81
92, 82
92, 83
92, 84
92, 85
92, 86
92, 87
92, 88
92, 89
92, 90
92, 91
92, 92
92, 93
92, 94
92, 95
92, 96
92, 106
92, 107
92, 108
92, 109
92, 110
92, 111
92, 112
92, 113
92, 114
92, 115
92, 116
92, 117
92, 118
92, 119
92, 120
92, 121
92, 122
92, 123
92, 124
92, 125
92, 126
92, 127
92, 128
92, 129
92, 130
92, 131
92, 132
92, 133
92, 134
92, 135
92, 136
92, 137
92, 138
92, 139
92, 140
93, 64
93, 65
93, 66
93, 67
93, 68
93, 69
93, 70
93, 71
93, 72
93, 73
93, 74
93, 75
93, 76
93, 77
93, 78
93, 79
93, 80
93, 81
93, 82
93, 83
93, 84
93, 85
93, 86
93, 87
93, 88
93, 89
93, 90
93, 91
93, 92
93, 93
93, 94
93, 95
93, 96
93, 106
93, 107
93, 108
93, 109
93, 110
93, 111
93, 112
93, 113
93, 114
93, 115
93, 116
93, 117
93, 118
93, 119
93, 120
93, 121
93, 122
93, 123
93, 124
93, 125
93, 126
93, 127
93, 128
93, 129
93, 130
93, 131
93, 132
93, 133
93, 134
93, 135
93, 136
93, 137
93, 138
93, 139
93, 140
94, 63
94, 64
94, 65
94, 66
94, 67
94, 68
94, 69
94, 70
94, 71
94, 72
94, 73
94, 74
94, 75
94, 76
94, 77
94, 78
94, 79
94, 80
94, 81
94, 82
94, 83
94, 84
94, 85
94, 86
94, 87
94, 88
94, 89
94, 90
94, 91
94, 92
94, 93
94, 94
94, 95
94, 96
94, 106
94, 107
94, 108
94, 109
94, 110
94, 111
94, 112
94, 113
94, 114
94, 115
94, 116
94, 117
94, 118
94, 119
94, 120
94, 121
94, 122
94, 123
94, 124
94, 125
94, 126
94, 127
94, 128
94, 129
94, 130
94, 131
94, 132
94, 133
94, 134
94, 135
94, 136
94, 137
94, 138
94, 139
94, 140
95, 63
95, 64
95, 65
95, 66
95, 67
95, 68
95, 69
95, 70
95, 71
95, 72
95, 73
95, 74
95, 75
95, 76
95, 77
95, 78
95, 79
95, 80
95, 81
95, 82
95, 83
95, 84
95, 85
95, 86
95, 87
95, 88
95, 89
95, 90
95, 91
95, 92
95, 93
95, 94
95, 95
95, 96
95, 106
95, 107
95, 108
95, 109
95, 110
95, 111
95, 112
95, 113
95, 114
95, 115
95, 116
95, 117
95, 118
95, 119
95, 120
95, 121
95, 122
95, 123
95, 124
95, 125
95, 126
95, 127
95, 128
95, 129
95, 130
95, 131
95, 132
95, 133
95, 134
95, 135
95, 136
95, 137
95, 138
95, 139
95, 140
96, 63
96, 64
96, 65
96, 66
96, 67
96, 68
96, 69
96, 70
96, 71
96, 72
96, 73
96, 74
96, 75
96, 76
96, 77
96, 78
96, 79
96, 80
96, 81
96, 82
96, 83
96, 84
96, 85
96, 86
96, 87
96, 88
96, 89
96, 90
96, 91
96, 92
96, 93
96, 94
96, 95
96, 96
96, 106
96, 107
96, 108
96, 109
96, 110
96, 111
96, 112
96, 113
96, 114
96, 115
96, 116
96, 117
96, 118
96, 119
96, 120
96, 121
96, 122
96, 123
96, 124
96, 125
96, 126
96, 127
96, 128
96, 129
96, 130
96, 131
96, 132
96, 133
96, 134
96, 135
96, 136
96, 137
96, 138
96, 139
96, 140
97, 63
97, 64
97, 65
97, 66
97, 67
97, 68
97, 69
97, 70
97, 71
97, 72
97, 73
97, 74
97, 75
97, 76
97, 77
97, 78
97, 79
97, 80
97, 81
97, 82
97, 83
97, 84
97, 85
97, 86
97, 87
97, 88
97, 89
97, 90
97, 91
97, 92
97, 93
97, 94
97, 95
97, 96
97, 106
97, 107
97, 108
97, 109
97, 110
97, 111
97, 112
97, 113
97, 114
97, 115
97, 116
97, 117
97, 118
97, 119
97, 120
97, 121
97, 122
97, 123
97, 124
97, 125
97, 126
97, 127
97, 128
97, 129
97, 130
97, 131
97, 132
97, 133
97, 134
97, 135
97, 136
97, 137
97, 138
97, 139
97, 140
98, 63
98, 64
98, 65
98, 66
98, 67
98, 68
98, 69
98, 70
98, 71
98, 72
98, 73
98, 74
98, 75
98, 76
98, 77
98, 78
98, 79
98, 80
98, 81
98, 82
98, 83
98, 84
98, 85
98, 86
98, 87
98, 88
98, 89
98, 90
98, 91
98, 92
98, 93
98, 94
98, 95
98, 96
98, 106
98, 107
98, 108
98, 109
98, 110
98, 111
98, 112
98, 113
98, 114
98, 115
98, 116
98, 117
98, 118
98, 119
98, 120
98, 121
98, 122
98, 123
98, 124
98, 125
98, 126
98, 127
98, 128
98, 129
98, 130
98, 131
98, 132
98, 133
98, 134
98, 135
98, 136
98, 137
98, 138
98, 139
98, 140
99, 62
99, 63
99, 64
99, 65
99, 66
99, 67
99, 68
99, 69
99, 70
99, 71
99, 72
99, 73
99, 74
99, 75
99, 76
99, 77
99, 78
99, 79
99, 80
99, 81
99, 82
99, 83
99, 84
99, 85
99, 86
99, 87
99, 88
99, 89
99, 90
99, 91
99, 92
99, 93
99, 94
99, 95
99, 96
99, 106
99, 107
99, 108
99, 109
99, 110
99, 111
99, 112
99, 113
99, 114
99, 115
99, 116
99, 117
99, 118
99, 119
99, 120
99, 121
99, 122
99, 123
99, 124
99, 125
99, 126
99, 127
99, 128
99, 129
99, 130
99, 131
99, 132
99, 133
99, 134
99, 135
99, 136
99, 137
99, 138
99, 139
99, 140
100, 62
100, 63
100, 64
100, 65
100, 66
100, 67
100, 68
100, 69
100, 70
100, 71
100, 72
100, 73
100, 74
100, 75
100, 76
100, 77
100, 78
100, 79
100, 80
100, 81
100, 82
100, 83
100, 84
100, 85
100, 86
100, 87
100, 88
100, 89
100, 90
100, 91
100, 92
100, 93
100, 94
100, 95
100, 96
100, 106
100, 107
100, 108
100, 109
100, 110
100, 111
100, 112
100, 113
100, 114
100, 115
100, 116
100, 117
100, 118
100, 119
100, 120
100, 121
100, 122
100, 123
100, 124
100, 125
100, 126
100, 127
100, 128
100, 129
100, 130
100, 131
100, 132
100, 133
100, 134
100, 135
100, 136
100, 137
100, 138
100, 139
100, 140
101, 62
101, 63
101, 64
101, 65
101, 66
101, 67
101, 68
101, 69
101, 70
101, 71
101, 72
101, 73
101, 74
101, 75
101, 76
101, 77
101, 78
101, 79
101, 80
101, 81
101, 82
101, 83
101, 84
101, 85
101, 86
101, 87
101, 88
101, 89
101, 90
101, 91
101, 92
101, 93
101, 94
101, 95
101, 96
101, 106
101, 107
101, 108
101, 109
101, 110
101, 111
101, 112
101, 113
101, 114
101, 115
101, 116
101, 117
101, 118
101, 119
101, 120
101, 121
101, 122
101, 123
101, 124
101, 125
101, 126
101, 127
101, 128
101, 129
101, 130
101, 131
101, 132
101, 133
101, 134
101, 135
101, 136
101, 137
101, 138
101, 139
101, 140
102, 62
102, 63
102, 64
102, 65
102, 66
102, 67
102, 68
102, 69
102, 70
102, 71
102, 72
102, 73
102, 74
102, 75
102, 76
102, 77
102, 78
102, 79
102, 80
102, 81
102, 82
102, 83
102, 84
102, 85
102, 86
102, 87
102, 88
102, 89
102, 90
102, 91
102, 92
102, 93
102, 94
102, 95
102, 96
102, 106
102, 107
102, 108
102, 109
102, 110
102, 111
102, 112
102, 113
102, 114
102, 115
102, 116
102, 117
102, 118
102, 119
102, 120
102, 121
102, 122
102, 123
102, 124
102, 125
102, 126
102, 127
102, 128
102, 129
102, 130
102, 131
102, 132
102, 133
102, 134
102, 135
102, 136
102, 137
102, 138
102, 139
102, 140
103, 61
103, 62
103, 63
103, 64
103, 65
103, 66
103, 67
103, 68
103, 69
103, 70
103, 71
103, 72
103, 73
103, 74
103, 75
103, 76
103, 77
103, 78
103, 79
103, 80
103, 81
103, 82
103, 83
103, 84
103, 85
103, 86
103, 87
103, 88
103, 89
103, 90
103, 91
103, 92
103, 93
103, 94
103, 95
103, 96
103, 106
103, 107
103, 108
103, 109
103, 110
103, 111
103, 112
103, 113
103, 114
103, 115
103, 116
103, 117
103, 118
103, 119
103, 120
103, 121
103, 122
103, 123
103, 124
103, 125
103, 126
103, 127
103, 128
103, 129
103, 130
103, 131
103, 132
103, 133
103, 134
103, 135
103, 136
103, 137
103, 138
103, 139
103, 140
104, 61
104, 62
104, 63
104, 64
104, 65
104, 66
104, 67
104, 68
104, 69
104, 70
104, 71
104, 72
104, 73
104, 74
104, 75
104, 76
104, 77
104, 78
104, 79
104, 80
104, 81
104, 82
104, 83
104, 84
104, 85
104, 86
104, 87
104, 88
104, 89
104, 90
104, 91
104, 92
104, 93
104, 94
104, 95
104, 96
104, 105
104, 106
104, 107
104, 108
104, 109
104, 110
104, 111
104, 112
104, 113
104, 114
104, 115
104, 116
104, 117
104, 118
104, 119
104, 120
104, 121
104, 122
104, 123
104, 124
104, 125
104, 126
104, 127
104, 128
104, 129
104, 130
104, 131
104, 132
104, 133
104, 134
104, 135
104, 136
104, 137
104, 138
104, 139
104, 140
105, 61
105, 62
105, 63
105, 64
105, 65
105, 66
105, 67
105, 68
105, 69
105, 70
105, 71
105, 72
105, 73
105, 74
105, 75
105, 76
105, 77
105, 78
105, 79
105, 80
105, 81
105, 82
105, 83
105, 84
105, 85
105, 86
105, 87
105, 88
105, 89
105, 90
105, 91
105, 92
105, 93
105, 94
105, 95
105, 96
105, 105
105, 106
105, 107
105, 108
105, 109
105, 110
105, 111
105, 112
105, 113
105, 114
105, 115
105, 116
105, 117
105, 118
105, 119
105, 120
105, 121
105, 122
105, 123
105, 124
105, 125
105, 126
105, 127
105, 128
105, 129
105, 130
105, 131
105, 132
105, 133
105, 134
105, 135
105, 136
105, 137
105, 138
105, 139
105, 140
106, 60
106, 61
106, 62
106, 63
106, 64
106, 65
106, 66
106, 67
106, 68
106, 69
106, 70
106, 71
106, 72
106, 73
106, 74
106, 75
106, 76
106, 77
106, 78
106, 79
106, 80
106, 81
106, 82
106, 83
106, 84
106, 85
106, 86
106, 87
106, 88
106, 89
106, 90
106, 91
106, 92
106, 93
106, 94
106, 95
106, 96
106, 105
106, 106
106, 107
106, 108
106, 109
106, 110
106, 111
106, 112
106, 113
106, 114
106, 115
106, 116
106, 117
106, 118
106, 119
106, 120
106, 121
106, 122
106, 123
106, 124
106, 125
106, 126
106, 127
106, 128
106, 129
106, 130
106, 131
106, 132
106, 133
106, 134
106, 135
106, 136
106, 137
106, 138
106, 139
106, 140
107, 60
107, 61
107, 62
107, 63
107, 64
107, 65
107, 66
107, 67
107, 68
107, 69
107, 70
107, 71
107, 72
107, 73
107, 74
107, 75
107, 76
107, 77
107, 78
107, 79
107, 80
107, 81
107, 82
107, 83
107, 84
107, 85
107, 86
107, 87
107, 88
107, 89
107, 90
107, 91
107, 92
107, 93
107, 94
107, 95
107, 96
107, 105
107, 106
107, 107
107, 108
107, 109
107, 110
107, 111
107, 112
107, 113
107, 114
107, 115
107, 116
107, 117
107, 118
107, 119
107, 120
107, 121
107, 122
107, 123
107, 124
107, 125
107, 126
107, 127
107, 128
107, 129
107, 130
107, 131
107, 132
107, 133
107, 134
107, 135
107, 136
107, 137
107, 138
107, 139
107, 140
108, 60
108, 61
108, 62
108, 63
108, 64
108, 65
108, 66
108, 67
108, 68
108, 69
108, 70
108, 71
108, 72
108, 73
108, 74
108, 75
108, 76
108, 77
108, 78
108, 79
108, 80
108, 81
108, 82
108, 83
108, 84
108, 85
108, 86
108, 87
108, 88
108, 89
108, 90
108, 91
108, 92
108, 93
108, 94
108, 95
108, 96
108, 105
108, 106
108, 107
108, 108
108, 109
108, 110
108, 111
108, 112
108, 113
108, 114
108, 115
108, 116
108, 117
108, 118
108, 119
108, 120
108, 121
108, 122
108, 123
108, 124
108, 125
108, 126
108, 127
108, 128
108, 129
108, 130
108, 131
108, 132
108, 133
108, 134
108, 135
108, 136
108, 137
108, 138
108, 139
108, 140
109, 59
109, 60
109, 61
109, 62
109, 63
109, 64
109, 65
109, 66
109, 67
109, 68
109, 69
109, 70
109, 71
109, 72
109, 73
109, 74
109, 75
109, 76
109, 77
109, 78
109, 79
109, 80
109, 81
109, 82
109, 83
109, 84
109, 85
109, 86
109, 87
109, 88
109, 89
109, 90
109, 91
109, 92
109, 93
109, 94
109, 95
109, 96
109, 105
109, 106
109, 107
109, 108
109, 109
109, 110
109, 111
109, 112
109, 113
109, 114
109, 115
109, 116
109, 117
109, 118
109, 119
109, 120
109, 121
109, 122
109, 123
109, 124
109, 125
109, 126
109, 127
109, 128
109, 129
109, 130
109, 131
109, 132
109, 133
109, 134
109, 135
109, 136
109, 137
109, 138
109, 139
109, 140
110, 59
110, 60
110, 61
110, 62
110, 63
110, 64
110, 65
110, 66
110, 67
110, 68
110, 69
110, 70
110, 71
110, 72
110, 73
110, 74
110, 75
110, 76
110, 77
110, 78
110, 79
110, 80
110, 81
110, 82
110, 83
110, 84
110, 85
110, 86
110, 87
110, 88
110, 89
110, 90
110, 91
110, 92
110, 93
110, 94
110, 95
110, 96
110, 105
110, 106
110, 107
110, 108
110, 109
110, 110
110, 111
110, 112
110, 113
110, 114
110, 115
110, 116
110, 117
110, 118
110, 119
110, 120
110, 121
110, 122
110, 123
110, 124
110, 125
110, 126
110, 127
110, 128
110, 129
110, 130
110, 131
110, 132
110, 133
110, 134
110, 135
110, 136
110, 137
110, 138
110, 139
110, 140
111, 59
111, 60
111, 61
111, 62
111, 63
111, 64
111, 65
111, 66
111, 67
111, 68
111, 69
111, 70
111, 71
111, 72
111, 73
111, 74
111, 75
111, 76
111, 77
111, 78
111, 79
111, 80
111, 81
111, 82
111, 83
111, 84
111, 85
111, 86
111, 87
111, 88
111, 89
111, 90
111, 91
111, 92
111, 93
111, 94
111, 95
111, 96
111, 106
111, 107
111, 108
111, 109
111, 110
111, 111
111, 112
111, 113
111, 114
111, 115
111, 116
111, 117
111, 118
111, 119
111, 120
111, 121
111, 122
111, 123
111, 124
111, 125
111, 126
111, 127
111, 128
111, 129
111, 130
111, 131
111, 132
111, 133
111, 134
111, 135
111, 136
111, 137
111, 138
111, 139
111, 140
112, 59
112, 60
112, 61
112, 62
112, 63
112, 64
112, 65
112, 66
112, 67
112, 68
112, 69
112, 70
112, 71
112, 72
112, 73
112, 74
112, 75
112, 76
112, 77
112, 78
112, 79
112, 80
112, 81
112, 82
112, 83
112, 84
112, 85
112, 86
112, 87
112, 88
112, 89
112, 90
112, 91
112, 92
112, 93
112, 94
112, 95
112, 96
112, 106
112, 107
112, 108
112, 109
112, 110
112, 111
112, 112
112, 113
112, 114
112, 115
112, 116
112, 117
112, 118
112, 119
112, 120
112, 121
112, 122
112, 123
112, 124
112, 125
112, 126
112, 127
112, 128
112, 129
112, 130
112, 131
112, 132
112, 133
112, 134
112, 135
112, 136
112, 137
112, 138
112, 139
112, 140
113, 58
113, 59
113, 60
113, 61
113, 62
113, 63
113, 64
113, 65
113, 66
113, 67
113, 68
113, 69
113, 70
113, 71
113, 72
113, 73
113, 74
113, 75
113, 76
113, 77
113, 78
113, 79
113, 80
113, 81
113, 82
113, 83
113, 84
113, 85
113, 86
113, 87
113, 88
113, 89
113, 90
113, 91
113, 92
113, 93
113, 94
113, 95
113, 96
113, 106
113, 107
113, 108
113, 109
113, 110
113, 111
113, 112
113, 113
113, 114
113, 115
113, 116
113, 117
113, 118
113, 119
113, 120
113, 121
113, 122
113, 123
113, 124
113, 125
113, 126
113, 127
113, 128
113, 129
113, 130
113, 131
113, 132
113, 133
113, 134
113, 135
113, 136
113, 137
113, 138
113, 139
113, 140
114, 58
114, 59
114, 60
114, 61
114, 62
114, 63
114, 64
114, 65
114, 66
114, 67
114, 68
114, 69
114, 70
114, 71
114, 72
114, 73
114, 74
114, 75
114, 76
114, 77
114, 78
114, 79
114, 80
114, 81
114, 82
114, 83
114, 84
114, 85
114, 86
114, 87
114, 88
114, 89
114, 90
114, 91
114, 92
114, 93
114, 94
114, 95
114, 96
114, 106
114, 107
114, 108
114, 109
114, 110
114, 111
114, 112
114, 113
114, 114
114, 115
114, 116
114, 117
114, 118
114, 119
114, 120
114, 121
114, 122
114, 123
114, 124
114, 125
114, 126
114, 127
114, 128
114, 129
114, 130
114, 131
114, 132
114, 133
114, 134
114, 135
114, 136
114, 137
114, 138
114, 139
114, 140
115, 58
115, 59
115, 60
115, 61
115, 62
115, 63
115, 64
115, 65
115, 66
115, 67
115, 68
115, 69
115, 70
115, 71
115, 72
115, 73
115, 74
115, 75
115, 76
115, 77
115, 78
115, 79
115, 80
115, 81
115, 82
115, 83
115, 84
115, 85
115, 86
115, 87
115, 88
115, 89
115, 90
115, 91
115, 92
115, 93
115, 94
115, 95
115, 96
115, 105
115, 106
115, 107
115, 108
115, 109
115, 110
115, 111
115, 112
115, 113
115, 114
115, 115
115, 116
115, 117
115, 118
115, 119
115, 120
115, 121
115, 122
115, 123
115, 124
115, 125
115, 126
115, 127
115, 128
115, 129
115, 130
115, 131
115, 132
115, 133
115, 134
115, 135
115, 136
115, 137
115, 138
115, 139
115, 140
116, 57
116, 58
116, 59
116, 60
116, 61
116, 62
116, 63
116, 64
116, 65
116, 66
116, 67
116, 68
116, 69
116, 70
116, 71
116, 72
116, 73
116, 74
116, 75
116, 76
116, 77
116, 78
116, 79
116, 80
116, 81
116, 82
116, 83
116, 84
116, 85
116, 86
116, 87
116, 88
116, 89
116, 90
116, 91
116, 92
116, 93
116, 94
116, 95
116, 96
116, 105
116, 106
116, 107
116, 108
116, 109
116, 110
116, 111
116, 112
116, 113
116, 114
116, 115
116, 116
116, 117
116, 118
116, 119
116, 120
116, 121
116, 122
116, 123
116, 124
116, 125
116, 126
116, 127
116, 128
116, 129
116, 130
116, 131
116, 132
116, 133
116, 134
116, 135
116, 136
116, 137
116, 138
116, 139
116, 140
117, 56
117, 57
117, 58
117, 59
117, 60
117, 61
117, 62
117, 63
117, 64
117, 65
117, 66
117, 67
117, 68
117, 69
117, 70
117, 71
117, 72
117, 73
117, 74
117, 75
117, 76
117, 77
117, 78
117, 79
117, 80
117, 81
117, 82
117, 83
117, 84
117, 85
117, 86
117, 87
117, 88
117, 89
117, 90
117, 91
117, 92
117, 93
117, 94
117, 95
117, 96
117, 105
117, 106
117, 107
117, 108
117, 109
117, 110
117, 111
117, 112
117, 113
117, 114
117, 115
117, 116
117, 117
117, 118
117, 119
117, 120
117, 121
117, 122
117, 123
117, 124
117, 125
117, 126
117, 127
117, 128
117, 129
117, 130
117, 131
117, 132
117, 133
117, 134
117, 135
117, 136
117, 137
117, 138
117, 139
117, 140
118, 56
118, 57
118, 58
118, 59
118, 60
118, 61
118, 62
118, 63
118, 64
118, 65
118, 66
118, 67
118, 68
118, 69
118, 70
118, 71
118, 72
118, 73
118, 74
118, 75
118, 76
118, 77
118, 78
118, 79
118, 80
118, 81
118, 82
118, 83
118, 84
118, 85
118, 86
118, 87
118, 88
118, 89
118, 90
118, 91
118, 92
118, 93
118, 94
118, 95
118, 96
118, 105
118, 106
118, 107
118, 108
118, 109
118, 110
118, 111
118, 112
118, 113
118, 114
118, 115
118, 116
118, 117
118, 118
118, 119
118, 120
118, 121
118, 122
118, 123
118, 124
118, 125
118, 126
118, 127
118, 128
118, 129
118, 130
118, 131
118, 132
118, 133
118, 134
118, 135
118, 136
118, 137
118, 138
118, 139
118, 140
119, 56
119, 57
119, 58
119, 59
119, 60
119, 61
119, 62
119, 63
119, 64
119, 65
119, 66
119, 67
119, 68
119, 69
119, 70
119, 71
119, 72
119, 73
119, 74
119, 75
119, 76
119, 77
119, 78
119, 79
119, 80
119, 81
119, 82
119, 83
119, 84
119, 85
119, 86
119, 87
119, 88
119, 89
119, 90
119, 91
119, 92
119, 93
119, 94
119, 95
119, 96
119, 105
119, 106
119, 107
119, 108
119, 109
119, 110
119, 111
119, 112
119, 113
119, 114
119, 115
119, 116
119, 117
119, 118
119, 119
119, 120
119, 121
119, 122
119, 123
119, 124
119, 125
119, 126
119, 127
119, 128
119, 129
119, 130
119, 131
119, 132
119, 133
119, 134
119, 135
119, 136
119, 137
119, 138
119, 139
119, 140
120, 56
120, 57
120, 58
120, 59
120, 60
120, 61
120, 62
120, 63
120, 64
120, 65
120, 66
120, 67
120, 68
120, 69
120, 70
120, 71
120, 72
120, 73
120, 74
120, 75
120, 76
120, 77
120, 78
120, 79
120, 80
120, 81
120, 82
120, 83
120, 84
120, 85
120, 86
120, 87
120, 88
120, 89
120, 90
120, 91
120, 92
120, 93
120, 94
120, 95
120, 96
120, 105
120, 106
120, 107
120, 108
120, 109
120, 110
120, 111
120, 112
120, 113
120, 114
120, 115
120, 116
120, 117
120, 118
120, 119
120, 120
120, 121
120, 122
120, 123
120, 124
120, 125
120, 126
120, 127
120, 128
120, 129
120, 130
120, 131
120, 132
120, 133
120, 134
120, 135
120, 136
120, 137
120, 138
120, 139
120, 140
121, 55
121, 56
121, 57
121, 58
121, 59
121, 60
121, 61
121, 62
121, 63
121, 64
121, 65
121, 66
121, 67
121, 68
121, 69
121, 70
121, 71
121, 72
121, 73
121, 74
121, 75
121, 76
121, 77
121, 78
121, 79
121, 80
121, 81
121, 82
121, 83
121, 84
121, 85
121, 86
121, 87
121, 88
121, 89
121, 90
121, 91
121, 92
121, 93
121, 94
121, 95
121, 96
121, 105
121, 106
121, 107
121, 108
121, 109
121, 110
121, 111
121, 112
121, 113
121, 114
121, 115
121, 116
121, 117
121, 118
121, 119
121, 120
121, 121
121, 122
121, 123
121, 124
121, 125
121, 126
121, 127
121, 128
121, 129
121, 130
121, 131
121, 132
121, 133
121, 134
121, 135
121, 136
121, 137
121, 138
121, 139
121, 140
122, 55
122, 56
122, 57
122, 58
122, 59
122, 60
122, 61
122, 62
122, 63
122, 64
122, 65
122, 66
122, 67
122, 68
122, 69
122, 70
122, 71
122, 72
122, 73
122, 74
122, 75
122, 76
122, 77
122, 78
122, 79
122, 80
122, 81
122, 82
122, 83
122, 84
122, 85
122, 86
122, 87
122, 88
122, 89
122, 90
122, 91
122, 92
122, 93
122, 94
122, 95
122, 96
122, 105
122, 106
122, 107
122, 108
122, 109
122, 110
122, 111
122, 112
122, 113
122, 114
122, 115
122, 116
122, 117
122, 118
122, 119
122, 120
122, 121
122, 122
122, 123
122, 124
122, 125
122, 126
122, 127
122, 128
122, 129
122, 130
122, 131
122, 132
122, 133
122, 134
122, 135
122, 136
122, 137
122, 138
122, 139
122, 140
123, 55
123, 56
123, 57
123, 58
123, 59
123, 60
123, 61
123, 62
123, 63
123, 64
123, 65
123, 66
123, 67
123, 68
123, 69
123, 70
123, 71
123, 72
123, 73
123, 74
123, 75
123, 76
123, 77
123, 78
123, 79
123, 80
123, 81
123, 82
123, 83
123, 84
123, 85
123, 86
123, 87
123, 88
123, 89
123, 90
123, 91
123, 92
123, 93
123, 94
123, 95
123, 96
123, 105
123, 106
123, 107
123, 108
123, 109
123, 110
123, 111
123, 112
123, 113
123, 114
123, 115
123, 116
123, 117
123, 118
123, 119
123, 120
123, 121
123, 122
123, 123
123, 124
123, 125
123, 126
123, 127
123, 128
123, 129
123, 130
123, 131
123, 132
123, 133
123, 134
123, 135
123, 136
123, 137
123, 138
123, 139
123, 140
124, 55
124, 56
124, 57
124, 58
124, 59
124, 60
124, 61
124, 62
124, 63
124, 64
124, 65
124, 66
124, 67
124, 68
124, 69
124, 70
124, 71
124, 72
124, 73
124, 74
124, 75
124, 76
124, 77
124, 78
124, 79
124, 80
124, 81
124, 82
124, 83
124, 84
124, 85
124, 86
124, 87
124, 88
124, 89
124, 90
124, 91
124, 92
124, 93
124, 94
124, 95
124, 96
124, 105
124, 106
124, 107
124, 108
124, 109
124, 110
124, 111
124, 112
124, 113
124, 114
124, 115
124, 116
124, 117
124, 118
124, 119
124, 120
124, 121
124, 122
124, 123
124, 124
124, 125
124, 126
124, 127
124, 128
124, 129
124, 130
124, 131
124, 132
124, 133
124, 134
124, 135
124, 136
124, 137
124, 138
124, 139
124, 140
125, 55
125, 56
125, 57
125, 58
125, 59
125, 60
125, 61
125, 62
125, 63
125, 64
125, 65
125, 66
125, 67
125, 68
125, 69
125, 70
125, 71
125, 72
125, 73
125, 74
125, 75
125, 76
125, 77
125, 78
125, 79
125, 80
125, 81
125, 82
125, 83
125, 84
125, 85
125, 86
125, 87
125, 88
125, 89
125, 90
125, 91
125, 92
125, 93
125, 94
125, 95
125, 96
125, 105
125, 106
125, 107
125, 108
125, 109
125, 110
125, 111
125, 112
125, 113
125, 114
125, 115
125, 116
125, 117
125, 118
125, 119
125, 120
125, 121
125, 122
125, 123
125, 124
125, 125
125, 126
125, 127
125, 128
125, 129
125, 130
125, 131
125, 132
125, 133
125, 134
125, 135
125, 136
125, 137
125, 138
125, 139
125, 140
126, 54
126, 55
126, 56
126, 57
126, 58
126, 59
126, 60
126, 61
126, 62
126, 63
126, 64
126, 65
126, 66
126, 67
126, 68
126, 69
126, 70
126, 71
126, 72
126, 73
126, 74
126, 75
126, 76
126, 77
126, 78
126, 79
126, 80
126, 81
126, 82
126, 83
126, 84
126, 85
126, 86
126, 87
126, 88
126, 89
126, 90
126, 91
126, 92
126, 93
126, 94
126, 95
126, 96
126, 105
126, 106
126, 107
126, 108
126, 109
126, 110
126, 111
126, 112
126, 113
126, 114
126, 115
126, 116
126, 117
126, 118
126, 119
126, 120
126, 121
126, 122
126, 123
126, 124
126, 125
126, 126
126, 127
126, 128
126, 129
126, 130
126, 131
126, 132
126, 133
126, 134
126, 135
126, 136
126, 137
126, 138
126, 139
126, 140
127, 54
127, 55
127, 56
127, 57
127, 58
127, 59
127, 60
127, 61
127, 62
127, 63
127, 64
127, 65
127, 66
127, 67
127, 68
127, 69
127, 70
127, 71
127, 72
127, 73
127, 74
127, 75
127, 76
127, 77
127, 78
127, 79
127, 80
127, 81
127, 82
127, 83
127, 84
127, 85
127, 86
127, 87
127, 88
127, 89
127, 90
127, 91
127, 92
127, 93
127, 94
127, 95
127, 96
127, 105
127, 106
127, 107
127, 108
127, 109
127, 110
127, 111
127, 112
127, 113
127, 114
127, 115
127, 116
127, 117
127, 118
127, 119
127, 120
127, 121
127, 122
127, 123
127, 124
127, 125
127, 126
127, 127
127, 128
127, 129
127, 130
127, 131
127, 132
127, 133
127, 134
127, 135
127, 136
127, 137
127, 138
127, 139
127, 140
128, 54
128, 55
128, 56
128, 57
128, 58
128, 59
128, 60
128, 61
128, 62
128, 63
128, 64
128, 65
128, 66
128, 67
128, 68
128, 69
128, 70
128, 71
128, 72
128, 73
128, 74
128, 75
128, 76
128, 77
128, 78
128, 79
128, 80
128, 81
128, 82
128, 83
128, 84
128, 85
128, 86
128, 87
128, 88
128, 89
128, 90
128, 91
128, 92
128, 93
128, 94
128, 95
128, 96
128, 104
128, 105
128, 106
128, 107
128, 108
128, 109
128, 110
128, 111
128, 112
128, 113
128, 114
128, 115
128, 116
128, 117
128, 118
128, 119
128, 120
128, 121
128, 122
128, 123
128, 124
128, 125
128, 126
128, 127
128, 128
128, 129
128, 130
128, 131
128, 132
128, 133
128, 134
128, 135
128, 136
128, 137
128, 138
128, 139
128, 140
129, 53
129, 54
129, 55
129, 56
129, 57
129, 58
129, 59
129, 60
129, 61
129, 62
129, 63
129, 64
129, 65
129, 66
129, 67
129, 68
129, 69
129, 70
129, 71
129, 72
129, 73
129, 74
129, 75
129, 76
129, 77
129, 78
129, 79
129, 80
129, 81
129, 82
129, 83
129, 85
129, 86
129, 87
129, 88
129, 89
129, 90
129, 91
129, 92
129, 93
129, 94
129, 95
129, 96
129, 104
129, 105
129, 106
129, 107
129, 108
129, 109
129, 110
129, 111
129, 112
129, 113
129, 114
129, 115
129, 116
129, 117
129, 118
129, 119
129, 120
129, 121
129, 122
129, 123
129, 124
129, 125
129, 126
129, 127
129, 128
129, 129
129, 130
129, 131
129, 132
129, 133
129, 134
129, 135
129, 136
129, 137
129, 138
129, 139
129, 140
130, 53
130, 54
130, 55
130, 56
130, 57
130, 58
130, 59
130, 60
130, 61
130, 62
130, 63
130, 64
130, 65
130, 66
130, 67
130, 68
130, 69
130, 70
130, 71
130, 72
130, 73
130, 74
130, 75
130, 79
130, 80
130, 81
130, 88
130, 89
130, 90
130, 91
130, 92
130, 93
130, 94
130, 95
130, 96
130, 104
130, 105
130, 106
130, 107
130, 108
130, 109
130, 110
130, 111
130, 112
130, 113
130, 114
130, 115
130, 116
130, 117
130, 118
130, 119
130, 120
130, 121
130, 122
130, 123
130, 124
130, 125
130, 126
130, 127
130, 128
130, 129
130, 130
130, 131
130, 132
130, 133
130, 134
130, 135
130, 136
130, 137
130, 138
130, 139
130, 140
131, 53
131, 54
131, 55
131, 56
131, 57
131, 58
131, 59
131, 60
131, 61
131, 62
131, 63
131, 64
131, 65
131, 66
131, 67
131, 68
131, 69
131, 70
131, 71
131, 72
131, 73
131, 88
131, 89
131, 90
131, 91
131, 92
131, 93
131, 94
131, 95
131, 96
131, 103
131, 104
131, 105
131, 106
131, 107
131, 108
131, 109
131, 110
131, 111
131, 112
131, 113
131, 114
131, 115
131, 116
131, 117
131, 118
131, 119
131, 120
131, 121
131, 122
131, 123
131, 124
131, 125
131, 126
131, 127
131, 128
131, 129
131, 130
131, 131
131, 132
131, 133
131, 134
131, 135
131, 136
131, 137
131, 138
131, 139
131, 140
132, 52
132, 53
132, 54
132, 55
132, 56
132, 57
132, 58
132, 59
132, 60
132, 61
132, 62
132, 63
132, 64
132, 65
132, 66
132, 67
132, 68
132, 69
132, 70
132, 71
132, 72
132, 88
132, 89
132, 90
132, 91
132, 92
132, 93
132, 94
132, 95
132, 96
132, 97
132, 103
132, 104
132, 105
132, 106
132, 107
132, 108
132, 109
132, 110
132, 111
132, 112
132, 113
132, 114
132, 115
132, 116
132, 117
132, 118
132, 119
132, 120
132, 121
132, 122
132, 123
132, 124
132, 125
132, 126
132, 127
132, 128
132, 129
132, 130
132, 131
132, 132
132, 133
132, 134
132, 135
132, 136
132, 137
132, 138
132, 139
132, 140
133, 52
133, 53
133, 54
133, 55
133, 56
133, 57
133, 58
133, 59
133, 60
133, 61
133, 62
133, 63
133, 64
133, 65
133, 66
133, 67
133, 68
133, 69
133, 70
133, 71
133, 72
133, 89
133, 90
133, 91
133, 92
133, 93
133, 94
133, 95
133, 96
133, 97
133, 103
133, 104
133, 105
133, 106
133, 107
133, 108
133, 109
133, 110
133, 111
133, 112
133, 113
133, 114
133, 115
133, 116
133, 117
133, 118
133, 119
133, 120
133, 121
133, 122
133, 123
133, 124
133, 125
133, 126
133, 127
133, 128
133, 129
133, 130
133, 131
133, 132
133, 133
133, 134
133, 135
133, 136
133, 137
133, 138
133, 139
133, 140
134, 52
134, 53
134, 54
134, 55
134, 56
134, 57
134, 58
134, 59
134, 60
134, 61
134, 62
134, 63
134, 64
134, 65
134, 66
134, 67
134, 68
134, 69
134, 70
134, 71
134, 72
134, 89
134, 90
134, 91
134, 92
134, 93
134, 94
134, 95
134, 96
134, 97
134, 103
134, 104
134, 105
134, 106
134, 107
134, 108
134, 109
134, 110
134, 111
134, 112
134, 113
134, 114
134, 115
134, 116
134, 117
134, 118
134, 119
134, 120
134, 121
134, 122
134, 123
134, 124
134, 125
134, 126
134, 127
134, 128
134, 129
134, 130
134, 131
134, 132
134, 133
134, 134
134, 135
134, 136
134, 137
134, 138
134, 139
134, 140
135, 52
135, 53
135, 54
135, 55
135, 56
135, 57
135, 58
135, 59
135, 60
135, 61
135, 62
135, 63
135, 64
135, 65
135, 66
135, 67
135, 68
135, 69
135, 70
135, 71
135, 89
135, 90
135, 91
135, 92
135, 93
135, 94
135, 95
135, 96
135, 97
135, 103
135, 104
135, 105
135, 106
135, 107
135, 108
135, 109
135, 110
135, 111
135, 112
135, 113
135, 114
135, 115
135, 116
135, 117
135, 118
135, 119
135, 120
135, 121
135, 122
135, 123
135, 124
135, 125
135, 126
135, 127
135, 128
135, 129
135, 130
135, 131
135, 132
135, 133
135, 134
135, 135
135, 136
135, 137
135, 138
135, 139
135, 140
136, 52
136, 53
136, 54
136, 55
136, 56
136, 57
136, 58
136, 59
136, 60
136, 61
136, 62
136, 63
136, 64
136, 65
136, 66
136, 67
136, 68
136, 69
136, 70
136, 71
136, 89
136, 90
136, 91
136, 92
136, 93
136, 94
136, 95
136, 96
136, 97
136, 103
136, 104
136, 105
136, 106
136, 107
136, 108
136, 109
136, 110
136, 111
136, 112
136, 113
136, 114
136, 115
136, 116
136, 117
136, 118
136, 119
136, 120
136, 121
136, 122
136, 123
136, 124
136, 125
136, 126
136, 127
136, 128
136, 129
136, 130
136, 131
136, 132
136, 133
136, 134
136, 135
136, 136
136, 137
136, 138
136, 139
136, 140
137, 52
137, 53
137, 54
137, 55
137, 56
137, 57
137, 58
137, 59
137, 60
137, 61
137, 62
137, 63
137, 64
137, 65
137, 66
137, 67
137, 68
137, 69
137, 70
137, 71
137, 89
137, 90
137, 91
137, 92
137, 93
137, 94
137, 95
137, 96
137, 97
137, 103
137, 104
137, 105
137, 106
137, 107
137, 108
137, 109
137, 110
137, 111
137, 112
137, 113
137, 114
137, 115
137, 116
137, 117
137, 118
137, 119
137, 120
137, 121
137, 122
137, 123
137, 124
137, 125
137, 126
137, 127
137, 128
137, 129
137, 130
137, 131
137, 132
137, 133
137, 134
137, 135
137, 136
137, 137
137, 138
137, 139
137, 140
138, 52
138, 53
138, 54
138, 55
138, 56
138, 57
138, 58
138, 59
138, 60
138, 61
138, 62
138, 63
138, 64
138, 65
138, 66
138, 67
138, 68
138, 69
138, 70
138, 89
138, 90
138, 91
138, 92
138, 93
138, 94
138, 95
138, 96
138, 97
138, 103
138, 104
138, 105
138, 106
138, 107
138, 108
138, 109
138, 110
138, 111
138, 112
138, 113
138, 114
138, 115
138, 116
138, 117
138, 118
138, 119
138, 120
138, 121
138, 122
138, 123
138, 124
138, 125
138, 126
138, 127
138, 128
138, 129
138, 130
138, 131
138, 132
138, 133
138, 134
138, 135
138, 136
138, 137
138, 138
138, 139
138, 140
139, 52
139, 53
139, 54
139, 55
139, 56
139, 57
139, 58
139, 59
139, 60
139, 61
139, 62
139, 63
139, 64
139, 65
139, 66
139, 67
139, 68
139, 69
139, 90
139, 91
139, 92
139, 93
139, 94
139, 95
139, 96
139, 97
139, 103
139, 104
139, 105
139, 106
139, 107
139, 108
139, 109
139, 110
139, 111
139, 112
139, 113
139, 114
139, 115
139, 116
139, 117
139, 118
139, 119
139, 120
139, 121
139, 122
139, 123
139, 124
139, 125
139, 126
139, 127
139, 128
139, 129
139, 130
139, 131
139, 132
139, 133
139, 134
139, 135
139, 136
139, 137
139, 138
139, 139
139, 140
140, 51
140, 52
140, 53
140, 54
140, 55
140, 56
140, 57
140, 58
140, 59
140, 60
140, 61
140, 62
140, 63
140, 64
140, 65
140, 66
140, 67
140, 68
140, 69
140, 90
140, 91
140, 92
140, 93
140, 94
140, 95
140, 96
140, 97
140, 102
140, 103
140, 104
140, 105
140, 106
140, 107
140, 108
140, 109
140, 110
140, 111
140, 112
140, 113
140, 114
140, 115
140, 116
140, 117
140, 118
140, 119
140, 120
140, 121
140, 122
140, 123
140, 124
140, 125
140, 126
140, 127
140, 128
140, 129
140, 130
140, 131
140, 132
140, 133
140, 134
140, 135
140, 136
140, 137
140, 138
140, 139
140, 140
141, 51
141, 52
141, 53
141, 54
141, 55
141, 56
141, 57
141, 58
141, 59
141, 60
141, 61
141, 62
141, 63
141, 64
141, 65
141, 66
141, 67
141, 68
141, 91
141, 92
141, 93
141, 94
141, 95
141, 96
141, 102
141, 103
141, 104
141, 105
141, 106
141, 107
141, 108
141, 109
141, 110
141, 111
141, 112
141, 113
141, 114
141, 115
141, 116
141, 117
141, 118
141, 119
141, 120
141, 121
141, 122
141, 123
141, 124
141, 125
141, 126
141, 127
141, 128
141, 129
141, 130
141, 131
141, 132
141, 133
141, 134
141, 135
141, 136
141, 137
141, 138
141, 139
141, 140
142, 50
142, 51
142, 52
142, 53
142, 54
142, 55
142, 56
142, 57
142, 58
142, 59
142, 60
142, 61
142, 62
142, 63
142, 64
142, 65
142, 66
142, 67
142, 68
142, 93
142, 94
142, 95
142, 96
142, 101
142, 102
142, 103
142, 104
142, 105
142, 106
142, 107
142, 108
142, 109
142, 110
142, 111
142, 112
142, 113
142, 114
142, 115
142, 116
142, 117
142, 118
142, 119
142, 120
142, 121
142, 122
142, 123
142, 124
142, 125
142, 126
142, 127
142, 128
142, 129
142, 130
142, 131
142, 132
142, 133
142, 134
142, 135
142, 136
142, 137
142, 138
142, 139
142, 140
143, 50
143, 51
143, 52
143, 53
143, 54
143, 55
143, 56
143, 57
143, 58
143, 59
143, 60
143, 61
143, 62
143, 63
143, 64
143, 65
143, 66
143, 67
143, 68
143, 101
143, 102
143, 103
143, 104
143, 105
143, 106
143, 107
143, 108
143, 109
143, 110
143, 111
143, 112
143, 113
143, 114
143, 115
143, 116
143, 117
143, 118
143, 119
143, 120
143, 121
143, 122
143, 123
143, 124
143, 125
143, 126
143, 127
143, 128
143, 129
143, 130
143, 131
143, 132
143, 133
143, 134
143, 135
143, 136
143, 137
143, 138
143, 139
143, 140
144, 50
144, 51
144, 52
144, 53
144, 54
144, 55
144, 56
144, 57
144, 58
144, 59
144, 60
144, 61
144, 62
144, 63
144, 64
144, 65
144, 66
144, 67
144, 68
144, 100
144, 101
144, 102
144, 103
144, 104
144, 105
144, 106
144, 107
144, 108
144, 109
144, 110
144, 111
144, 112
144, 113
144, 114
144, 115
144, 116
144, 117
144, 118
144, 119
144, 120
144, 121
144, 122
144, 123
144, 124
144, 125
144, 126
144, 127
144, 128
144, 129
144, 130
144, 131
144, 132
144, 133
144, 134
144, 135
144, 136
144, 137
144, 138
144, 139
144, 140
145, 50
145, 51
145, 52
145, 53
145, 54
145, 55
145, 56
145, 57
145, 58
145, 59
145, 60
145, 61
145, 62
145, 63
145, 64
145, 65
145, 66
145, 67
145, 68
145, 101
145, 102
145, 103
145, 104
145, 105
145, 106
145, 107
145, 108
145, 109
145, 110
145, 111
145, 112
145, 113
145, 114
145, 115
145, 116
145, 117
145, 118
145, 119
145, 120
145, 121
145, 122
145, 123
145, 124
145, 125
145, 126
145, 127
145, 128
145, 129
145, 130
145, 131
145, 132
145, 133
145, 134
145, 135
145, 136
145, 137
145, 138
145, 139
145, 140
146, 50
146, 51
146, 52
146, 53
146, 54
146, 55
146, 56
146, 57
146, 58
146, 59
146, 60
146, 61
146, 62
146, 63
146, 64
146, 65
146, 66
146, 67
146, 68
146, 101
146, 102
146, 103
146, 104
146, 105
146, 106
146, 107
146, 108
146, 109
146, 110
146, 111
146, 112
146, 113
146, 114
146, 115
146, 116
146, 117
146, 118
146, 119
146, 120
146, 121
146, 122
146, 123
146, 124
146, 125
146, 126
146, 127
146, 128
146, 129
146, 130
146, 131
146, 132
146, 133
146, 134
146, 135
146, 136
146, 137
146, 138
146, 139
146, 140
147, 50
147, 51
147, 52
147, 53
147, 54
147, 55
147, 56
147, 57
147, 58
147, 59
147, 60
147, 61
147, 62
147, 63
147, 64
147, 65
147, 66
147, 67
147, 68
147, 101
147, 102
147, 103
147, 104
147, 105
147, 106
147, 107
147, 108
147, 109
147, 110
147, 111
147, 112
147, 113
147, 114
147, 115
147, 116
147, 117
147, 118
147, 119
147, 120
147, 121
147, 122
147, 123
147, 124
147, 125
147, 126
147, 127
147, 128
147, 129
147, 130
147, 131
147, 132
147, 133
147, 134
147, 135
147, 136
147, 137
147, 138
147, 139
147, 140
148, 50
148, 51
148, 52
148, 53
148, 54
148, 55
148, 56
148, 57
148, 58
148, 59
148, 60
148, 61
148, 62
148, 63
148, 64
148, 65
148, 66
148, 67
148, 68
148, 101
148, 102
148, 103
148, 104
148, 105
148, 106
148, 107
148, 108
148, 109
148, 110
148, 111
148, 112
148, 113
148, 114
148, 115
148, 116
148, 117
148, 118
148, 119
148, 120
148, 121
148, 122
148, 123
148, 124
148, 125
148, 126
148, 127
148, 128
148, 129
148, 130
148, 131
148, 132
148, 133
148, 134
148, 135
148, 136
148, 137
148, 138
148, 139
148, 140
149, 49
149, 50
149, 51
149, 52
149, 53
149, 54
149, 55
149, 56
149, 57
149, 58
149, 59
149, 60
149, 61
149, 62
149, 63
149, 64
149, 65
149, 66
149, 67
149, 68
149, 101
149, 102
149, 103
149, 104
149, 105
149, 106
149, 107
149, 108
149, 109
149, 110
149, 111
149, 112
149, 113
149, 114
149, 115
149, 116
149, 117
149, 118
149, 119
149, 120
149, 121
149, 122
149, 123
149, 124
149, 125
149, 126
149, 127
149, 128
149, 129
149, 130
149, 131
149, 132
149, 133
149, 134
149, 135
149, 136
149, 137
149, 138
149, 139
149, 140
150, 49
150, 50
150, 51
150, 52
150, 53
150, 54
150, 55
150, 56
150, 57
150, 58
150, 59
150, 60
150, 61
150, 62
150, 63
150, 64
150, 65
150, 66
150, 67
150, 102
150, 103
150, 104
150, 105
150, 106
150, 107
150, 108
150, 109
150, 110
150, 111
150, 112
150, 113
150, 114
150, 115
150, 116
150, 117
150, 118
150, 119
150, 120
150, 121
150, 122
150, 123
150, 124
150, 125
150, 126
150, 127
150, 128
150, 129
150, 130
150, 131
150, 132
150, 133
150, 134
150, 135
150, 136
150, 137
150, 138
150, 139
150, 140
151, 49
151, 50
151, 51
151, 52
151, 53
151, 54
151, 55
151, 56
151, 57
151, 58
151, 59
151, 60
151, 61
151, 62
151, 63
151, 64
151, 65
151, 66
151, 67
151, 102
151, 103
151, 104
151, 105
151, 106
151, 107
151, 108
151, 109
151, 110
151, 111
151, 112
151, 113
151, 114
151, 115
151, 116
151, 117
151, 118
151, 119
151, 120
151, 121
151, 122
151, 123
151, 124
151, 125
151, 126
151, 127
151, 128
151, 129
151, 130
151, 131
151, 132
151, 133
151, 134
151, 135
151, 136
151, 137
151, 138
151, 139
151, 140
152, 49
152, 50
152, 51
152, 52
152, 53
152, 54
152, 55
152, 56
152, 57
152, 58
152, 59
152, 60
152, 61
152, 62
152, 63
152, 64
152, 65
152, 66
152, 67
152, 102
152, 103
152, 104
152, 105
152, 106
152, 107
152, 108
152, 109
152, 110
152, 111
152, 112
152, 113
152, 114
152, 115
152, 116
152, 117
152, 118
152, 119
152, 120
152, 121
152, 122
152, 123
152, 124
152, 125
152, 126
152, 127
152, 128
152, 129
152, 130
152, 131
152, 132
152, 133
152, 134
152, 135
152, 136
152, 137
152, 138
152, 139
152, 140
153, 49
153, 50
153, 51
153, 52
153, 53
153, 54
153, 55
153, 56
153, 57
153, 58
153, 59
153, 60
153, 61
153, 62
153, 63
153, 64
153, 65
153, 66
153, 67
153, 101
153, 102
153, 103
153, 104
153, 105
153, 106
153, 107
153, 108
153, 109
153, 110
153, 111
153, 112
153, 113
153, 114
153, 115
153, 116
153, 117
153, 118
153, 119
153, 120
153, 121
153, 122
153, 123
153, 124
153, 125
153, 126
153, 127
153, 128
153, 129
153, 130
153, 131
153, 132
153, 133
153, 134
153, 135
153, 136
153, 137
153, 138
153, 139
153, 140
154, 49
154, 50
154, 51
154, 52
154, 53
154, 54
154, 55
154, 56
154, 57
154, 58
154, 59
154, 60
154, 61
154, 62
154, 63
154, 64
154, 65
154, 66
154, 67
154, 101
154, 102
154, 103
154, 104
154, 105
154, 106
154, 107
154, 108
154, 109
154, 110
154, 111
154, 112
154, 113
154, 114
154, 115
154, 116
154, 117
154, 118
154, 119
154, 120
154, 121
154, 122
154, 123
154, 124
154, 125
154, 126
154, 127
154, 128
154, 129
154, 130
154, 131
154, 132
154, 133
154, 134
154, 135
154, 136
154, 137
154, 138
154, 139
154, 140
155, 49
155, 50
155, 51
155, 52
155, 53
155, 54
155, 55
155, 56
155, 57
155, 58
155, 59
155, 60
155, 61
155, 62
155, 63
155, 64
155, 65
155, 66
155, 101
155, 102
155, 103
155, 104
155, 105
155, 106
155, 107
155, 108
155, 109
155, 110
155, 111
155, 112
155, 113
155, 114
155, 115
155, 116
155, 117
155, 118
155, 119
155, 120
155, 121
155, 122
155, 123
155, 124
155, 125
155, 126
155, 127
155, 128
155, 129
155, 130
155, 131
155, 132
155, 133
155, 134
155, 135
155, 136
155, 137
155, 138
155, 139
155, 140
156, 49
156, 50
156, 51
156, 52
156, 53
156, 54
156, 55
156, 56
156, 57
156, 58
156, 59
156, 60
156, 61
156, 62
156, 63
156, 64
156, 65
156, 66
156, 101
156, 102
156, 103
156, 104
156, 105
156, 106
156, 107
156, 108
156, 109
156, 110
156, 111
156, 112
156, 113
156, 114
156, 115
156, 116
156, 117
156, 118
156, 119
156, 120
156, 121
156, 122
156, 123
156, 124
156, 125
156, 126
156, 127
156, 128
156, 129
156, 130
156, 131
156, 132
156, 133
156, 134
156, 135
156, 136
156, 137
156, 138
156, 139
156, 140
157, 49
157, 50
157, 51
157, 52
157, 53
157, 54
157, 55
157, 56
157, 57
157, 58
157, 59
157, 60
157, 61
157, 62
157, 63
157, 64
157, 65
157, 66
157, 102
157, 103
157, 104
157, 105
157, 106
157, 107
157, 108
157, 109
157, 110
157, 111
157, 112
157, 113
157, 114
157, 115
157, 116
157, 117
157, 118
157, 119
157, 120
157, 121
157, 122
157, 123
157, 124
157, 125
157, 126
157, 127
157, 128
157, 129
157, 130
157, 131
157, 132
157, 133
157, 134
157, 135
157, 136
157, 137
157, 138
157, 139
157, 140
158, 49
158, 50
158, 51
158, 52
158, 53
158, 54
158, 55
158, 56
158, 57
158, 58
158, 59
158, 60
158, 61
158, 62
158, 63
158, 64
158, 65
158, 102
158, 103
158, 104
158, 105
158, 106
158, 107
158, 108
158, 109
158, 110
158, 111
158, 112
158, 113
158, 114
158, 115
158, 116
158, 117
158, 118
158, 119
158, 120
158, 121
158, 122
158, 123
158, 124
158, 125
158, 126
158, 127
158, 128
158, 129
158, 130
158, 131
158, 132
158, 133
158, 134
158, 135
158, 136
158, 137
158, 138
158, 139
158, 140
159, 49
159, 50
159, 51
159, 52
159, 53
159, 54
159, 55
159, 56
159, 57
159, 58
159, 59
159, 60
159, 61
159, 62
159, 63
159, 64
159, 65
159, 102
159, 103
159, 104
159, 105
159, 106
159, 107
159, 108
159, 109
159, 110
159, 111
159, 112
159, 113
159, 114
159, 115
159, 116
159, 117
159, 118
159, 119
159, 120
159, 121
159, 122
159, 123
159, 124
159, 125
159, 126
159, 127
159, 128
159, 129
159, 130
159, 131
159, 132
159, 133
159, 134
159, 135
159, 136
159, 137
159, 138
159, 139
159, 140
160, 49
160, 50
160, 51
160, 52
160, 53
160, 54
160, 55
160, 56
160, 57
160, 58
160, 59
160, 60
160, 61
160, 62
160, 63
160, 64
160, 65
160, 102
160, 103
160, 104
160, 105
160, 106
160, 107
160, 108
160, 109
160, 110
160, 111
160, 112
160, 113
160, 114
160, 115
160, 116
160, 117
160, 118
160, 119
160, 120
160, 121
160, 122
160, 123
160, 124
160, 125
160, 126
160, 127
160, 128
160, 129
160, 130
160, 131
160, 132
160, 133
160, 134
160, 135
160, 136
160, 137
160, 138
160, 139
160, 140
161, 49
161, 50
161, 51
161, 52
161, 53
161, 54
161, 55
161, 56
161, 57
161, 58
161, 59
161, 60
161, 61
161, 62
161, 63
161, 64
161, 65
161, 102
161, 103
161, 104
161, 105
161, 106
161, 107
161, 108
161, 109
161, 110
161, 111
161, 112
161, 113
161, 114
161, 115
161, 116
161, 117
161, 118
161, 119
161, 120
161, 121
161, 122
161, 123
161, 124
161, 125
161, 126
161, 127
161, 128
161, 129
161, 130
161, 131
161, 132
161, 133
161, 134
161, 135
161, 136
161, 137
161, 138
161, 139
161, 140
162, 49
162, 50
162, 51
162, 52
162, 53
162, 54
162, 55
162, 56
162, 57
162, 58
162, 59
162, 60
162, 61
162, 62
162, 63
162, 64
162, 65
162, 103
162, 104
162, 105
162, 106
162, 107
162, 108
162, 109
162, 110
162, 111
162, 112
162, 113
162, 114
162, 115
162, 116
162, 117
162, 118
162, 119
162, 120
162, 121
162, 122
162, 123
162, 124
162, 125
162, 126
162, 127
162, 128
162, 129
162, 130
162, 131
162, 132
162, 133
162, 134
162, 135
162, 136
162, 137
162, 138
162, 139
162, 140
163, 49
163, 50
163, 51
163, 52
163, 53
163, 54
163, 55
163, 56
163, 57
163, 58
163, 59
163, 60
163, 61
163, 62
163, 63
163, 64
163, 103
163, 104
163, 105
163, 106
163, 107
163, 108
163, 109
163, 110
163, 111
163, 112
163, 113
163, 114
163, 115
163, 116
163, 117
163, 118
163, 119
163, 120
163, 121
163, 122
163, 123
163, 124
163, 125
163, 126
163, 127
163, 128
163, 129
163, 130
163, 131
163, 132
163, 133
163, 134
163, 135
163, 136
163, 137
163, 138
163, 139
163, 140
164, 49
164, 50
164, 51
164, 52
164, 53
164, 54
164, 55
164, 56
164, 57
164, 58
164, 59
164, 60
164, 61
164, 62
164, 63
164, 103
164, 104
164, 105
164, 106
164, 107
164, 108
164, 109
164, 110
164, 111
164, 112
164, 113
164, 114
164, 115
164, 116
164, 117
164, 118
164, 119
164, 120
164, 121
164, 122
164, 123
164, 124
164, 125
164, 126
164, 127
164, 128
164, 129
164, 130
164, 131
164, 132
164, 133
164, 134
164, 135
164, 136
164, 137
164, 138
164, 139
164, 140
165, 49
165, 50
165, 51
165, 52
165, 53
165, 54
165, 55
165, 56
165, 57
165, 58
165, 59
165, 60
165, 61
165, 62
165, 103
165, 104
165, 105
165, 106
165, 107
165, 108
165, 109
165, 110
165, 111
165, 112
165, 113
165, 114
165, 115
165, 116
165, 117
165, 118
165, 119
165, 120
165, 121
165, 122
165, 123
165, 124
165, 125
165, 126
165, 127
165, 128
165, 129
165, 130
165, 131
165, 132
165, 133
165, 134
165, 135
165, 136
165, 137
165, 138
165, 139
165, 140
166, 49
166, 50
166, 51
166, 52
166, 53
166, 54
166, 55
166, 56
166, 57
166, 58
166, 59
166, 60
166, 61
166, 62
166, 103
166, 104
166, 105
166, 106
166, 107
166, 108
166, 109
166, 110
166, 111
166, 112
166, 113
166, 114
166, 115
166, 116
166, 117
166, 118
166, 119
166, 120
166, 121
166, 122
166, 123
166, 124
166, 125
166, 126
166, 127
166, 128
166, 129
166, 130
166, 131
166, 132
166, 133
166, 134
166, 135
166, 136
166, 137
166, 138
166, 139
166, 140
167, 49
167, 50
167, 51
167, 52
167, 53
167, 54
167, 55
167, 56
167, 57
167, 58
167, 59
167, 60
167, 61
167, 62
167, 103
167, 104
167, 105
167, 106
167, 107
167, 108
167, 109
167, 110
167, 111
167, 112
167, 113
167, 114
167, 115
167, 116
167, 117
167, 118
167, 119
167, 120
167, 121
167, 122
167, 123
167, 124
167, 125
167, 126
167, 127
167, 128
167, 129
167, 130
167, 131
167, 132
167, 133
167, 134
167, 135
167, 136
167, 137
167, 138
167, 139
167, 140
168, 49
168, 50
168, 51
168, 52
168, 53
168, 54
168, 55
168, 56
168, 57
168, 58
168, 59
168, 60
168, 61
168, 103
168, 104
168, 105
168, 106
168, 107
168, 108
168, 109
168, 110
168, 111
168, 112
168, 113
168, 114
168, 115
168, 116
168, 117
168, 118
168, 119
168, 120
168, 121
168, 122
168, 123
168, 124
168, 125
168, 126
168, 127
168, 128
168, 129
168, 130
168, 131
168, 132
168, 133
168, 134
168, 135
168, 136
168, 137
168, 138
168, 139
168, 140
169, 49
169, 50
169, 51
169, 52
169, 53
169, 54
169, 55
169, 56
169, 57
169, 58
169, 59
169, 60
169, 61
169, 103
169, 104
169, 105
169, 106
169, 107
169, 108
169, 109
169, 110
169, 111
169, 112
169, 113
169, 114
169, 115
169, 116
169, 117
169, 118
169, 119
169, 120
169, 121
169, 122
169, 123
169, 124
169, 125
169, 126
169, 127
169, 128
169, 129
169, 130
169, 131
169, 132
169, 133
169, 134
169, 135
169, 136
169, 137
169, 138
169, 139
169, 140
170, 49
170, 50
170, 51
170, 52
170, 53
170, 54
170, 55
170, 56
170, 57
170, 58
170, 59
170, 60
170, 61
170, 103
170, 104
170, 105
170, 106
170, 107
170, 108
170, 109
170, 110
170, 111
170, 112
170, 113
170, 114
170, 115
170, 116
170, 117
170, 118
170, 119
170, 120
170, 121
170, 122
170, 123
170, 124
170, 125
170, 126
170, 127
170, 128
170, 129
170, 130
170, 131
170, 132
170, 133
170, 134
170, 135
170, 136
170, 137
170, 138
170, 139
170, 140
171, 49
171, 50
171, 51
171, 52
171, 53
171, 54
171, 55
171, 56
171, 57
171, 58
171, 59
171, 60
171, 61
171, 103
171, 104
171, 105
171, 106
171, 107
171, 108
171, 109
171, 110
171, 111
171, 112
171, 113
171, 114
171, 115
171, 116
171, 117
171, 118
171, 119
171, 120
171, 121
171, 122
171, 123
171, 124
171, 125
171, 126
171, 127
171, 128
171, 129
171, 130
171, 131
171, 132
171, 133
171, 134
171, 135
171, 136
171, 137
171, 138
171, 139
171, 140
172, 49
172, 50
172, 51
172, 52
172, 53
172, 54
172, 55
172, 56
172, 57
172, 58
172, 59
172, 60
172, 61
172, 104
172, 105
172, 106
172, 107
172, 108
172, 109
172, 110
172, 111
172, 112
172, 113
172, 114
172, 115
172, 116
172, 117
172, 118
172, 119
172, 120
172, 121
172, 122
172, 123
172, 124
172, 125
172, 126
172, 127
172, 128
172, 129
172, 130
172, 131
172, 132
172, 133
172, 134
172, 135
172, 136
172, 137
172, 138
172, 139
172, 140
173, 49
173, 50
173, 51
173, 52
173, 53
173, 54
173, 55
173, 56
173, 57
173, 58
173, 59
173, 60
173, 61
173, 104
173, 105
173, 106
173, 107
173, 108
173, 109
173, 110
173, 111
173, 112
173, 113
173, 114
173, 115
173, 116
173, 117
173, 118
173, 119
173, 120
173, 121
173, 122
173, 123
173, 124
173, 125
173, 126
173, 127
173, 128
173, 129
173, 130
173, 131
173, 132
173, 133
173, 134
173, 135
173, 136
173, 137
173, 138
173, 139
173, 140
174, 49
174, 50
174, 51
174, 52
174, 53
174, 54
174, 55
174, 56
174, 57
174, 58
174, 59
174, 60
174, 61
174, 105
174, 106
174, 107
174, 108
174, 109
174, 110
174, 111
174, 112
174, 113
174, 114
174, 115
174, 116
174, 117
174, 118
174, 119
174, 120
174, 121
174, 122
174, 123
174, 124
174, 125
174, 126
174, 127
174, 128
174, 129
174, 130
174, 131
174, 132
174, 133
174, 134
174, 135
174, 136
174, 137
174, 138
174, 139
174, 140
175, 49
175, 50
175, 51
175, 52
175, 53
175, 54
175, 55
175, 56
175, 57
175, 58
175, 59
175, 60
175, 105
175, 106
175, 107
175, 108
175, 109
175, 110
175, 111
175, 112
175, 113
175, 114
175, 115
175, 116
175, 117
175, 118
175, 119
175, 120
175, 121
175, 122
175, 123
175, 124
175, 125
175, 126
175, 127
175, 128
175, 129
175, 130
175, 131
175, 132
175, 133
175, 134
175, 135
175, 136
175, 137
175, 138
175, 139
175, 140
176, 49
176, 50
176, 51
176, 52
176, 53
176, 54
176, 55
176, 56
176, 57
176, 58
176, 59
176, 60
176, 105
176, 106
176, 107
176, 108
176, 109
176, 110
176, 111
176, 112
176, 113
176, 114
176, 115
176, 116
176, 117
176, 118
176, 119
176, 120
176, 121
176, 122
176, 123
176, 124
176, 125
176, 126
176, 127
176, 128
176, 129
176, 130
176, 131
176, 132
176, 133
176, 134
176, 135
176, 136
176, 137
176, 138
176, 139
176, 140
177, 49
177, 50
177, 51
177, 52
177, 53
177, 54
177, 55
177, 56
177, 57
177, 58
177, 59
177, 60
177, 105
177, 106
177, 107
177, 108
177, 109
177, 110
177, 111
177, 112
177, 113
177, 114
177, 115
177, 116
177, 117
177, 118
177, 119
177, 120
177, 121
177, 122
177, 123
177, 124
177, 125
177, 126
177, 127
177, 128
177, 129
177, 130
177, 131
177, 132
177, 133
177, 134
177, 135
177, 136
177, 137
177, 138
177, 139
177, 140
178, 50
178, 51
178, 52
178, 53
178, 54
178, 55
178, 56
178, 57
178, 58
178, 105
178, 106
178, 107
178, 108
178, 109
178, 110
178, 111
178, 112
178, 113
178, 114
178, 115
178, 116
178, 117
178, 118
178, 119
178, 120
178, 121
178, 122
178, 123
178, 124
178, 125
178, 126
178, 127
178, 128
178, 129
178, 130
178, 131
178, 132
178, 133
178, 134
178, 135
178, 136
178, 137
178, 138
178, 139
178, 140
179, 50
179, 51
179, 52
179, 53
179, 54
179, 55
179, 105
179, 106
179, 107
179, 108
179, 109
179, 110
179, 111
179, 112
179, 113
179, 114
179, 115
179, 116
179, 117
179, 118
179, 119
179, 120
179, 121
179, 122
179, 123
179, 124
179, 125
179, 126
179, 127
179, 128
179, 129
179, 130
179, 131
179, 132
179, 133
179, 134
179, 135
179, 136
179, 137
179, 138
179, 139
179, 140
180, 105
180, 106
180, 107
180, 108
180, 109
180, 110
180, 111
180, 112
180, 113
180, 114
180, 115
180, 116
180, 117
180, 118
180, 119
180, 120
180, 121
180, 122
180, 123
180, 124
180, 125
180, 126
180, 127
180, 128
180, 129
180, 130
180, 131
180, 132
180, 133
180, 134
180, 135
180, 136
180, 137
180, 138
180, 139
180, 140
181, 105
181, 106
181, 107
181, 108
181, 109
181, 110
181, 111
181, 112
181, 113
181, 114
181, 115
181, 116
181, 117
181, 118
181, 119
181, 120
181, 121
181, 122
181, 123
181, 124
181, 125
181, 126
181, 127
181, 128
181, 129
181, 130
181, 131
181, 132
181, 133
181, 134
181, 135
181, 136
181, 137
181, 138
181, 139
181, 140
182, 106
182, 107
182, 108
182, 109
182, 110
182, 111
182, 112
182, 113
182, 114
182, 115
182, 116
182, 117
182, 118
182, 119
182, 120
182, 121
182, 122
182, 123
182, 124
182, 125
182, 126
182, 127
182, 128
182, 129
182, 130
182, 131
182, 132
182, 133
182, 134
182, 135
182, 136
182, 137
182, 138
182, 139
182, 140
183, 106
183, 107
183, 108
183, 109
183, 110
183, 111
183, 112
183, 113
183, 114
183, 115
183, 116
183, 117
183, 118
183, 119
183, 120
183, 121
183, 122
183, 123
183, 124
183, 125
183, 126
183, 127
183, 128
183, 129
183, 130
183, 131
183, 132
183, 133
183, 134
183, 135
183, 136
183, 137
183, 138
183, 139
183, 140
184, 106
184, 107
184, 108
184, 109
184, 110
184, 111
184, 112
184, 113
184, 114
184, 115
184, 116
184, 117
184, 118
184, 119
184, 120
184, 121
184, 122
184, 123
184, 124
184, 125
184, 126
184, 127
184, 128
184, 129
184, 130
184, 131
184, 132
184, 133
184, 134
184, 135
184, 136
184, 137
184, 138
184, 139
184, 140
185, 107
185, 108
185, 109
185, 110
185, 111
185, 112
185, 113
185, 114
185, 115
185, 116
185, 117
185, 118
185, 119
185, 120
185, 121
185, 122
185, 123
185, 124
185, 125
185, 126
185, 127
185, 128
185, 129
185, 130
185, 131
185, 132
185, 133
185, 134
185, 135
185, 136
185, 137
185, 138
185, 139
185, 140
186, 107
186, 108
186, 109
186, 110
186, 111
186, 112
186, 113
186, 114
186, 115
186, 116
186, 117
186, 118
186, 119
186, 120
186, 121
186, 122
186, 123
186, 124
186, 125
186, 126
186, 127
186, 128
186, 129
186, 130
186, 131
186, 132
186, 133
186, 134
186, 135
186, 136
186, 137
186, 138
186, 139
187, 107
187, 108
187, 109
187, 110
187, 111
187, 112
187, 113
187, 114
187, 115
187, 116
187, 117
187, 118
187, 119
187, 120
187, 121
187, 122
187, 123
187, 124
187, 125
187, 126
187, 127
187, 128
187, 129
187, 130
187, 131
187, 132
187, 133
187, 134
187, 135
187, 136
187, 137
187, 138
187, 139
188, 108
188, 109
188, 110
188, 111
188, 112
188, 113
188, 114
188, 115
188, 116
188, 117
188, 118
188, 119
188, 120
188, 121
188, 122
188, 123
188, 124
188, 125
188, 126
188, 127
188, 128
188, 129
188, 130
188, 131
188, 132
188, 133
188, 134
188, 135
188, 136
188, 137
188, 138
188, 139
189, 108
189, 109
189, 110
189, 111
189, 112
189, 113
189, 114
189, 115
189, 116
189, 117
189, 118
189, 119
189, 120
189, 121
189, 122
189, 123
189, 124
189, 125
189, 126
189, 127
189, 128
189, 129
189, 130
189, 131
189, 132
189, 133
189, 134
189, 135
189, 136
189, 137
190, 112
190, 113
190, 114
190, 115
190, 116
190, 117
190, 118
190, 119
190, 120
190, 121
190, 122
190, 123
190, 124
190, 125
190, 126
190, 127
190, 128
190, 129
190, 130
190, 131
190, 132
190, 133
190, 134
190, 135
190, 136
191, 113
191, 114
191, 115
191, 116
191, 122
191, 132
191, 133
