52, 20
52, 21
52, 22
52, 23
52, 24
52, 25
52, 26
52, 27
52, 28
52, 29
52, 30
52, 31
53, 18
53, 19
53, 20
53, 21
53, 22
53, 23
53, 24
53, 25
53, 26
53, 27
53, 28
53, 29
53, 30
53, 31
53, 32
53, 33
53, 34
54, 17
54, 18
54, 19
54, 20
54, 21
54, 22
54, 23
54, 24
54, 25
54, 26
54, 27
54, 28
54, 29
54, 30
54, 31
54, 32
54, 33
54, 34
54, 35
54, 73
54, 74
54, 75
54, 76
54, 77
54, 78
55, 16
55, 17
55, 18
55, 19
55, 20
55, 21
55, 22
55, 23
55, 24
55, 25
55, 26
55, 27
55, 28
55, 29
55, 30
55, 31
55, 32
55, 33
55, 34
55, 35
55, 36
55, 69
55, 70
55, 71
55, 72
55, 73
55, 74
55, 75
55, 76
55, 77
55, 78
55, 79
55, 80
56, 15
56, 16
56, 17
56, 18
56, 19
56, 20
56, 21
56, 22
56, 23
56, 24
56, 25
56, 26
56, 27
56, 28
56, 29
56, 30
56, 31
56, 32
56, 33
56, 34
56, 35
56, 36
56, 68
56, 69
56, 70
56, 71
56, 72
56, 73
56, 74
56, 75
56, 76
56, 77
56, 78
56, 79
56, 80
56, 81
56, 82
57, 14
57, 15
57, 16
57, 17
57, 18
57, 19
57, 20
57, 21
57, 22
57, 23
57, 24
57, 25
57, 26
57, 27
57, 28
57, 29
57, 30
57, 31
57, 32
57, 33
57, 34
57, 35
57, 36
57, 66
57, 67
57, 68
57, 69
57, 70
57, 71
57, 72
57, 73
57, 74
57, 75
57, 76
57, 77
57, 78
57, 79
57, 80
57, 81
57, 82
57, 83
58, 14
58, 15
58, 16
58, 17
58, 18
58, 19
58, 20
58, 21
58, 22
58, 23
58, 24
58, 25
58, 26
58, 27
58, 28
58, 29
58, 30
58, 31
58, 32
58, 33
58, 34
58, 35
58, 36
58, 65
58, 66
58, 67
58, 68
58, 69
58, 70
58, 71
58, 72
58, 73
58, 74
58, 75
58, 76
58, 77
58, 78
58, 79
58, 80
58, 81
58, 82
58, 83
58, 84
59, 13
59, 14
59, 15
59, 16
59, 17
59, 18
59, 19
59, 20
59, 21
59, 22
59, 23
59, 24
59, 25
59, 26
59, 27
59, 28
59, 29
59, 30
59, 31
59, 32
59, 33
59, 34
59, 35
59, 36
59, 64
59, 65
59, 66
59, 67
59, 68
59, 69
59, 70
59, 71
59, 72
59, 73
59, 74
59, 75
59, 76
59, 77
59, 78
59, 79
59, 80
59, 81
59, 82
59, 83
59, 84
60, 12
60, 13
60, 14
60, 15
60, 16
60, 17
60, 18
60, 19
60, 20
60, 21
60, 22
60, 23
60, 24
60, 25
60, 26
60, 27
60, 28
60, 29
60, 30
60, 31
60, 32
60, 33
60, 34
60, 35
60, 36
60, 37
60, 63
60, 64
60, 65
60, 66
60, 67
60, 68
60, 69
60, 70
60, 71
60, 72
60, 73
60, 74
60, 75
60, 76
60, 77
60, 78
60, 79
60, 80
60, 81
60, 82
60, 83
60, 84
60, 85
61, 12
61, 13
61, 14
61, 15
61, 16
61, 17
61, 18
61, 19
61, 20
61, 21
61, 22
61, 23
61, 24
61, 25
61, 26
61, 27
61, 28
61, 29
61, 30
61, 31
61, 32
61, 33
61, 34
61, 35
61, 36
61, 37
61, 62
61, 63
61, 64
61, 65
61, 66
61, 67
61, 68
61, 69
61, 70
61, 71
61, 72
61, 73
61, 74
61, 75
61, 76
61, 77
61, 78
61, 79
61, 80
61, 81
61, 82
61, 83
61, 84
61, 85
62, 12
62, 13
62, 14
62, 15
62, 16
62, 17
62, 18
62, 19
62, 20
62, 21
62, 22
62, 23
62, 24
62, 25
62, 26
62, 27
62, 28
62, 29
62, 30
62, 31
62, 32
62, 33
62, 34
62, 35
62, 36
62, 37
62, 38
62, 62
62, 63
62, 64
62, 65
62, 66
62, 67
62, 68
62, 69
62, 70
62, 71
62, 72
62, 73
62, 74
62, 75
62, 76
62, 77
62, 78
62, 79
62, 80
62, 81
62, 82
62, 83
62, 84
62, 85
62, 86
63, 11
63, 12
63, 13
63, 14
63, 15
63, 16
63, 17
63, 18
63, 19
63, 20
63, 21
63, 22
63, 23
63, 24
63, 25
63, 26
63, 27
63, 28
63, 29
63, 30
63, 31
63, 32
63, 33
63, 34
63, 35
63, 36
63, 37
63, 38
63, 62
63, 63
63, 64
63, 65
63, 66
63, 67
63, 68
63, 69
63, 70
63, 71
63, 72
63, 73
63, 74
63, 75
63, 76
63, 77
63, 78
63, 79
63, 80
63, 81
63, 82
63, 83
63, 84
63, 85
63, 86
64, 11
64, 12
64, 13
64, 14
64, 15
64, 16
64, 17
64, 18
64, 19
64, 20
64, 21
64, 22
64, 23
64, 24
64, 25
64, 26
64, 27
64, 28
64, 29
64, 30
64, 31
64, 32
64, 33
64, 34
64, 35
64, 36
64, 37
64, 38
64, 61
64, 62
64, 63
64, 64
64, 65
64, 66
64, 67
64, 68
64, 69
64, 70
64, 71
64, 72
64, 73
64, 74
64, 75
64, 76
64, 77
64, 78
64, 79
64, 80
64, 81
64, 82
64, 83
64, 84
64, 85
64, 86
65, 11
65, 12
65, 13
65, 14
65, 15
65, 16
65, 17
65, 18
65, 19
65, 20
65, 21
65, 22
65, 23
65, 24
65, 25
65, 26
65, 27
65, 28
65, 29
65, 30
65, 31
65, 32
65, 33
65, 34
65, 35
65, 36
65, 37
65, 38
65, 61
65, 62
65, 63
65, 64
65, 65
65, 66
65, 67
65, 68
65, 69
65, 70
65, 71
65, 72
65, 73
65, 74
65, 75
65, 76
65, 77
65, 78
65, 79
65, 80
65, 81
65, 82
65, 83
65, 84
65, 85
65, 86
65, 87
66, 10
66, 11
66, 12
66, 13
66, 14
66, 15
66, 16
66, 17
66, 18
66, 19
66, 20
66, 21
66, 22
66, 23
66, 24
66, 25
66, 26
66, 27
66, 28
66, 29
66, 30
66, 31
66, 32
66, 33
66, 34
66, 35
66, 36
66, 37
66, 38
66, 61
66, 62
66, 63
66, 64
66, 65
66, 66
66, 67
66, 68
66, 69
66, 70
66, 71
66, 72
66, 73
66, 74
66, 75
66, 76
66, 77
66, 78
66, 79
66, 80
66, 81
66, 82
66, 83
66, 84
66, 85
66, 86
66, 87
67, 10
67, 11
67, 12
67, 13
67, 14
67, 15
67, 16
67, 17
67, 18
67, 19
67, 20
67, 21
67, 22
67, 23
67, 24
67, 25
67, 26
67, 27
67, 28
67, 29
67, 30
67, 31
67, 32
67, 33
67, 34
67, 35
67, 36
67, 37
67, 38
67, 39
67, 61
67, 62
67, 63
67, 64
67, 65
67, 66
67, 67
67, 68
67, 69
67, 70
67, 71
67, 72
67, 73
67, 74
67, 75
67, 76
67, 77
67, 78
67, 79
67, 80
67, 81
67, 82
67, 83
67, 84
67, 85
67, 86
67, 87
67, 88
68, 10
68, 11
68, 12
68, 13
68, 14
68, 15
68, 16
68, 17
68, 18
68, 19
68, 20
68, 21
68, 22
68, 23
68, 24
68, 25
68, 26
68, 27
68, 28
68, 29
68, 30
68, 31
68, 32
68, 33
68, 34
68, 35
68, 36
68, 37
68, 38
68, 39
68, 61
68, 62
68, 63
68, 64
68, 65
68, 66
68, 67
68, 68
68, 69
68, 70
68, 71
68, 72
68, 73
68, 74
68, 75
68, 76
68, 77
68, 78
68, 79
68, 80
68, 81
68, 82
68, 83
68, 84
68, 85
68, 86
68, 87
68, 88
69, 9
69, 10
69, 11
69, 12
69, 13
69, 14
69, 15
69, 16
69, 17
69, 18
69, 19
69, 20
69, 21
69, 22
69, 23
69, 24
69, 25
69, 26
69, 27
69, 28
69, 29
69, 30
69, 31
69, 32
69, 33
69, 34
69, 35
69, 36
69, 37
69, 38
69, 39
69, 60
69, 61
69, 62
69, 63
69, 64
69, 65
69, 66
69, 67
69, 68
69, 69
69, 70
69, 71
69, 72
69, 73
69, 74
69, 75
69, 76
69, 77
69, 78
69, 79
69, 80
69, 81
69, 82
69, 83
69, 84
69, 85
69, 86
69, 87
69, 88
69, 89
70, 9
70, 10
70, 11
70, 12
70, 13
70, 14
70, 15
70, 16
70, 17
70, 18
70, 19
70, 20
70, 21
70, 22
70, 23
70, 24
70, 25
70, 26
70, 27
70, 28
70, 29
70, 30
70, 31
70, 32
70, 33
70, 34
70, 35
70, 36
70, 37
70, 38
70, 39
70, 60
70, 61
70, 62
70, 63
70, 64
70, 65
70, 66
70, 67
70, 68
70, 69
70, 70
70, 71
70, 72
70, 73
70, 74
70, 75
70, 76
70, 77
70, 78
70, 79
70, 80
70, 81
70, 82
70, 83
70, 84
70, 85
70, 86
70, 87
70, 88
70, 89
71, 9
71, 10
71, 11
71, 12
71, 13
71, 14
71, 15
71, 16
71, 17
71, 18
71, 19
71, 20
71, 21
71, 22
71, 23
71, 24
71, 25
71, 26
71, 27
71, 28
71, 29
71, 30
71, 31
71, 32
71, 33
71, 34
71, 35
71, 36
71, 37
71, 38
71, 39
71, 60
71, 61
71, 62
71, 63
71, 64
71, 65
71, 66
71, 67
71, 68
71, 69
71, 70
71, 71
71, 72
71, 73
71, 74
71, 75
71, 76
71, 77
71, 78
71, 79
71, 80
71, 81
71, 82
71, 83
71, 84
71, 85
71, 86
71, 87
71, 88
71, 89
72, 9
72, 10
72, 11
72, 12
72, 13
72, 14
72, 15
72, 16
72, 17
72, 18
72, 19
72, 20
72, 21
72, 22
72, 23
72, 24
72, 25
72, 26
72, 27
72, 28
72, 29
72, 30
72, 31
72, 32
72, 33
72, 34
72, 35
72, 36
72, 37
72, 38
72, 39
72, 60
72, 61
72, 62
72, 63
72, 64
72, 65
72, 66
72, 67
72, 68
72, 69
72, 70
72, 71
72, 72
72, 73
72, 74
72, 75
72, 76
72, 77
72, 78
72, 79
72, 80
72, 81
72, 82
72, 83
72, 84
72, 85
72, 86
72, 87
72, 88
72, 89
73, 9
73, 10
73, 11
73, 12
73, 13
73, 14
73, 15
73, 16
73, 17
73, 18
73, 19
73, 20
73, 21
73, 22
73, 23
73, 24
73, 25
73, 26
73, 27
73, 28
73, 29
73, 30
73, 31
73, 32
73, 33
73, 34
73, 35
73, 36
73, 37
73, 38
73, 39
73, 60
73, 61
73, 62
73, 63
73, 64
73, 65
73, 66
73, 67
73, 68
73, 69
73, 70
73, 71
73, 72
73, 73
73, 74
73, 75
73, 76
73, 77
73, 78
73, 79
73, 80
73, 81
73, 82
73, 83
73, 84
73, 85
73, 86
73, 87
73, 88
73, 89
74, 9
74, 10
74, 11
74, 12
74, 13
74, 14
74, 15
74, 16
74, 17
74, 18
74, 19
74, 20
74, 21
74, 22
74, 23
74, 24
74, 25
74, 26
74, 27
74, 28
74, 29
74, 30
74, 31
74, 32
74, 33
74, 34
74, 35
74, 36
74, 37
74, 38
74, 39
74, 60
74, 61
74, 62
74, 63
74, 64
74, 65
74, 66
74, 67
74, 68
74, 69
74, 70
74, 71
74, 72
74, 73
74, 74
74, 75
74, 76
74, 77
74, 78
74, 79
74, 80
74, 81
74, 82
74, 83
74, 84
74, 85
74, 86
74, 87
74, 88
74, 89
75, 9
75, 10
75, 11
75, 12
75, 13
75, 14
75, 15
75, 16
75, 17
75, 18
75, 19
75, 20
75, 21
75, 22
75, 23
75, 24
75, 25
75, 26
75, 27
75, 28
75, 29
75, 30
75, 31
75, 32
75, 33
75, 34
75, 35
75, 36
75, 37
75, 38
75, 39
75, 40
75, 60
75, 61
75, 62
75, 63
75, 64
75, 65
75, 66
75, 67
75, 68
75, 69
75, 70
75, 71
75, 72
75, 73
75, 74
75, 75
75, 76
75, 77
75, 78
75, 79
75, 80
75, 81
75, 82
75, 83
75, 84
75, 85
75, 86
75, 87
75, 88
75, 89
75, 90
76, 9
76, 10
76, 11
76, 12
76, 13
76, 14
76, 15
76, 16
76, 17
76, 18
76, 19
76, 20
76, 21
76, 22
76, 23
76, 24
76, 25
76, 26
76, 27
76, 28
76, 29
76, 30
76, 31
76, 32
76, 33
76, 34
76, 35
76, 36
76, 37
76, 38
76, 39
76, 40
76, 60
76, 61
76, 62
76, 63
76, 64
76, 65
76, 66
76, 67
76, 68
76, 69
76, 70
76, 71
76, 72
76, 73
76, 74
76, 75
76, 76
76, 77
76, 78
76, 79
76, 80
76, 81
76, 82
76, 83
76, 84
76, 85
76, 86
76, 87
76, 88
76, 89
76, 90
77, 9
77, 10
77, 11
77, 12
77, 13
77, 14
77, 15
77, 16
77, 17
77, 18
77, 19
77, 20
77, 21
77, 22
77, 23
77, 24
77, 25
77, 26
77, 27
77, 28
77, 29
77, 30
77, 31
77, 32
77, 33
77, 34
77, 35
77, 36
77, 37
77, 38
77, 39
77, 40
77, 59
77, 60
77, 61
77, 62
77, 63
77, 64
77, 65
77, 66
77, 67
77, 68
77, 69
77, 70
77, 71
77, 72
77, 73
77, 74
77, 75
77, 76
77, 77
77, 78
77, 79
77, 80
77, 81
77, 82
77, 83
77, 84
77, 85
77, 86
77, 87
77, 88
77, 89
77, 90
78, 9
78, 10
78, 11
78, 12
78, 13
78, 14
78, 15
78, 16
78, 17
78, 18
78, 19
78, 20
78, 21
78, 22
78, 23
78, 24
78, 25
78, 26
78, 27
78, 28
78, 29
78, 30
78, 31
78, 32
78, 33
78, 34
78, 35
78, 36
78, 37
78, 38
78, 39
78, 40
78, 59
78, 60
78, 61
78, 62
78, 63
78, 64
78, 65
78, 66
78, 67
78, 68
78, 69
78, 70
78, 71
78, 72
78, 73
78, 74
78, 75
78, 76
78, 77
78, 78
78, 79
78, 80
78, 81
78, 82
78, 83
78, 84
78, 85
78, 86
78, 87
78, 88
78, 89
78, 90
79, 9
79, 10
79, 11
79, 12
79, 13
79, 14
79, 15
79, 16
79, 17
79, 18
79, 19
79, 20
79, 21
79, 22
79, 23
79, 24
79, 25
79, 26
79, 27
79, 28
79, 29
79, 30
79, 31
79, 32
79, 33
79, 34
79, 35
79, 36
79, 37
79, 38
79, 39
79, 40
79, 59
79, 60
79, 61
79, 62
79, 63
79, 64
79, 65
79, 66
79, 67
79, 68
79, 69
79, 70
79, 71
79, 72
79, 73
79, 74
79, 75
79, 76
79, 77
79, 78
79, 79
79, 80
79, 81
79, 82
79, 83
79, 84
79, 85
79, 86
79, 87
79, 88
79, 89
79, 90
80, 9
80, 10
80, 11
80, 12
80, 13
80, 14
80, 15
80, 16
80, 17
80, 18
80, 19
80, 20
80, 21
80, 22
80, 23
80, 24
80, 25
80, 26
80, 27
80, 28
80, 29
80, 30
80, 31
80, 32
80, 33
80, 34
80, 35
80, 36
80, 37
80, 38
80, 39
80, 40
80, 41
80, 59
80, 60
80, 61
80, 62
80, 63
80, 64
80, 65
80, 66
80, 67
80, 68
80, 69
80, 70
80, 71
80, 72
80, 73
80, 74
80, 75
80, 76
80, 77
80, 78
80, 79
80, 80
80, 81
80, 82
80, 83
80, 84
80, 85
80, 86
80, 87
80, 88
80, 89
80, 90
81, 9
81, 10
81, 11
81, 12
81, 13
81, 14
81, 15
81, 16
81, 17
81, 18
81, 19
81, 20
81, 21
81, 22
81, 23
81, 24
81, 25
81, 26
81, 27
81, 28
81, 29
81, 30
81, 31
81, 32
81, 33
81, 34
81, 35
81, 36
81, 37
81, 38
81, 39
81, 40
81, 41
81, 59
81, 60
81, 61
81, 62
81, 63
81, 64
81, 65
81, 66
81, 67
81, 68
81, 69
81, 70
81, 71
81, 72
81, 73
81, 74
81, 75
81, 76
81, 77
81, 78
81, 79
81, 80
81, 81
81, 82
81, 83
81, 84
81, 85
81, 86
81, 87
81, 88
81, 89
81, 90
82, 9
82, 10
82, 11
82, 12
82, 13
82, 14
82, 15
82, 16
82, 17
82, 18
82, 19
82, 20
82, 21
82, 22
82, 23
82, 24
82, 25
82, 26
82, 27
82, 28
82, 29
82, 30
82, 31
82, 32
82, 33
82, 34
82, 35
82, 36
82, 37
82, 38
82, 39
82, 40
82, 41
82, 59
82, 60
82, 61
82, 62
82, 63
82, 64
82, 65
82, 66
82, 67
82, 68
82, 69
82, 70
82, 71
82, 72
82, 73
82, 74
82, 75
82, 76
82, 77
82, 78
82, 79
82, 80
82, 81
82, 82
82, 83
82, 84
82, 85
82, 86
82, 87
82, 88
82, 89
82, 90
83, 8
83, 9
83, 10
83, 11
83, 12
83, 13
83, 14
83, 15
83, 16
83, 17
83, 18
83, 19
83, 20
83, 21
83, 22
83, 23
83, 24
83, 25
83, 26
83, 27
83, 28
83, 29
83, 30
83, 31
83, 32
83, 33
83, 34
83, 35
83, 36
83, 37
83, 38
83, 39
83, 40
83, 41
83, 59
83, 60
83, 61
83, 62
83, 63
83, 64
83, 65
83, 66
83, 67
83, 68
83, 69
83, 70
83, 71
83, 72
83, 73
83, 74
83, 75
83, 76
83, 77
83, 78
83, 79
83, 80
83, 81
83, 82
83, 83
83, 84
83, 85
83, 86
83, 87
83, 88
83, 89
83, 90
84, 8
84, 9
84, 10
84, 11
84, 12
84, 13
84, 14
84, 15
84, 16
84, 17
84, 18
84, 19
84, 20
84, 21
84, 22
84, 23
84, 24
84, 25
84, 26
84, 27
84, 28
84, 29
84, 30
84, 31
84, 32
84, 33
84, 34
84, 35
84, 36
84, 37
84, 38
84, 39
84, 40
84, 41
84, 59
84, 60
84, 61
84, 62
84, 63
84, 64
84, 65
84, 66
84, 67
84, 68
84, 69
84, 70
84, 71
84, 72
84, 73
84, 74
84, 75
84, 76
84, 77
84, 78
84, 79
84, 80
84, 81
84, 82
84, 83
84, 84
84, 85
84, 86
84, 87
84, 88
84, 89
84, 90
85, 8
85, 9
85, 10
85, 11
85, 12
85, 13
85, 14
85, 15
85, 16
85, 17
85, 18
85, 19
85, 20
85, 21
85, 22
85, 23
85, 24
85, 25
85, 26
85, 27
85, 28
85, 29
85, 30
85, 31
85, 32
85, 33
85, 34
85, 35
85, 36
85, 37
85, 38
85, 39
85, 40
85, 41
85, 59
85, 60
85, 61
85, 62
85, 63
85, 64
85, 65
85, 66
85, 67
85, 68
85, 69
85, 70
85, 71
85, 72
85, 73
85, 74
85, 75
85, 76
85, 77
85, 78
85, 79
85, 80
85, 81
85, 82
85, 83
85, 84
85, 85
85, 86
85, 87
85, 88
85, 89
85, 90
86, 8
86, 9
86, 10
86, 11
86, 12
86, 13
86, 14
86, 15
86, 16
86, 17
86, 18
86, 19
86, 20
86, 21
86, 22
86, 23
86, 24
86, 25
86, 26
86, 27
86, 28
86, 29
86, 30
86, 31
86, 32
86, 33
86, 34
86, 35
86, 36
86, 37
86, 38
86, 39
86, 40
86, 41
86, 59
86, 60
86, 61
86, 62
86, 63
86, 64
86, 65
86, 66
86, 67
86, 68
86, 69
86, 70
86, 71
86, 72
86, 73
86, 74
86, 75
86, 76
86, 77
86, 78
86, 79
86, 80
86, 81
86, 82
86, 83
86, 84
86, 85
86, 86
86, 87
86, 88
86, 89
86, 90
87, 8
87, 9
87, 10
87, 11
87, 12
87, 13
87, 14
87, 15
87, 16
87, 17
87, 18
87, 19
87, 20
87, 21
87, 22
87, 23
87, 24
87, 25
87, 26
87, 27
87, 28
87, 29
87, 30
87, 31
87, 32
87, 33
87, 34
87, 35
87, 36
87, 37
87, 38
87, 39
87, 40
87, 41
87, 42
87, 59
87, 60
87, 61
87, 62
87, 63
87, 64
87, 65
87, 66
87, 67
87, 68
87, 69
87, 70
87, 71
87, 72
87, 73
87, 74
87, 75
87, 76
87, 77
87, 78
87, 79
87, 80
87, 81
87, 82
87, 83
87, 84
87, 85
87, 86
87, 87
87, 88
87, 89
87, 90
88, 8
88, 9
88, 10
88, 11
88, 12
88, 13
88, 14
88, 15
88, 16
88, 17
88, 18
88, 19
88, 20
88, 21
88, 22
88, 23
88, 24
88, 25
88, 26
88, 27
88, 28
88, 29
88, 30
88, 31
88, 32
88, 33
88, 34
88, 35
88, 36
88, 37
88, 38
88, 39
88, 40
88, 41
88, 42
88, 59
88, 60
88, 61
88, 62
88, 63
88, 64
88, 65
88, 66
88, 67
88, 68
88, 69
88, 70
88, 71
88, 72
88, 73
88, 74
88, 75
88, 76
88, 77
88, 78
88, 79
88, 80
88, 81
88, 82
88, 83
88, 84
88, 85
88, 86
88, 87
88, 88
88, 89
88, 90
89, 8
89, 9
89, 10
89, 11
89, 12
89, 13
89, 14
89, 15
89, 16
89, 17
89, 18
89, 19
89, 20
89, 21
89, 22
89, 23
89, 24
89, 25
89, 26
89, 27
89, 28
89, 29
89, 30
89, 31
89, 32
89, 33
89, 34
89, 35
89, 36
89, 37
89, 38
89, 39
89, 40
89, 41
89, 42
89, 59
89, 60
89, 61
89, 62
89, 63
89, 64
89, 65
89, 66
89, 67
89, 68
89, 69
89, 70
89, 71
89, 72
89, 73
89, 74
89, 75
89, 76
89, 77
89, 78
89, 79
89, 80
89, 81
89, 82
89, 83
89, 84
89, 85
89, 86
89, 87
89, 88
89, 89
89, 90
89, 91
90, 8
90, 9
90, 10
90, 11
90, 12
90, 13
90, 14
90, 15
90, 16
90, 17
90, 18
90, 19
90, 20
90, 21
90, 22
90, 23
90, 24
90, 25
90, 26
90, 27
90, 28
90, 29
90, 30
90, 31
90, 32
90, 33
90, 34
90, 35
90, 36
90, 37
90, 38
90, 39
90, 40
90, 41
90, 42
90, 59
90, 60
90, 61
90, 62
90, 63
90, 64
90, 65
90, 66
90, 67
90, 68
90, 69
90, 70
90, 71
90, 72
90, 73
90, 74
90, 75
90, 76
90, 77
90, 78
90, 79
90, 80
90, 81
90, 82
90, 83
90, 84
90, 85
90, 86
90, 87
90, 88
90, 89
90, 90
90, 91
91, 8
91, 9
91, 10
91, 11
91, 12
91, 13
91, 14
91, 15
91, 16
91, 17
91, 18
91, 19
91, 20
91, 21
91, 22
91, 23
91, 24
91, 25
91, 26
91, 27
91, 28
91, 29
91, 30
91, 31
91, 32
91, 33
91, 34
91, 35
91, 36
91, 37
91, 38
91, 39
91, 40
91, 41
91, 42
91, 59
91, 60
91, 61
91, 62
91, 63
91, 64
91, 65
91, 66
91, 67
91, 68
91, 69
91, 70
91, 71
91, 72
91, 73
91, 74
91, 75
91, 76
91, 77
91, 78
91, 79
91, 80
91, 81
91, 82
91, 83
91, 84
91, 85
91, 86
91, 87
91, 88
91, 89
91, 90
91, 91
92, 8
92, 9
92, 10
92, 11
92, 12
92, 13
92, 14
92, 15
92, 16
92, 17
92, 18
92, 19
92, 20
92, 21
92, 22
92, 23
92, 24
92, 25
92, 26
92, 27
92, 28
92, 29
92, 30
92, 31
92, 32
92, 33
92, 34
92, 35
92, 36
92, 37
92, 38
92, 39
92, 40
92, 41
92, 42
92, 59
92, 60
92, 61
92, 62
92, 63
92, 64
92, 65
92, 66
92, 67
92, 68
92, 69
92, 70
92, 71
92, 72
92, 73
92, 74
92, 75
92, 76
92, 77
92, 78
92, 79
92, 80
92, 81
92, 82
92, 83
92, 84
92, 85
92, 86
92, 87
92, 88
92, 89
92, 90
92, 91
93, 8
93, 9
93, 10
93, 11
93, 12
93, 13
93, 14
93, 15
93, 16
93, 17
93, 18
93, 19
93, 20
93, 21
93, 22
93, 23
93, 24
93, 25
93, 26
93, 27
93, 28
93, 29
93, 30
93, 31
93, 32
93, 33
93, 34
93, 35
93, 36
93, 37
93, 38
93, 39
93, 40
93, 41
93, 42
93, 59
93, 60
93, 61
93, 62
93, 63
93, 64
93, 65
93, 66
93, 67
93, 68
93, 69
93, 70
93, 71
93, 72
93, 73
93, 74
93, 75
93, 76
93, 77
93, 78
93, 79
93, 80
93, 81
93, 82
93, 83
93, 84
93, 85
93, 86
93, 87
93, 88
93, 89
93, 90
93, 91
94, 8
94, 9
94, 10
94, 11
94, 12
94, 13
94, 14
94, 15
94, 16
94, 17
94, 18
94, 19
94, 20
94, 21
94, 22
94, 23
94, 24
94, 25
94, 26
94, 27
94, 28
94, 29
94, 30
94, 31
94, 32
94, 33
94, 34
94, 35
94, 36
94, 37
94, 38
94, 39
94, 40
94, 41
94, 42
94, 59
94, 60
94, 61
94, 62
94, 63
94, 64
94, 65
94, 66
94, 67
94, 68
94, 69
94, 70
94, 71
94, 72
94, 73
94, 74
94, 75
94, 76
94, 77
94, 78
94, 79
94, 80
94, 81
94, 82
94, 83
94, 84
94, 85
94, 86
94, 87
94, 88
94, 89
94, 90
94, 91
95, 8
95, 9
95, 10
95, 11
95, 12
95, 13
95, 14
95, 15
95, 16
95, 17
95, 18
95, 19
95, 20
95, 21
95, 22
95, 23
95, 24
95, 25
95, 26
95, 27
95, 28
95, 29
95, 30
95, 31
95, 32
95, 33
95, 34
95, 35
95, 36
95, 37
95, 38
95, 39
95, 40
95, 41
95, 42
95, 59
95, 60
95, 61
95, 62
95, 63
95, 64
95, 65
95, 66
95, 67
95, 68
95, 69
95, 70
95, 71
95, 72
95, 73
95, 74
95, 75
95, 76
95, 77
95, 78
95, 79
95, 80
95, 81
95, 82
95, 83
95, 84
95, 85
95, 86
95, 87
95, 88
95, 89
95, 90
95, 91
96, 8
96, 9
96, 10
96, 11
96, 12
96, 13
96, 14
96, 15
96, 16
96, 17
96, 18
96, 19
96, 20
96, 21
96, 22
96, 23
96, 24
96, 25
96, 26
96, 27
96, 28
96, 29
96, 30
96, 31
96, 32
96, 33
96, 34
96, 35
96, 36
96, 37
96, 38
96, 39
96, 40
96, 41
96, 42
96, 59
96, 60
96, 61
96, 62
96, 63
96, 64
96, 65
96, 66
96, 67
96, 68
96, 69
96, 70
96, 71
96, 72
96, 73
96, 74
96, 75
96, 76
96, 77
96, 78
96, 79
96, 80
96, 81
96, 82
96, 83
96, 84
96, 85
96, 86
96, 87
96, 88
96, 89
96, 90
96, 91
97, 8
97, 9
97, 10
97, 11
97, 12
97, 13
97, 14
97, 15
97, 16
97, 17
97, 18
97, 19
97, 20
97, 21
97, 22
97, 23
97, 24
97, 25
97, 26
97, 27
97, 28
97, 29
97, 30
97, 31
97, 32
97, 33
97, 34
97, 35
97, 36
97, 37
97, 38
97, 39
97, 40
97, 41
97, 42
97, 59
97, 60
97, 61
97, 62
97, 63
97, 64
97, 65
97, 66
97, 67
97, 68
97, 69
97, 70
97, 71
97, 72
97, 73
97, 74
97, 75
97, 76
97, 77
97, 78
97, 79
97, 80
97, 81
97, 82
97, 83
97, 84
97, 85
97, 86
97, 87
97, 88
97, 89
97, 90
97, 91
98, 8
98, 9
98, 10
98, 11
98, 12
98, 13
98, 14
98, 15
98, 16
98, 17
98, 18
98, 19
98, 20
98, 21
98, 22
98, 23
98, 24
98, 25
98, 26
98, 27
98, 28
98, 29
98, 30
98, 31
98, 32
98, 33
98, 34
98, 35
98, 36
98, 37
98, 38
98, 39
98, 40
98, 41
98, 42
98, 59
98, 60
98, 61
98, 62
98, 63
98, 64
98, 65
98, 66
98, 67
98, 68
98, 69
98, 70
98, 71
98, 72
98, 73
98, 74
98, 75
98, 76
98, 77
98, 78
98, 79
98, 80
98, 81
98, 82
98, 83
98, 84
98, 85
98, 86
98, 87
98, 88
98, 89
98, 90
98, 91
99, 8
99, 9
99, 10
99, 11
99, 12
99, 13
99, 14
99, 15
99, 16
99, 17
99, 18
99, 19
99, 20
99, 21
99, 22
99, 23
99, 24
99, 25
99, 26
99, 27
99, 28
99, 29
99, 30
99, 31
99, 32
99, 33
99, 34
99, 35
99, 36
99, 37
99, 38
99, 39
99, 40
99, 41
99, 42
99, 59
99, 60
99, 61
99, 62
99, 63
99, 64
99, 65
99, 66
99, 67
99, 68
99, 69
99, 70
99, 71
99, 72
99, 73
99, 74
99, 75
99, 76
99, 77
99, 78
99, 79
99, 80
99, 81
99, 82
99, 83
99, 84
99, 85
99, 86
99, 87
99, 88
99, 89
99, 90
99, 91
100, 8
100, 9
100, 10
100, 11
100, 12
100, 13
100, 14
100, 15
100, 16
100, 17
100, 18
100, 19
100, 20
100, 21
100, 22
100, 23
100, 24
100, 25
100, 26
100, 27
100, 28
100, 29
100, 30
100, 31
100, 32
100, 33
100, 34
100, 35
100, 36
100, 37
100, 38
100, 39
100, 40
100, 41
100, 42
100, 59
100, 60
100, 61
100, 62
100, 63
100, 64
100, 65
100, 66
100, 67
100, 68
100, 69
100, 70
100, 71
100, 72
100, 73
100, 74
100, 75
100, 76
100, 77
100, 78
100, 79
100, 80
100, 81
100, 82
100, 83
100, 84
100, 85
100, 86
100, 87
100, 88
100, 89
100, 90
100, 91
100, 92
101, 8
101, 9
101, 10
101, 11
101, 12
101, 13
101, 14
101, 15
101, 16
101, 17
101, 18
101, 19
101, 20
101, 21
101, 22
101, 23
101, 24
101, 25
101, 26
101, 27
101, 28
101, 29
101, 30
101, 31
101, 32
101, 33
101, 34
101, 35
101, 36
101, 37
101, 38
101, 39
101, 40
101, 41
101, 42
101, 59
101, 60
101, 61
101, 62
101, 63
101, 64
101, 65
101, 66
101, 67
101, 68
101, 69
101, 70
101, 71
101, 72
101, 73
101, 74
101, 75
101, 76
101, 77
101, 78
101, 79
101, 80
101, 81
101, 82
101, 83
101, 84
101, 85
101, 86
101, 87
101, 88
101, 89
101, 90
101, 91
101, 92
102, 8
102, 9
102, 10
102, 11
102, 12
102, 13
102, 14
102, 15
102, 16
102, 17
102, 18
102, 19
102, 20
102, 21
102, 22
102, 23
102, 24
102, 25
102, 26
102, 27
102, 28
102, 29
102, 30
102, 31
102, 32
102, 33
102, 34
102, 35
102, 36
102, 37
102, 38
102, 39
102, 40
102, 41
102, 42
102, 59
102, 60
102, 61
102, 62
102, 63
102, 64
102, 65
102, 66
102, 67
102, 68
102, 69
102, 70
102, 71
102, 72
102, 73
102, 74
102, 75
102, 76
102, 77
102, 78
102, 79
102, 80
102, 81
102, 82
102, 83
102, 84
102, 85
102, 86
102, 87
102, 88
102, 89
102, 90
102, 91
102, 92
103, 8
103, 9
103, 10
103, 11
103, 12
103, 13
103, 14
103, 15
103, 16
103, 17
103, 18
103, 19
103, 20
103, 21
103, 22
103, 23
103, 24
103, 25
103, 26
103, 27
103, 28
103, 29
103, 30
103, 31
103, 32
103, 33
103, 34
103, 35
103, 36
103, 37
103, 38
103, 39
103, 40
103, 41
103, 42
103, 59
103, 60
103, 61
103, 62
103, 63
103, 64
103, 65
103, 66
103, 67
103, 68
103, 69
103, 70
103, 71
103, 72
103, 73
103, 74
103, 75
103, 76
103, 77
103, 78
103, 79
103, 80
103, 81
103, 82
103, 83
103, 84
103, 85
103, 86
103, 87
103, 88
103, 89
103, 90
103, 91
103, 92
104, 8
104, 9
104, 10
104, 11
104, 12
104, 13
104, 14
104, 15
104, 16
104, 17
104, 18
104, 19
104, 20
104, 21
104, 22
104, 23
104, 24
104, 25
104, 26
104, 27
104, 28
104, 29
104, 30
104, 31
104, 32
104, 33
104, 34
104, 35
104, 36
104, 37
104, 38
104, 39
104, 40
104, 41
104, 42
104, 59
104, 60
104, 61
104, 62
104, 63
104, 64
104, 65
104, 66
104, 67
104, 68
104, 69
104, 70
104, 71
104, 72
104, 73
104, 74
104, 75
104, 76
104, 77
104, 78
104, 79
104, 80
104, 81
104, 82
104, 83
104, 84
104, 85
104, 86
104, 87
104, 88
104, 89
104, 90
104, 91
104, 92
105, 8
105, 9
105, 10
105, 11
105, 12
105, 13
105, 14
105, 15
105, 16
105, 17
105, 18
105, 19
105, 20
105, 21
105, 22
105, 23
105, 24
105, 25
105, 26
105, 27
105, 28
105, 29
105, 30
105, 31
105, 32
105, 33
105, 34
105, 35
105, 36
105, 37
105, 38
105, 39
105, 40
105, 41
105, 42
105, 59
105, 60
105, 61
105, 62
105, 63
105, 64
105, 65
105, 66
105, 67
105, 68
105, 69
105, 70
105, 71
105, 72
105, 73
105, 74
105, 75
105, 76
105, 77
105, 78
105, 79
105, 80
105, 81
105, 82
105, 83
105, 84
105, 85
105, 86
105, 87
105, 88
105, 89
105, 90
105, 91
105, 92
106, 8
106, 9
106, 10
106, 11
106, 12
106, 13
106, 14
106, 15
106, 16
106, 17
106, 18
106, 19
106, 20
106, 21
106, 22
106, 23
106, 24
106, 25
106, 26
106, 27
106, 28
106, 29
106, 30
106, 31
106, 32
106, 33
106, 34
106, 35
106, 36
106, 37
106, 38
106, 39
106, 40
106, 41
106, 42
106, 59
106, 60
106, 61
106, 62
106, 63
106, 64
106, 65
106, 66
106, 67
106, 68
106, 69
106, 70
106, 71
106, 72
106, 73
106, 74
106, 75
106, 76
106, 77
106, 78
106, 79
106, 80
106, 81
106, 82
106, 83
106, 84
106, 85
106, 86
106, 87
106, 88
106, 89
106, 90
106, 91
106, 92
107, 8
107, 9
107, 10
107, 11
107, 12
107, 13
107, 14
107, 15
107, 16
107, 17
107, 18
107, 19
107, 20
107, 21
107, 22
107, 23
107, 24
107, 25
107, 26
107, 27
107, 28
107, 29
107, 30
107, 31
107, 32
107, 33
107, 34
107, 35
107, 36
107, 37
107, 38
107, 39
107, 40
107, 41
107, 42
107, 59
107, 60
107, 61
107, 62
107, 63
107, 64
107, 65
107, 66
107, 67
107, 68
107, 69
107, 70
107, 71
107, 72
107, 73
107, 74
107, 75
107, 76
107, 77
107, 78
107, 79
107, 80
107, 81
107, 82
107, 83
107, 84
107, 85
107, 86
107, 87
107, 88
107, 89
107, 90
107, 91
107, 92
108, 8
108, 9
108, 10
108, 11
108, 12
108, 13
108, 14
108, 15
108, 16
108, 17
108, 18
108, 19
108, 20
108, 21
108, 22
108, 23
108, 24
108, 25
108, 26
108, 27
108, 28
108, 29
108, 30
108, 31
108, 32
108, 33
108, 34
108, 35
108, 36
108, 37
108, 38
108, 39
108, 40
108, 41
108, 42
108, 59
108, 60
108, 61
108, 62
108, 63
108, 64
108, 65
108, 66
108, 67
108, 68
108, 69
108, 70
108, 71
108, 72
108, 73
108, 74
108, 75
108, 76
108, 77
108, 78
108, 79
108, 80
108, 81
108, 82
108, 83
108, 84
108, 85
108, 86
108, 87
108, 88
108, 89
108, 90
108, 91
108, 92
109, 8
109, 9
109, 10
109, 11
109, 12
109, 13
109, 14
109, 15
109, 16
109, 17
109, 18
109, 19
109, 20
109, 21
109, 22
109, 23
109, 24
109, 25
109, 26
109, 27
109, 28
109, 29
109, 30
109, 31
109, 32
109, 33
109, 34
109, 35
109, 36
109, 37
109, 38
109, 39
109, 40
109, 41
109, 42
109, 59
109, 60
109, 61
109, 62
109, 63
109, 64
109, 65
109, 66
109, 67
109, 68
109, 69
109, 70
109, 71
109, 72
109, 73
109, 74
109, 75
109, 76
109, 77
109, 78
109, 79
109, 80
109, 81
109, 82
109, 83
109, 84
109, 85
109, 86
109, 87
109, 88
109, 89
109, 90
109, 91
109, 92
110, 8
110, 9
110, 10
110, 11
110, 12
110, 13
110, 14
110, 15
110, 16
110, 17
110, 18
110, 19
110, 20
110, 21
110, 22
110, 23
110, 24
110, 25
110, 26
110, 27
110, 28
110, 29
110, 30
110, 31
110, 32
110, 33
110, 34
110, 35
110, 36
110, 37
110, 38
110, 39
110, 40
110, 41
110, 42
110, 59
110, 60
110, 61
110, 62
110, 63
110, 64
110, 65
110, 66
110, 67
110, 68
110, 69
110, 70
110, 71
110, 72
110, 73
110, 74
110, 75
110, 76
110, 77
110, 78
110, 79
110, 80
110, 81
110, 82
110, 83
110, 84
110, 85
110, 86
110, 87
110, 88
110, 89
110, 90
110, 91
110, 92
111, 8
111, 9
111, 10
111, 11
111, 12
111, 13
111, 14
111, 15
111, 16
111, 17
111, 18
111, 19
111, 20
111, 21
111, 22
111, 23
111, 24
111, 25
111, 26
111, 27
111, 28
111, 29
111, 30
111, 31
111, 32
111, 33
111, 34
111, 35
111, 36
111, 37
111, 38
111, 39
111, 40
111, 41
111, 42
111, 60
111, 61
111, 62
111, 63
111, 64
111, 65
111, 66
111, 67
111, 68
111, 69
111, 70
111, 71
111, 72
111, 73
111, 74
111, 75
111, 76
111, 77
111, 78
111, 79
111, 80
111, 81
111, 82
111, 83
111, 84
111, 85
111, 86
111, 87
111, 88
111, 89
111, 90
111, 91
111, 92
112, 8
112, 9
112, 10
112, 11
112, 12
112, 13
112, 14
112, 15
112, 16
112, 17
112, 18
112, 19
112, 20
112, 21
112, 22
112, 23
112, 24
112, 25
112, 26
112, 27
112, 28
112, 29
112, 30
112, 31
112, 32
112, 33
112, 34
112, 35
112, 36
112, 37
112, 38
112, 39
112, 40
112, 41
112, 42
112, 60
112, 61
112, 62
112, 63
112, 64
112, 65
112, 66
112, 67
112, 68
112, 69
112, 70
112, 71
112, 72
112, 73
112, 74
112, 75
112, 76
112, 77
112, 78
112, 79
112, 80
112, 81
112, 82
112, 83
112, 84
112, 85
112, 86
112, 87
112, 88
112, 89
112, 90
112, 91
112, 92
113, 8
113, 9
113, 10
113, 11
113, 12
113, 13
113, 14
113, 15
113, 16
113, 17
113, 18
113, 19
113, 20
113, 21
113, 22
113, 23
113, 24
113, 25
113, 26
113, 27
113, 28
113, 29
113, 30
113, 31
113, 32
113, 33
113, 34
113, 35
113, 36
113, 37
113, 38
113, 39
113, 40
113, 41
113, 42
113, 60
113, 61
113, 62
113, 63
113, 64
113, 65
113, 66
113, 67
113, 68
113, 69
113, 70
113, 71
113, 72
113, 73
113, 74
113, 75
113, 76
113, 77
113, 78
113, 79
113, 80
113, 81
113, 82
113, 83
113, 84
113, 85
113, 86
113, 87
113, 88
113, 89
113, 90
113, 91
113, 92
114, 8
114, 9
114, 10
114, 11
114, 12
114, 13
114, 14
114, 15
114, 16
114, 17
114, 18
114, 19
114, 20
114, 21
114, 22
114, 23
114, 24
114, 25
114, 26
114, 27
114, 28
114, 29
114, 30
114, 31
114, 32
114, 33
114, 34
114, 35
114, 36
114, 37
114, 38
114, 39
114, 40
114, 41
114, 42
114, 60
114, 61
114, 62
114, 63
114, 64
114, 65
114, 66
114, 67
114, 68
114, 69
114, 70
114, 71
114, 72
114, 73
114, 74
114, 75
114, 76
114, 77
114, 78
114, 79
114, 80
114, 81
114, 82
114, 83
114, 84
114, 85
114, 86
114, 87
114, 88
114, 89
114, 90
114, 91
114, 92
115, 8
115, 9
115, 10
115, 11
115, 12
115, 13
115, 14
115, 15
115, 16
115, 17
115, 18
115, 19
115, 20
115, 21
115, 22
115, 23
115, 24
115, 25
115, 26
115, 27
115, 28
115, 29
115, 30
115, 31
115, 32
115, 33
115, 34
115, 35
115, 36
115, 37
115, 38
115, 39
115, 40
115, 41
115, 60
115, 61
115, 62
115, 63
115, 64
115, 65
115, 66
115, 67
115, 68
115, 69
115, 70
115, 71
115, 72
115, 73
115, 74
115, 75
115, 76
115, 77
115, 78
115, 79
115, 80
115, 81
115, 82
115, 83
115, 84
115, 85
115, 86
115, 87
115, 88
115, 89
115, 90
115, 91
115, 92
116, 8
116, 9
116, 10
116, 11
116, 12
116, 13
116, 14
116, 15
116, 16
116, 17
116, 18
116, 19
116, 20
116, 21
116, 22
116, 23
116, 24
116, 25
116, 26
116, 27
116, 28
116, 29
116, 30
116, 31
116, 32
116, 33
116, 34
116, 35
116, 36
116, 37
116, 38
116, 39
116, 40
116, 41
116, 60
116, 61
116, 62
116, 63
116, 64
116, 65
116, 66
116, 67
116, 68
116, 69
116, 70
116, 71
116, 72
116, 73
116, 74
116, 75
116, 76
116, 77
116, 78
116, 79
116, 80
116, 81
116, 82
116, 83
116, 84
116, 85
116, 86
116, 87
116, 88
116, 89
116, 90
116, 91
116, 92
117, 8
117, 9
117, 10
117, 11
117, 12
117, 13
117, 14
117, 15
117, 16
117, 17
117, 18
117, 19
117, 20
117, 21
117, 22
117, 23
117, 24
117, 25
117, 26
117, 27
117, 28
117, 29
117, 30
117, 31
117, 32
117, 33
117, 34
117, 35
117, 36
117, 37
117, 38
117, 39
117, 40
117, 41
117, 60
117, 61
117, 62
117, 63
117, 64
117, 65
117, 66
117, 67
117, 68
117, 69
117, 70
117, 71
117, 72
117, 73
117, 74
117, 75
117, 76
117, 77
117, 78
117, 79
117, 80
117, 81
117, 82
117, 83
117, 84
117, 85
117, 86
117, 87
117, 88
117, 89
117, 90
117, 91
117, 92
118, 8
118, 9
118, 10
118, 11
118, 12
118, 13
118, 14
118, 15
118, 16
118, 17
118, 18
118, 19
118, 20
118, 21
118, 22
118, 23
118, 24
118, 25
118, 26
118, 27
118, 28
118, 29
118, 30
118, 31
118, 32
118, 33
118, 34
118, 35
118, 36
118, 37
118, 38
118, 39
118, 40
118, 41
118, 60
118, 61
118, 62
118, 63
118, 64
118, 65
118, 66
118, 67
118, 68
118, 69
118, 70
118, 71
118, 72
118, 73
118, 74
118, 75
118, 76
118, 77
118, 78
118, 79
118, 80
118, 81
118, 82
118, 83
118, 84
118, 85
118, 86
118, 87
118, 88
118, 89
118, 90
118, 91
119, 8
119, 9
119, 10
119, 11
119, 12
119, 13
119, 14
119, 15
119, 16
119, 17
119, 18
119, 19
119, 20
119, 21
119, 22
119, 23
119, 24
119, 25
119, 26
119, 27
119, 28
119, 29
119, 30
119, 31
119, 32
119, 33
119, 34
119, 35
119, 36
119, 37
119, 38
119, 39
119, 40
119, 41
119, 61
119, 62
119, 63
119, 64
119, 65
119, 66
119, 67
119, 68
119, 69
119, 70
119, 71
119, 72
119, 73
119, 74
119, 75
119, 76
119, 77
119, 78
119, 79
119, 80
119, 81
119, 82
119, 83
119, 84
119, 85
119, 86
119, 87
119, 88
119, 89
119, 90
119, 91
120, 8
120, 9
120, 10
120, 11
120, 12
120, 13
120, 14
120, 15
120, 16
120, 17
120, 18
120, 19
120, 20
120, 21
120, 22
120, 23
120, 24
120, 25
120, 26
120, 27
120, 28
120, 29
120, 30
120, 31
120, 32
120, 33
120, 34
120, 35
120, 36
120, 37
120, 38
120, 39
120, 40
120, 61
120, 62
120, 63
120, 64
120, 65
120, 66
120, 67
120, 68
120, 69
120, 70
120, 71
120, 72
120, 73
120, 74
120, 75
120, 76
120, 77
120, 78
120, 79
120, 80
120, 81
120, 82
120, 83
120, 84
120, 85
120, 86
120, 87
120, 88
120, 89
120, 90
120, 91
121, 8
121, 9
121, 10
121, 11
121, 12
121, 13
121, 14
121, 15
121, 16
121, 17
121, 18
121, 19
121, 20
121, 21
121, 22
121, 23
121, 24
121, 25
121, 26
121, 27
121, 28
121, 29
121, 30
121, 31
121, 32
121, 33
121, 34
121, 35
121, 36
121, 37
121, 38
121, 39
121, 40
121, 61
121, 62
121, 63
121, 64
121, 65
121, 66
121, 67
121, 68
121, 69
121, 70
121, 71
121, 72
121, 73
121, 74
121, 75
121, 76
121, 77
121, 78
121, 79
121, 80
121, 81
121, 82
121, 83
121, 84
121, 85
121, 86
121, 87
121, 88
121, 89
121, 90
121, 91
122, 8
122, 9
122, 10
122, 11
122, 12
122, 13
122, 14
122, 15
122, 16
122, 17
122, 18
122, 19
122, 20
122, 21
122, 22
122, 23
122, 24
122, 25
122, 26
122, 27
122, 28
122, 29
122, 30
122, 31
122, 32
122, 33
122, 34
122, 35
122, 36
122, 37
122, 38
122, 39
122, 40
122, 61
122, 62
122, 63
122, 64
122, 65
122, 66
122, 67
122, 68
122, 69
122, 70
122, 71
122, 72
122, 73
122, 74
122, 75
122, 76
122, 77
122, 78
122, 79
122, 80
122, 81
122, 82
122, 83
122, 84
122, 85
122, 86
122, 87
122, 88
122, 89
122, 90
122, 91
123, 8
123, 9
123, 10
123, 11
123, 12
123, 13
123, 14
123, 15
123, 16
123, 17
123, 18
123, 19
123, 20
123, 21
123, 22
123, 23
123, 24
123, 25
123, 26
123, 27
123, 28
123, 29
123, 30
123, 31
123, 32
123, 33
123, 34
123, 35
123, 36
123, 37
123, 38
123, 39
123, 40
123, 61
123, 62
123, 63
123, 64
123, 65
123, 66
123, 67
123, 68
123, 69
123, 70
123, 71
123, 72
123, 73
123, 74
123, 75
123, 76
123, 77
123, 78
123, 79
123, 80
123, 81
123, 82
123, 83
123, 84
123, 85
123, 86
123, 87
123, 88
123, 89
123, 90
123, 91
124, 8
124, 9
124, 10
124, 11
124, 12
124, 13
124, 14
124, 15
124, 16
124, 17
124, 18
124, 19
124, 20
124, 21
124, 22
124, 23
124, 24
124, 25
124, 26
124, 27
124, 28
124, 29
124, 30
124, 31
124, 32
124, 33
124, 34
124, 35
124, 36
124, 37
124, 38
124, 39
124, 40
124, 61
124, 62
124, 63
124, 64
124, 65
124, 66
124, 67
124, 68
124, 69
124, 70
124, 71
124, 72
124, 73
124, 74
124, 75
124, 76
124, 77
124, 78
124, 79
124, 80
124, 81
124, 82
124, 83
124, 84
124, 85
124, 86
124, 87
124, 88
124, 89
124, 90
124, 91
125, 8
125, 9
125, 10
125, 11
125, 12
125, 13
125, 14
125, 15
125, 16
125, 17
125, 18
125, 19
125, 20
125, 21
125, 22
125, 23
125, 24
125, 25
125, 26
125, 27
125, 28
125, 29
125, 30
125, 31
125, 32
125, 33
125, 34
125, 35
125, 36
125, 37
125, 38
125, 39
125, 40
125, 61
125, 62
125, 63
125, 64
125, 65
125, 66
125, 67
125, 68
125, 69
125, 70
125, 71
125, 72
125, 73
125, 74
125, 75
125, 76
125, 77
125, 78
125, 79
125, 80
125, 81
125, 82
125, 83
125, 84
125, 85
125, 86
125, 87
125, 88
125, 89
125, 90
126, 8
126, 9
126, 10
126, 11
126, 12
126, 13
126, 14
126, 15
126, 16
126, 17
126, 18
126, 19
126, 20
126, 21
126, 22
126, 23
126, 24
126, 25
126, 26
126, 27
126, 28
126, 29
126, 30
126, 31
126, 32
126, 33
126, 34
126, 35
126, 36
126, 37
126, 38
126, 39
126, 40
126, 61
126, 62
126, 63
126, 64
126, 65
126, 66
126, 67
126, 68
126, 69
126, 70
126, 71
126, 72
126, 73
126, 74
126, 75
126, 76
126, 77
126, 78
126, 79
126, 80
126, 81
126, 82
126, 83
126, 84
126, 85
126, 86
126, 87
126, 88
126, 89
126, 90
127, 8
127, 9
127, 10
127, 11
127, 12
127, 13
127, 14
127, 15
127, 16
127, 17
127, 18
127, 19
127, 20
127, 21
127, 22
127, 23
127, 24
127, 25
127, 26
127, 27
127, 28
127, 29
127, 30
127, 31
127, 32
127, 33
127, 34
127, 35
127, 36
127, 37
127, 38
127, 39
127, 61
127, 62
127, 63
127, 64
127, 65
127, 66
127, 67
127, 68
127, 69
127, 70
127, 71
127, 72
127, 73
127, 74
127, 75
127, 76
127, 77
127, 78
127, 79
127, 80
127, 81
127, 82
127, 83
127, 84
127, 85
127, 86
127, 87
127, 88
127, 89
127, 90
128, 8
128, 9
128, 10
128, 11
128, 12
128, 13
128, 14
128, 15
128, 16
128, 17
128, 18
128, 19
128, 20
128, 21
128, 22
128, 23
128, 24
128, 25
128, 26
128, 27
128, 28
128, 29
128, 30
128, 31
128, 32
128, 33
128, 34
128, 35
128, 36
128, 37
128, 38
128, 39
128, 61
128, 62
128, 63
128, 64
128, 65
128, 66
128, 67
128, 68
128, 69
128, 70
128, 71
128, 72
128, 73
128, 74
128, 75
128, 76
128, 77
128, 78
128, 79
128, 80
128, 81
128, 82
128, 83
128, 84
128, 85
128, 86
128, 87
128, 88
128, 89
128, 90
129, 8
129, 9
129, 10
129, 11
129, 12
129, 13
129, 14
129, 15
129, 16
129, 17
129, 18
129, 19
129, 20
129, 21
129, 22
129, 23
129, 24
129, 25
129, 26
129, 27
129, 28
129, 29
129, 30
129, 31
129, 32
129, 33
129, 34
129, 35
129, 36
129, 37
129, 38
129, 39
129, 62
129, 63
129, 64
129, 65
129, 66
129, 67
129, 68
129, 69
129, 70
129, 71
129, 72
129, 73
129, 74
129, 75
129, 76
129, 77
129, 78
129, 79
129, 80
129, 81
129, 82
129, 83
129, 84
129, 85
129, 86
129, 87
129, 88
129, 89
129, 90
130, 8
130, 9
130, 10
130, 11
130, 12
130, 13
130, 14
130, 15
130, 16
130, 17
130, 18
130, 19
130, 20
130, 21
130, 22
130, 23
130, 24
130, 25
130, 26
130, 27
130, 28
130, 29
130, 30
130, 31
130, 32
130, 33
130, 34
130, 35
130, 36
130, 37
130, 38
130, 62
130, 63
130, 64
130, 65
130, 66
130, 67
130, 68
130, 69
130, 70
130, 71
130, 72
130, 73
130, 74
130, 75
130, 76
130, 77
130, 78
130, 79
130, 80
130, 81
130, 82
130, 83
130, 84
130, 85
130, 86
130, 87
130, 88
130, 89
130, 90
131, 8
131, 9
131, 10
131, 11
131, 12
131, 13
131, 14
131, 15
131, 16
131, 17
131, 18
131, 19
131, 20
131, 21
131, 22
131, 23
131, 24
131, 25
131, 26
131, 27
131, 28
131, 29
131, 30
131, 31
131, 32
131, 33
131, 34
131, 35
131, 36
131, 37
131, 38
131, 62
131, 63
131, 64
131, 65
131, 66
131, 67
131, 68
131, 69
131, 70
131, 71
131, 72
131, 73
131, 74
131, 75
131, 76
131, 77
131, 78
131, 79
131, 80
131, 81
131, 82
131, 83
131, 84
131, 85
131, 86
131, 87
131, 88
131, 89
131, 90
132, 8
132, 9
132, 10
132, 11
132, 12
132, 13
132, 14
132, 15
132, 16
132, 17
132, 18
132, 19
132, 20
132, 21
132, 22
132, 23
132, 24
132, 25
132, 26
132, 27
132, 28
132, 29
132, 30
132, 31
132, 32
132, 33
132, 34
132, 35
132, 36
132, 37
132, 38
132, 62
132, 63
132, 64
132, 65
132, 66
132, 67
132, 68
132, 69
132, 70
132, 71
132, 72
132, 73
132, 74
132, 75
132, 76
132, 77
132, 78
132, 79
132, 80
132, 81
132, 82
132, 83
132, 84
132, 85
132, 86
132, 87
132, 88
132, 89
132, 90
133, 8
133, 9
133, 10
133, 11
133, 12
133, 13
133, 14
133, 15
133, 16
133, 17
133, 18
133, 19
133, 20
133, 21
133, 22
133, 23
133, 24
133, 25
133, 26
133, 27
133, 28
133, 29
133, 30
133, 31
133, 32
133, 33
133, 34
133, 35
133, 36
133, 37
133, 38
133, 62
133, 63
133, 64
133, 65
133, 66
133, 67
133, 68
133, 69
133, 70
133, 71
133, 72
133, 73
133, 74
133, 75
133, 76
133, 77
133, 78
133, 79
133, 80
133, 81
133, 82
133, 83
133, 84
133, 85
133, 86
133, 87
133, 88
133, 89
133, 90
134, 8
134, 9
134, 10
134, 11
134, 12
134, 13
134, 14
134, 15
134, 16
134, 17
134, 18
134, 19
134, 20
134, 21
134, 22
134, 23
134, 24
134, 25
134, 26
134, 27
134, 28
134, 29
134, 30
134, 31
134, 32
134, 33
134, 34
134, 35
134, 36
134, 37
134, 38
134, 62
134, 63
134, 64
134, 65
134, 66
134, 67
134, 68
134, 69
134, 70
134, 71
134, 72
134, 73
134, 74
134, 75
134, 76
134, 77
134, 78
134, 79
134, 80
134, 81
134, 82
134, 83
134, 84
134, 85
134, 86
134, 87
134, 88
134, 89
134, 90
135, 8
135, 9
135, 10
135, 11
135, 12
135, 13
135, 14
135, 15
135, 16
135, 17
135, 18
135, 19
135, 20
135, 21
135, 22
135, 23
135, 24
135, 25
135, 26
135, 27
135, 28
135, 29
135, 30
135, 31
135, 32
135, 33
135, 34
135, 35
135, 36
135, 37
135, 38
135, 62
135, 63
135, 64
135, 65
135, 66
135, 67
135, 68
135, 69
135, 70
135, 71
135, 72
135, 73
135, 74
135, 75
135, 76
135, 77
135, 78
135, 79
135, 80
135, 81
135, 82
135, 83
135, 84
135, 85
135, 86
135, 87
135, 88
135, 89
135, 90
136, 8
136, 9
136, 10
136, 11
136, 12
136, 13
136, 14
136, 15
136, 16
136, 17
136, 18
136, 19
136, 20
136, 21
136, 22
136, 23
136, 24
136, 25
136, 26
136, 27
136, 28
136, 29
136, 30
136, 31
136, 32
136, 33
136, 34
136, 35
136, 36
136, 37
136, 62
136, 63
136, 64
136, 65
136, 66
136, 67
136, 68
136, 69
136, 70
136, 71
136, 72
136, 73
136, 74
136, 75
136, 76
136, 77
136, 78
136, 79
136, 80
136, 81
136, 82
136, 83
136, 84
136, 85
136, 86
136, 87
136, 88
136, 89
136, 90
137, 8
137, 9
137, 10
137, 11
137, 12
137, 13
137, 14
137, 15
137, 16
137, 17
137, 18
137, 19
137, 20
137, 21
137, 22
137, 23
137, 24
137, 25
137, 26
137, 27
137, 28
137, 29
137, 30
137, 31
137, 32
137, 33
137, 34
137, 35
137, 36
137, 37
137, 62
137, 63
137, 64
137, 65
137, 66
137, 67
137, 68
137, 69
137, 70
137, 71
137, 72
137, 73
137, 74
137, 75
137, 76
137, 77
137, 78
137, 79
137, 80
137, 81
137, 82
137, 83
137, 84
137, 85
137, 86
137, 87
137, 88
137, 89
137, 90
138, 8
138, 9
138, 10
138, 11
138, 12
138, 13
138, 14
138, 15
138, 16
138, 17
138, 18
138, 19
138, 20
138, 21
138, 22
138, 23
138, 24
138, 25
138, 26
138, 27
138, 28
138, 29
138, 30
138, 31
138, 32
138, 33
138, 34
138, 35
138, 63
138, 64
138, 65
138, 66
138, 67
138, 68
138, 69
138, 70
138, 71
138, 72
138, 73
138, 74
138, 75
138, 76
138, 77
138, 78
138, 79
138, 80
138, 81
138, 82
138, 83
138, 84
138, 85
138, 86
138, 87
138, 88
138, 89
138, 90
139, 8
139, 9
139, 10
139, 11
139, 12
139, 13
139, 14
139, 15
139, 16
139, 17
139, 18
139, 19
139, 20
139, 21
139, 22
139, 23
139, 24
139, 25
139, 26
139, 27
139, 28
139, 29
139, 30
139, 31
139, 32
139, 33
139, 34
139, 63
139, 64
139, 65
139, 66
139, 67
139, 68
139, 69
139, 70
139, 71
139, 72
139, 73
139, 74
139, 75
139, 76
139, 77
139, 78
139, 79
139, 80
139, 81
139, 82
139, 83
139, 84
139, 85
139, 86
139, 87
139, 88
139, 89
140, 8
140, 9
140, 10
140, 11
140, 12
140, 13
140, 14
140, 15
140, 16
140, 17
140, 18
140, 19
140, 20
140, 21
140, 22
140, 23
140, 24
140, 25
140, 26
140, 27
140, 28
140, 29
140, 30
140, 31
140, 32
140, 33
140, 63
140, 64
140, 65
140, 66
140, 67
140, 68
140, 69
140, 70
140, 71
140, 72
140, 73
140, 74
140, 75
140, 76
140, 77
140, 78
140, 79
140, 80
140, 81
140, 82
140, 83
140, 84
140, 85
140, 86
140, 87
140, 88
140, 89
141, 8
141, 9
141, 10
141, 11
141, 12
141, 13
141, 14
141, 15
141, 16
141, 17
141, 18
141, 19
141, 20
141, 21
141, 22
141, 23
141, 24
141, 25
141, 26
141, 27
141, 28
141, 29
141, 30
141, 31
141, 32
141, 33
141, 64
141, 65
141, 66
141, 67
141, 68
141, 69
141, 70
141, 71
141, 72
141, 73
141, 74
141, 75
141, 76
141, 77
141, 78
141, 79
141, 80
141, 81
141, 82
141, 83
141, 84
141, 85
141, 86
141, 87
141, 88
141, 89
142, 8
142, 9
142, 10
142, 11
142, 12
142, 13
142, 14
142, 15
142, 16
142, 17
142, 18
142, 19
142, 20
142, 21
142, 22
142, 23
142, 24
142, 25
142, 26
142, 27
142, 28
142, 29
142, 30
142, 31
142, 32
142, 64
142, 65
142, 66
142, 67
142, 68
142, 69
142, 70
142, 71
142, 72
142, 73
142, 74
142, 75
142, 76
142, 77
142, 78
142, 79
142, 80
142, 81
142, 82
142, 83
142, 84
142, 85
142, 86
142, 87
142, 88
142, 89
143, 8
143, 9
143, 10
143, 11
143, 12
143, 13
143, 14
143, 15
143, 16
143, 17
143, 18
143, 19
143, 20
143, 21
143, 22
143, 23
143, 24
143, 25
143, 26
143, 27
143, 28
143, 29
143, 30
143, 31
143, 32
143, 64
143, 65
143, 66
143, 67
143, 68
143, 69
143, 70
143, 71
143, 72
143, 73
143, 74
143, 75
143, 76
143, 77
143, 78
143, 79
143, 80
143, 81
143, 82
143, 83
143, 84
143, 85
143, 86
143, 87
143, 88
143, 89
144, 8
144, 9
144, 10
144, 11
144, 12
144, 13
144, 14
144, 15
144, 16
144, 17
144, 18
144, 19
144, 20
144, 21
144, 22
144, 23
144, 24
144, 25
144, 26
144, 27
144, 28
144, 29
144, 30
144, 31
144, 32
144, 65
144, 66
144, 67
144, 68
144, 69
144, 70
144, 71
144, 72
144, 73
144, 74
144, 75
144, 76
144, 77
144, 78
144, 79
144, 80
144, 81
144, 82
144, 83
144, 84
144, 85
144, 86
144, 87
144, 88
145, 8
145, 9
145, 10
145, 11
145, 12
145, 13
145, 14
145, 15
145, 16
145, 17
145, 18
145, 19
145, 20
145, 21
145, 22
145, 23
145, 24
145, 25
145, 26
145, 27
145, 28
145, 29
145, 30
145, 31
145, 32
145, 65
145, 66
145, 67
145, 68
145, 69
145, 70
145, 71
145, 72
145, 73
145, 74
145, 75
145, 76
145, 77
145, 78
145, 79
145, 80
145, 81
145, 82
145, 83
145, 84
145, 85
145, 86
145, 87
145, 88
146, 8
146, 9
146, 10
146, 11
146, 12
146, 13
146, 14
146, 15
146, 16
146, 17
146, 18
146, 19
146, 20
146, 21
146, 22
146, 23
146, 24
146, 25
146, 26
146, 27
146, 28
146, 29
146, 30
146, 31
146, 32
146, 65
146, 66
146, 67
146, 68
146, 69
146, 70
146, 71
146, 72
146, 73
146, 74
146, 75
146, 76
146, 77
146, 78
146, 79
146, 80
146, 81
146, 82
146, 83
146, 84
146, 85
146, 86
146, 87
147, 8
147, 9
147, 10
147, 11
147, 12
147, 13
147, 14
147, 15
147, 16
147, 17
147, 18
147, 19
147, 20
147, 21
147, 22
147, 23
147, 24
147, 25
147, 26
147, 27
147, 28
147, 29
147, 30
147, 31
147, 32
147, 65
147, 66
147, 67
147, 68
147, 69
147, 70
147, 71
147, 72
147, 73
147, 74
147, 75
147, 76
147, 77
147, 78
147, 79
147, 80
147, 81
147, 82
147, 83
147, 84
147, 85
147, 86
148, 8
148, 9
148, 10
148, 11
148, 12
148, 13
148, 14
148, 15
148, 16
148, 17
148, 18
148, 19
148, 20
148, 21
148, 22
148, 23
148, 24
148, 25
148, 26
148, 27
148, 28
148, 29
148, 30
148, 31
148, 32
148, 65
148, 66
148, 67
148, 68
148, 69
148, 70
148, 71
148, 72
148, 73
148, 74
148, 75
148, 76
148, 77
148, 78
148, 79
148, 80
148, 81
148, 82
148, 83
148, 84
148, 85
149, 8
149, 9
149, 10
149, 11
149, 12
149, 13
149, 14
149, 15
149, 16
149, 17
149, 18
149, 19
149, 20
149, 21
149, 22
149, 23
149, 24
149, 25
149, 26
149, 27
149, 28
149, 29
149, 30
149, 31
149, 66
149, 67
149, 68
149, 69
149, 70
149, 71
149, 72
149, 73
149, 74
149, 75
149, 76
149, 77
149, 78
149, 79
149, 80
149, 81
149, 82
149, 83
149, 84
150, 8
150, 9
150, 10
150, 11
150, 12
150, 13
150, 14
150, 15
150, 16
150, 17
150, 18
150, 19
150, 20
150, 21
150, 22
150, 23
150, 24
150, 25
150, 26
150, 27
150, 28
150, 29
150, 30
150, 31
150, 66
150, 67
150, 68
150, 69
150, 70
150, 71
150, 72
150, 73
150, 74
150, 75
150, 76
150, 77
150, 78
150, 79
150, 80
150, 81
150, 82
150, 83
150, 84
151, 8
151, 9
151, 10
151, 11
151, 12
151, 13
151, 14
151, 15
151, 16
151, 17
151, 18
151, 19
151, 20
151, 21
151, 22
151, 23
151, 24
151, 25
151, 26
151, 27
151, 28
151, 29
151, 68
151, 69
151, 70
151, 71
151, 72
151, 73
151, 74
151, 75
151, 76
151, 77
151, 78
151, 79
151, 80
151, 81
151, 82
151, 83
152, 8
152, 9
152, 10
152, 11
152, 12
152, 13
152, 14
152, 15
152, 16
152, 17
152, 18
152, 19
152, 20
152, 21
152, 22
152, 23
152, 24
152, 25
152, 26
152, 27
152, 28
152, 69
152, 70
152, 71
152, 72
152, 73
152, 74
152, 75
152, 76
152, 77
152, 78
152, 79
152, 80
152, 81
152, 82
152, 83
153, 8
153, 9
153, 10
153, 11
153, 12
153, 13
153, 14
153, 15
153, 16
153, 17
153, 18
153, 19
153, 20
153, 21
153, 22
153, 23
153, 24
153, 25
153, 26
153, 27
153, 70
153, 71
153, 72
153, 73
153, 74
153, 75
153, 76
153, 77
153, 78
153, 79
153, 80
153, 81
153, 82
153, 83
154, 9
154, 10
154, 11
154, 12
154, 13
154, 14
154, 15
154, 16
154, 17
154, 18
154, 19
154, 20
154, 21
154, 22
154, 23
154, 24
154, 25
154, 26
154, 27
154, 70
154, 71
154, 72
154, 73
154, 74
154, 75
154, 76
154, 77
154, 78
154, 79
154, 80
154, 81
154, 82
155, 9
155, 10
155, 11
155, 12
155, 13
155, 14
155, 15
155, 16
155, 17
155, 18
155, 19
155, 20
155, 21
155, 22
155, 23
155, 24
155, 25
155, 26
155, 27
155, 70
155, 71
155, 72
155, 73
155, 74
155, 75
155, 76
155, 77
155, 78
155, 79
155, 80
155, 81
155, 82
156, 9
156, 10
156, 11
156, 12
156, 13
156, 14
156, 15
156, 16
156, 17
156, 18
156, 19
156, 20
156, 21
156, 22
156, 23
156, 24
156, 25
156, 26
156, 27
156, 70
156, 71
156, 72
156, 73
156, 74
156, 75
156, 76
156, 77
156, 78
156, 79
156, 80
156, 81
157, 9
157, 10
157, 11
157, 12
157, 13
157, 14
157, 15
157, 16
157, 17
157, 18
157, 19
157, 20
157, 21
157, 22
157, 23
157, 24
157, 25
157, 26
157, 27
157, 70
157, 71
157, 72
157, 73
157, 74
157, 75
157, 76
157, 77
157, 78
157, 79
157, 80
157, 81
158, 9
158, 10
158, 11
158, 12
158, 13
158, 14
158, 15
158, 16
158, 17
158, 18
158, 19
158, 20
158, 21
158, 22
158, 23
158, 24
158, 25
158, 26
158, 27
158, 70
158, 71
158, 72
158, 73
158, 74
158, 75
158, 76
158, 77
158, 78
158, 79
158, 80
159, 9
159, 10
159, 11
159, 12
159, 13
159, 14
159, 15
159, 16
159, 17
159, 18
159, 19
159, 20
159, 21
159, 22
159, 23
159, 24
159, 25
159, 26
159, 27
159, 69
159, 70
159, 71
159, 72
159, 73
159, 74
159, 75
159, 76
159, 77
159, 78
159, 79
159, 80
160, 9
160, 10
160, 11
160, 12
160, 13
160, 14
160, 15
160, 16
160, 17
160, 18
160, 19
160, 20
160, 21
160, 22
160, 23
160, 24
160, 25
160, 26
160, 27
160, 69
160, 70
160, 71
160, 72
160, 73
160, 74
160, 75
160, 76
160, 77
160, 78
160, 79
160, 80
161, 9
161, 10
161, 11
161, 12
161, 13
161, 14
161, 15
161, 16
161, 17
161, 18
161, 19
161, 20
161, 21
161, 22
161, 23
161, 24
161, 25
161, 26
161, 27
161, 69
161, 70
161, 71
161, 72
161, 73
161, 74
161, 75
161, 76
161, 77
161, 78
161, 79
161, 80
162, 9
162, 10
162, 11
162, 12
162, 13
162, 14
162, 15
162, 16
162, 17
162, 18
162, 19
162, 20
162, 21
162, 22
162, 23
162, 24
162, 25
162, 26
162, 27
162, 69
162, 70
162, 71
162, 72
162, 73
162, 74
162, 75
162, 76
162, 77
162, 78
162, 79
162, 80
163, 9
163, 10
163, 11
163, 12
163, 13
163, 14
163, 15
163, 16
163, 17
163, 18
163, 19
163, 20
163, 21
163, 22
163, 23
163, 24
163, 25
163, 26
163, 27
163, 68
163, 69
163, 70
163, 71
163, 72
163, 73
163, 74
163, 75
163, 76
163, 77
163, 78
163, 79
163, 80
164, 9
164, 10
164, 11
164, 12
164, 13
164, 14
164, 15
164, 16
164, 17
164, 18
164, 19
164, 20
164, 21
164, 22
164, 23
164, 24
164, 25
164, 26
164, 27
164, 68
164, 69
164, 70
164, 71
164, 72
164, 73
164, 74
164, 75
164, 76
164, 77
164, 78
164, 79
164, 80
165, 9
165, 10
165, 11
165, 12
165, 13
165, 14
165, 15
165, 16
165, 17
165, 18
165, 19
165, 20
165, 21
165, 22
165, 23
165, 24
165, 25
165, 26
165, 27
165, 68
165, 69
165, 70
165, 71
165, 72
165, 73
165, 74
165, 75
165, 76
165, 77
165, 78
165, 79
166, 9
166, 10
166, 11
166, 12
166, 13
166, 14
166, 15
166, 16
166, 17
166, 18
166, 19
166, 20
166, 21
166, 22
166, 23
166, 24
166, 25
166, 26
166, 27
166, 68
166, 69
166, 70
166, 71
166, 72
166, 73
166, 74
166, 75
166, 76
166, 77
166, 78
166, 79
167, 9
167, 10
167, 11
167, 12
167, 13
167, 14
167, 15
167, 16
167, 17
167, 18
167, 19
167, 20
167, 21
167, 22
167, 23
167, 24
167, 25
167, 26
167, 27
167, 68
167, 69
167, 70
167, 71
167, 72
167, 73
167, 74
167, 75
167, 76
167, 77
167, 78
168, 10
168, 11
168, 12
168, 13
168, 14
168, 15
168, 16
168, 17
168, 18
168, 19
168, 20
168, 21
168, 22
168, 23
168, 24
168, 25
168, 26
168, 27
168, 63
168, 64
168, 67
168, 68
168, 69
168, 70
168, 71
168, 72
168, 73
168, 74
168, 75
168, 76
168, 77
168, 78
169, 10
169, 11
169, 12
169, 13
169, 14
169, 15
169, 16
169, 17
169, 18
169, 19
169, 20
169, 21
169, 22
169, 23
169, 24
169, 25
169, 26
169, 27
169, 63
169, 64
169, 65
169, 67
169, 68
169, 69
169, 70
169, 71
169, 72
169, 73
169, 74
169, 75
169, 76
169, 77
169, 78
170, 10
170, 11
170, 12
170, 13
170, 14
170, 15
170, 16
170, 17
170, 18
170, 19
170, 20
170, 21
170, 22
170, 23
170, 24
170, 25
170, 26
170, 27
170, 28
170, 29
170, 62
170, 63
170, 64
170, 65
170, 66
170, 67
170, 68
170, 69
170, 70
170, 71
170, 72
170, 73
170, 74
170, 75
170, 76
170, 77
171, 11
171, 12
171, 13
171, 14
171, 15
171, 16
171, 17
171, 18
171, 19
171, 20
171, 21
171, 22
171, 23
171, 24
171, 25
171, 26
171, 27
171, 28
171, 29
171, 30
171, 31
171, 57
171, 58
171, 59
171, 61
171, 62
171, 63
171, 64
171, 65
171, 66
171, 67
171, 68
171, 69
171, 70
171, 71
171, 72
171, 73
171, 74
171, 75
171, 76
171, 77
172, 11
172, 12
172, 13
172, 14
172, 15
172, 16
172, 17
172, 18
172, 19
172, 20
172, 21
172, 22
172, 23
172, 24
172, 25
172, 26
172, 27
172, 28
172, 29
172, 30
172, 31
172, 32
172, 33
172, 55
172, 56
172, 57
172, 58
172, 59
172, 60
172, 61
172, 62
172, 63
172, 64
172, 65
172, 66
172, 67
172, 68
172, 69
172, 70
172, 71
172, 72
172, 73
172, 74
172, 75
172, 76
172, 77
173, 11
173, 12
173, 13
173, 14
173, 15
173, 16
173, 17
173, 18
173, 19
173, 20
173, 21
173, 22
173, 23
173, 24
173, 25
173, 26
173, 27
173, 28
173, 29
173, 30
173, 31
173, 32
173, 33
173, 34
173, 35
173, 36
173, 48
173, 49
173, 50
173, 51
173, 52
173, 53
173, 54
173, 55
173, 56
173, 57
173, 58
173, 59
173, 60
173, 61
173, 62
173, 63
173, 64
173, 65
173, 66
173, 67
173, 68
173, 69
173, 70
173, 71
173, 72
173, 73
173, 74
173, 75
173, 76
174, 12
174, 13
174, 14
174, 15
174, 16
174, 17
174, 18
174, 19
174, 20
174, 21
174, 22
174, 23
174, 24
174, 25
174, 26
174, 27
174, 28
174, 29
174, 30
174, 31
174, 32
174, 33
174, 34
174, 35
174, 36
174, 37
174, 38
174, 39
174, 40
174, 41
174, 42
174, 43
174, 44
174, 45
174, 46
174, 47
174, 48
174, 49
174, 50
174, 51
174, 52
174, 53
174, 54
174, 55
174, 56
174, 57
174, 58
174, 59
174, 60
174, 61
174, 62
174, 63
174, 64
174, 65
174, 66
174, 67
174, 68
174, 69
174, 70
174, 71
174, 72
174, 73
174, 74
174, 75
174, 76
175, 12
175, 13
175, 14
175, 15
175, 16
175, 17
175, 18
175, 19
175, 20
175, 21
175, 22
175, 23
175, 24
175, 25
175, 26
175, 27
175, 28
175, 29
175, 30
175, 31
175, 32
175, 33
175, 34
175, 35
175, 36
175, 37
175, 39
175, 40
175, 41
175, 42
175, 43
175, 45
175, 46
175, 47
175, 48
175, 49
175, 50
175, 51
175, 52
175, 53
175, 54
175, 55
175, 56
175, 57
175, 58
175, 59
175, 60
175, 61
175, 62
175, 63
175, 64
175, 65
175, 66
175, 67
175, 68
175, 69
175, 70
175, 71
175, 72
175, 73
175, 74
175, 75
176, 12
176, 13
176, 14
176, 15
176, 16
176, 17
176, 18
176, 19
176, 20
176, 21
176, 22
176, 23
176, 24
176, 25
176, 26
176, 27
176, 28
176, 29
176, 30
176, 31
176, 32
176, 33
176, 34
176, 35
176, 47
176, 48
176, 49
176, 51
176, 52
176, 53
176, 54
176, 55
176, 56
176, 57
176, 58
176, 59
176, 60
176, 61
176, 62
176, 63
176, 64
176, 65
176, 66
176, 67
176, 68
176, 69
176, 70
176, 71
176, 72
176, 73
176, 74
177, 13
177, 14
177, 15
177, 16
177, 17
177, 18
177, 19
177, 20
177, 21
177, 22
177, 23
177, 24
177, 25
177, 26
177, 27
177, 28
177, 29
177, 30
177, 31
177, 32
177, 59
177, 60
177, 72
177, 73
178, 14
178, 15
178, 16
178, 17
178, 18
178, 19
178, 20
178, 21
178, 22
178, 23
178, 24
178, 25
178, 26
178, 27
178, 28
178, 29
179, 14
179, 15
179, 16
179, 17
179, 18
179, 19
179, 20
179, 21
179, 22
179, 23
179, 24
179, 25
179, 26
179, 27
179, 28
180, 15
180, 16
180, 17
180, 18
180, 19
180, 20
180, 21
180, 22
180, 23
