49, 117
49, 118
49, 119
49, 120
49, 121
50, 115
50, 116
50, 117
50, 118
50, 119
50, 120
50, 121
50, 122
51, 113
51, 114
51, 115
51, 116
51, 117
51, 118
51, 119
51, 120
51, 121
51, 122
51, 123
51, 124
52, 113
52, 114
52, 115
52, 116
52, 117
52, 118
52, 119
52, 120
52, 121
52, 122
52, 123
52, 124
52, 125
52, 126
52, 127
53, 112
53, 113
53, 114
53, 115
53, 116
53, 117
53, 118
53, 119
53, 120
53, 121
53, 122
53, 123
53, 124
53, 125
53, 126
53, 127
53, 128
53, 129
54, 89
54, 90
54, 91
54, 92
54, 111
54, 112
54, 113
54, 114
54, 115
54, 116
54, 117
54, 118
54, 119
54, 120
54, 121
54, 122
54, 123
54, 124
54, 125
54, 126
54, 127
54, 128
54, 129
54, 130
55, 88
55, 89
55, 90
55, 91
55, 92
55, 93
55, 110
55, 111
55, 112
55, 113
55, 114
55, 115
55, 116
55, 117
55, 118
55, 119
55, 120
55, 121
55, 122
55, 123
55, 124
55, 125
55, 126
55, 127
55, 128
55, 129
55, 130
55, 131
56, 87
56, 88
56, 89
56, 90
56, 91
56, 92
56, 93
56, 94
56, 95
56, 110
56, 111
56, 112
56, 113
56, 114
56, 115
56, 116
56, 117
56, 118
56, 119
56, 120
56, 121
56, 122
56, 123
56, 124
56, 125
56, 126
56, 127
56, 128
56, 129
56, 130
56, 131
56, 132
57, 86
57, 87
57, 88
57, 89
57, 90
57, 91
57, 92
57, 93
57, 94
57, 95
57, 96
57, 109
57, 110
57, 111
57, 112
57, 113
57, 114
57, 115
57, 116
57, 117
57, 118
57, 119
57, 120
57, 121
57, 122
57, 123
57, 124
57, 125
57, 126
57, 127
57, 128
57, 129
57, 130
57, 131
57, 132
58, 84
58, 85
58, 86
58, 87
58, 88
58, 89
58, 90
58, 91
58, 92
58, 93
58, 94
58, 95
58, 96
58, 97
58, 108
58, 109
58, 110
58, 111
58, 112
58, 113
58, 114
58, 115
58, 116
58, 117
58, 118
58, 119
58, 120
58, 121
58, 122
58, 123
58, 124
58, 125
58, 126
58, 127
58, 128
58, 129
58, 130
58, 131
58, 132
58, 133
59, 83
59, 84
59, 85
59, 86
59, 87
59, 88
59, 89
59, 90
59, 91
59, 92
59, 93
59, 94
59, 95
59, 96
59, 97
59, 98
59, 99
59, 107
59, 108
59, 109
59, 110
59, 111
59, 112
59, 113
59, 114
59, 115
59, 116
59, 117
59, 118
59, 119
59, 120
59, 121
59, 122
59, 123
59, 124
59, 125
59, 126
59, 127
59, 128
59, 129
59, 130
59, 131
59, 132
59, 133
59, 134
60, 82
60, 83
60, 84
60, 85
60, 86
60, 87
60, 88
60, 89
60, 90
60, 91
60, 92
60, 93
60, 94
60, 95
60, 96
60, 97
60, 98
60, 99
60, 100
60, 101
60, 102
60, 105
60, 106
60, 107
60, 108
60, 109
60, 110
60, 111
60, 112
60, 113
60, 114
60, 115
60, 116
60, 117
60, 118
60, 119
60, 120
60, 121
60, 122
60, 123
60, 124
60, 125
60, 126
60, 127
60, 128
60, 129
60, 130
60, 131
60, 132
60, 133
60, 134
61, 81
61, 82
61, 83
61, 84
61, 85
61, 86
61, 87
61, 88
61, 89
61, 90
61, 91
61, 92
61, 93
61, 94
61, 95
61, 96
61, 97
61, 98
61, 99
61, 100
61, 101
61, 102
61, 103
61, 104
61, 105
61, 106
61, 107
61, 108
61, 109
61, 110
61, 111
61, 112
61, 113
61, 114
61, 115
61, 116
61, 117
61, 118
61, 119
61, 120
61, 121
61, 122
61, 123
61, 124
61, 125
61, 126
61, 127
61, 128
61, 129
61, 130
61, 131
61, 132
61, 133
61, 134
62, 80
62, 81
62, 82
62, 83
62, 84
62, 85
62, 86
62, 87
62, 88
62, 89
62, 90
62, 91
62, 92
62, 93
62, 94
62, 95
62, 96
62, 97
62, 98
62, 99
62, 100
62, 101
62, 102
62, 103
62, 104
62, 105
62, 106
62, 107
62, 108
62, 109
62, 110
62, 111
62, 112
62, 113
62, 114
62, 115
62, 116
62, 117
62, 118
62, 119
62, 120
62, 121
62, 122
62, 123
62, 124
62, 125
62, 126
62, 127
62, 128
62, 129
62, 130
62, 131
62, 132
62, 133
62, 134
63, 79
63, 80
63, 81
63, 82
63, 83
63, 84
63, 85
63, 86
63, 87
63, 88
63, 89
63, 90
63, 91
63, 92
63, 93
63, 94
63, 95
63, 96
63, 97
63, 98
63, 99
63, 100
63, 101
63, 102
63, 103
63, 104
63, 105
63, 106
63, 107
63, 108
63, 109
63, 110
63, 111
63, 112
63, 113
63, 114
63, 115
63, 116
63, 117
63, 118
63, 119
63, 120
63, 121
63, 122
63, 123
63, 124
63, 125
63, 126
63, 127
63, 128
63, 129
63, 130
63, 131
63, 132
63, 133
63, 134
64, 78
64, 79
64, 80
64, 81
64, 82
64, 83
64, 84
64, 85
64, 86
64, 87
64, 88
64, 89
64, 90
64, 91
64, 92
64, 93
64, 94
64, 95
64, 96
64, 97
64, 98
64, 99
64, 100
64, 101
64, 102
64, 103
64, 104
64, 105
64, 106
64, 107
64, 108
64, 109
64, 110
64, 111
64, 112
64, 113
64, 114
64, 115
64, 116
64, 117
64, 118
64, 119
64, 120
64, 121
64, 122
64, 123
64, 124
64, 125
64, 126
64, 127
64, 128
64, 129
64, 130
64, 131
64, 132
64, 133
64, 134
65, 77
65, 78
65, 79
65, 80
65, 81
65, 82
65, 83
65, 84
65, 85
65, 86
65, 87
65, 88
65, 89
65, 90
65, 91
65, 92
65, 93
65, 94
65, 95
65, 96
65, 97
65, 98
65, 99
65, 100
65, 101
65, 102
65, 103
65, 104
65, 105
65, 106
65, 107
65, 108
65, 109
65, 110
65, 111
65, 112
65, 113
65, 114
65, 115
65, 116
65, 117
65, 118
65, 119
65, 120
65, 121
65, 122
65, 123
65, 124
65, 125
65, 126
65, 127
65, 128
65, 129
65, 130
65, 131
65, 132
65, 133
65, 134
66, 76
66, 77
66, 78
66, 79
66, 80
66, 81
66, 82
66, 83
66, 84
66, 85
66, 86
66, 87
66, 88
66, 89
66, 90
66, 91
66, 92
66, 93
66, 94
66, 95
66, 96
66, 97
66, 98
66, 99
66, 100
66, 101
66, 102
66, 103
66, 104
66, 105
66, 106
66, 107
66, 108
66, 109
66, 110
66, 111
66, 112
66, 113
66, 114
66, 115
66, 116
66, 117
66, 118
66, 119
66, 120
66, 121
66, 122
66, 123
66, 124
66, 125
66, 126
66, 127
66, 128
66, 129
66, 130
66, 131
66, 132
66, 133
66, 134
66, 135
67, 75
67, 76
67, 77
67, 78
67, 79
67, 80
67, 81
67, 82
67, 83
67, 84
67, 85
67, 86
67, 87
67, 88
67, 89
67, 90
67, 91
67, 92
67, 93
67, 94
67, 95
67, 96
67, 97
67, 98
67, 99
67, 100
67, 101
67, 102
67, 103
67, 104
67, 105
67, 106
67, 107
67, 108
67, 109
67, 110
67, 111
67, 112
67, 113
67, 114
67, 115
67, 116
67, 117
67, 118
67, 119
67, 120
67, 121
67, 122
67, 123
67, 124
67, 125
67, 126
67, 127
67, 128
67, 129
67, 130
67, 131
67, 132
67, 133
67, 134
67, 135
68, 74
68, 75
68, 76
68, 77
68, 78
68, 79
68, 80
68, 81
68, 82
68, 83
68, 84
68, 85
68, 86
68, 87
68, 88
68, 89
68, 90
68, 91
68, 92
68, 93
68, 94
68, 95
68, 96
68, 97
68, 98
68, 99
68, 100
68, 101
68, 102
68, 103
68, 104
68, 105
68, 106
68, 107
68, 108
68, 109
68, 110
68, 111
68, 112
68, 113
68, 114
68, 115
68, 116
68, 117
68, 118
68, 119
68, 120
68, 121
68, 122
68, 123
68, 124
68, 125
68, 126
68, 127
68, 128
68, 129
68, 130
68, 131
68, 132
68, 133
68, 134
68, 135
69, 73
69, 74
69, 75
69, 76
69, 77
69, 78
69, 79
69, 80
69, 81
69, 82
69, 83
69, 84
69, 85
69, 86
69, 87
69, 88
69, 89
69, 90
69, 91
69, 92
69, 93
69, 94
69, 95
69, 96
69, 97
69, 98
69, 99
69, 100
69, 101
69, 102
69, 103
69, 104
69, 105
69, 106
69, 107
69, 108
69, 109
69, 110
69, 111
69, 112
69, 113
69, 114
69, 115
69, 116
69, 117
69, 118
69, 119
69, 120
69, 121
69, 122
69, 123
69, 124
69, 125
69, 126
69, 127
69, 128
69, 129
69, 130
69, 131
69, 132
69, 133
69, 134
69, 135
69, 136
70, 73
70, 74
70, 75
70, 76
70, 77
70, 78
70, 79
70, 80
70, 81
70, 82
70, 83
70, 84
70, 85
70, 86
70, 87
70, 88
70, 89
70, 90
70, 91
70, 92
70, 93
70, 94
70, 95
70, 96
70, 97
70, 98
70, 99
70, 100
70, 101
70, 102
70, 103
70, 104
70, 105
70, 106
70, 107
70, 108
70, 109
70, 110
70, 111
70, 112
70, 113
70, 114
70, 115
70, 116
70, 117
70, 118
70, 119
70, 120
70, 121
70, 122
70, 123
70, 124
70, 125
70, 126
70, 127
70, 128
70, 129
70, 130
70, 131
70, 132
70, 133
70, 134
70, 135
70, 136
71, 72
71, 73
71, 74
71, 75
71, 76
71, 77
71, 78
71, 79
71, 80
71, 81
71, 82
71, 83
71, 84
71, 85
71, 86
71, 87
71, 88
71, 89
71, 90
71, 91
71, 92
71, 93
71, 94
71, 95
71, 96
71, 97
71, 98
71, 99
71, 100
71, 101
71, 102
71, 103
71, 104
71, 105
71, 106
71, 107
71, 108
71, 109
71, 110
71, 111
71, 112
71, 113
71, 114
71, 115
71, 116
71, 117
71, 118
71, 119
71, 120
71, 121
71, 122
71, 123
71, 124
71, 125
71, 126
71, 127
71, 128
71, 129
71, 130
71, 131
71, 132
71, 133
71, 134
71, 135
71, 136
72, 72
72, 73
72, 74
72, 75
72, 76
72, 77
72, 78
72, 79
72, 80
72, 81
72, 82
72, 83
72, 84
72, 85
72, 86
72, 87
72, 88
72, 89
72, 90
72, 91
72, 92
72, 93
72, 94
72, 95
72, 96
72, 97
72, 98
72, 99
72, 100
72, 101
72, 102
72, 103
72, 104
72, 105
72, 106
72, 107
72, 108
72, 109
72, 110
72, 111
72, 112
72, 113
72, 114
72, 115
72, 116
72, 117
72, 118
72, 119
72, 120
72, 121
72, 122
72, 123
72, 124
72, 125
72, 126
72, 127
72, 128
72, 129
72, 130
72, 131
72, 132
72, 133
72, 134
72, 135
72, 136
73, 71
73, 72
73, 73
73, 74
73, 75
73, 76
73, 77
73, 78
73, 79
73, 80
73, 81
73, 82
73, 83
73, 84
73, 85
73, 86
73, 87
73, 88
73, 89
73, 90
73, 91
73, 92
73, 93
73, 94
73, 95
73, 96
73, 97
73, 98
73, 99
73, 100
73, 101
73, 102
73, 103
73, 104
73, 105
73, 106
73, 107
73, 108
73, 109
73, 110
73, 111
73, 112
73, 113
73, 114
73, 115
73, 116
73, 117
73, 118
73, 119
73, 120
73, 121
73, 122
73, 123
73, 124
73, 125
73, 126
73, 127
73, 128
73, 129
73, 130
73, 131
73, 132
73, 133
73, 134
73, 135
73, 136
73, 137
74, 71
74, 72
74, 73
74, 74
74, 75
74, 76
74, 77
74, 78
74, 79
74, 80
74, 81
74, 82
74, 83
74, 84
74, 85
74, 86
74, 87
74, 88
74, 89
74, 90
74, 91
74, 92
74, 93
74, 94
74, 95
74, 96
74, 97
74, 98
74, 99
74, 100
74, 101
74, 102
74, 103
74, 104
74, 105
74, 106
74, 107
74, 108
74, 109
74, 110
74, 111
74, 112
74, 113
74, 114
74, 115
74, 116
74, 117
74, 118
74, 119
74, 120
74, 121
74, 122
74, 123
74, 124
74, 125
74, 126
74, 127
74, 128
74, 129
74, 130
74, 131
74, 132
74, 133
74, 134
74, 135
74, 136
74, 137
75, 71
75, 72
75, 73
75, 74
75, 75
75, 76
75, 77
75, 78
75, 79
75, 80
75, 81
75, 82
75, 83
75, 84
75, 85
75, 86
75, 87
75, 88
75, 89
75, 90
75, 91
75, 92
75, 93
75, 94
75, 95
75, 96
75, 97
75, 98
75, 99
75, 100
75, 101
75, 102
75, 103
75, 104
75, 105
75, 106
75, 107
75, 108
75, 109
75, 110
75, 111
75, 112
75, 113
75, 114
75, 115
75, 116
75, 117
75, 118
75, 119
75, 120
75, 121
75, 122
75, 123
75, 124
75, 125
75, 126
75, 127
75, 128
75, 129
75, 130
75, 131
75, 132
75, 133
75, 134
75, 135
75, 136
75, 137
76, 70
76, 71
76, 72
76, 73
76, 74
76, 75
76, 76
76, 77
76, 78
76, 79
76, 80
76, 81
76, 82
76, 83
76, 84
76, 85
76, 86
76, 87
76, 88
76, 89
76, 90
76, 91
76, 92
76, 93
76, 94
76, 95
76, 96
76, 97
76, 98
76, 99
76, 100
76, 101
76, 102
76, 103
76, 104
76, 105
76, 106
76, 107
76, 108
76, 109
76, 110
76, 111
76, 112
76, 113
76, 114
76, 115
76, 116
76, 117
76, 118
76, 119
76, 120
76, 121
76, 122
76, 123
76, 124
76, 125
76, 126
76, 127
76, 128
76, 129
76, 130
76, 131
76, 132
76, 133
76, 134
76, 135
76, 136
76, 137
77, 70
77, 71
77, 72
77, 73
77, 74
77, 75
77, 76
77, 77
77, 78
77, 79
77, 80
77, 81
77, 82
77, 83
77, 84
77, 85
77, 86
77, 87
77, 88
77, 89
77, 90
77, 91
77, 92
77, 93
77, 94
77, 95
77, 96
77, 97
77, 98
77, 99
77, 100
77, 101
77, 102
77, 103
77, 104
77, 105
77, 106
77, 107
77, 108
77, 109
77, 110
77, 111
77, 112
77, 113
77, 114
77, 115
77, 116
77, 117
77, 118
77, 119
77, 120
77, 121
77, 122
77, 123
77, 124
77, 125
77, 126
77, 127
77, 128
77, 129
77, 130
77, 131
77, 132
77, 133
77, 134
77, 135
77, 136
77, 137
78, 70
78, 71
78, 72
78, 73
78, 74
78, 75
78, 76
78, 77
78, 78
78, 79
78, 80
78, 81
78, 82
78, 83
78, 84
78, 85
78, 86
78, 87
78, 88
78, 89
78, 90
78, 91
78, 92
78, 93
78, 94
78, 95
78, 96
78, 97
78, 98
78, 99
78, 100
78, 101
78, 102
78, 103
78, 104
78, 105
78, 106
78, 107
78, 108
78, 109
78, 110
78, 111
78, 112
78, 113
78, 114
78, 115
78, 116
78, 117
78, 118
78, 119
78, 120
78, 121
78, 122
78, 123
78, 124
78, 125
78, 126
78, 127
78, 128
78, 129
78, 130
78, 131
78, 132
78, 133
78, 134
78, 135
78, 136
78, 137
78, 138
79, 69
79, 70
79, 71
79, 72
79, 73
79, 74
79, 75
79, 76
79, 77
79, 78
79, 79
79, 80
79, 81
79, 82
79, 83
79, 84
79, 85
79, 86
79, 87
79, 88
79, 89
79, 90
79, 91
79, 92
79, 93
79, 94
79, 95
79, 96
79, 97
79, 98
79, 99
79, 100
79, 101
79, 102
79, 103
79, 104
79, 105
79, 106
79, 107
79, 108
79, 109
79, 110
79, 111
79, 112
79, 113
79, 114
79, 115
79, 116
79, 117
79, 118
79, 119
79, 120
79, 121
79, 122
79, 123
79, 124
79, 125
79, 126
79, 127
79, 128
79, 129
79, 130
79, 131
79, 132
79, 133
79, 134
79, 135
79, 136
79, 137
79, 138
80, 69
80, 70
80, 71
80, 72
80, 73
80, 74
80, 75
80, 76
80, 77
80, 78
80, 79
80, 80
80, 81
80, 82
80, 83
80, 84
80, 85
80, 86
80, 87
80, 88
80, 89
80, 90
80, 91
80, 92
80, 93
80, 94
80, 95
80, 96
80, 97
80, 98
80, 99
80, 100
80, 101
80, 102
80, 103
80, 104
80, 105
80, 106
80, 107
80, 108
80, 109
80, 110
80, 111
80, 112
80, 113
80, 114
80, 115
80, 116
80, 117
80, 118
80, 119
80, 120
80, 121
80, 122
80, 123
80, 124
80, 125
80, 126
80, 127
80, 128
80, 129
80, 130
80, 131
80, 132
80, 133
80, 134
80, 135
80, 136
80, 137
80, 138
81, 69
81, 70
81, 71
81, 72
81, 73
81, 74
81, 75
81, 76
81, 77
81, 78
81, 79
81, 80
81, 81
81, 82
81, 83
81, 84
81, 85
81, 86
81, 87
81, 88
81, 89
81, 90
81, 91
81, 92
81, 93
81, 94
81, 95
81, 96
81, 97
81, 98
81, 99
81, 100
81, 101
81, 102
81, 103
81, 104
81, 105
81, 106
81, 107
81, 108
81, 109
81, 110
81, 111
81, 112
81, 113
81, 114
81, 115
81, 116
81, 117
81, 118
81, 119
81, 120
81, 121
81, 122
81, 123
81, 124
81, 125
81, 126
81, 127
81, 128
81, 129
81, 130
81, 131
81, 132
81, 133
81, 134
81, 135
81, 136
81, 137
81, 138
82, 68
82, 69
82, 70
82, 71
82, 72
82, 73
82, 74
82, 75
82, 76
82, 77
82, 78
82, 79
82, 80
82, 81
82, 82
82, 83
82, 84
82, 85
82, 86
82, 87
82, 88
82, 89
82, 90
82, 91
82, 92
82, 93
82, 94
82, 95
82, 96
82, 97
82, 98
82, 99
82, 100
82, 101
82, 102
82, 103
82, 104
82, 105
82, 106
82, 107
82, 108
82, 109
82, 110
82, 111
82, 112
82, 113
82, 114
82, 115
82, 116
82, 117
82, 118
82, 119
82, 120
82, 121
82, 122
82, 123
82, 124
82, 125
82, 126
82, 127
82, 128
82, 129
82, 130
82, 131
82, 132
82, 133
82, 134
82, 135
82, 136
82, 137
82, 138
83, 68
83, 69
83, 70
83, 71
83, 72
83, 73
83, 74
83, 75
83, 76
83, 77
83, 78
83, 79
83, 80
83, 81
83, 82
83, 83
83, 84
83, 85
83, 86
83, 87
83, 88
83, 89
83, 90
83, 91
83, 92
83, 93
83, 94
83, 95
83, 96
83, 97
83, 98
83, 99
83, 100
83, 101
83, 102
83, 103
83, 104
83, 105
83, 106
83, 107
83, 108
83, 109
83, 110
83, 111
83, 112
83, 113
83, 114
83, 115
83, 116
83, 117
83, 118
83, 119
83, 120
83, 121
83, 122
83, 123
83, 124
83, 125
83, 126
83, 127
83, 128
83, 129
83, 130
83, 131
83, 132
83, 133
83, 134
83, 135
83, 136
83, 137
83, 138
84, 68
84, 69
84, 70
84, 71
84, 72
84, 73
84, 74
84, 75
84, 76
84, 77
84, 78
84, 79
84, 80
84, 81
84, 82
84, 83
84, 84
84, 85
84, 86
84, 87
84, 88
84, 89
84, 90
84, 91
84, 92
84, 93
84, 94
84, 95
84, 96
84, 97
84, 98
84, 99
84, 100
84, 101
84, 102
84, 103
84, 104
84, 105
84, 106
84, 107
84, 108
84, 109
84, 110
84, 111
84, 112
84, 113
84, 114
84, 115
84, 116
84, 117
84, 118
84, 119
84, 120
84, 121
84, 122
84, 123
84, 124
84, 125
84, 126
84, 127
84, 128
84, 129
84, 130
84, 131
84, 132
84, 133
84, 134
84, 135
84, 136
84, 137
84, 138
84, 139
85, 68
85, 69
85, 70
85, 71
85, 72
85, 73
85, 74
85, 75
85, 76
85, 77
85, 78
85, 79
85, 80
85, 81
85, 82
85, 83
85, 84
85, 85
85, 86
85, 87
85, 88
85, 89
85, 90
85, 91
85, 92
85, 93
85, 94
85, 95
85, 96
85, 97
85, 98
85, 99
85, 100
85, 101
85, 102
85, 103
85, 104
85, 105
85, 106
85, 107
85, 108
85, 109
85, 110
85, 111
85, 112
85, 113
85, 114
85, 115
85, 116
85, 117
85, 118
85, 119
85, 120
85, 121
85, 122
85, 123
85, 124
85, 125
85, 126
85, 127
85, 128
85, 129
85, 130
85, 131
85, 132
85, 133
85, 134
85, 135
85, 136
85, 137
85, 138
85, 139
86, 68
86, 69
86, 70
86, 71
86, 72
86, 73
86, 74
86, 75
86, 76
86, 77
86, 78
86, 79
86, 80
86, 81
86, 82
86, 83
86, 84
86, 85
86, 86
86, 87
86, 88
86, 89
86, 90
86, 91
86, 92
86, 93
86, 94
86, 95
86, 96
86, 97
86, 98
86, 99
86, 100
86, 101
86, 102
86, 103
86, 104
86, 105
86, 106
86, 107
86, 108
86, 109
86, 110
86, 111
86, 112
86, 113
86, 114
86, 115
86, 116
86, 117
86, 118
86, 119
86, 120
86, 121
86, 122
86, 123
86, 124
86, 125
86, 126
86, 127
86, 128
86, 129
86, 130
86, 131
86, 132
86, 133
86, 134
86, 135
86, 136
86, 137
86, 138
86, 139
87, 68
87, 69
87, 70
87, 71
87, 72
87, 73
87, 74
87, 75
87, 76
87, 77
87, 78
87, 79
87, 80
87, 81
87, 82
87, 83
87, 84
87, 85
87, 86
87, 87
87, 88
87, 89
87, 90
87, 91
87, 92
87, 93
87, 94
87, 95
87, 96
87, 97
87, 98
87, 99
87, 100
87, 101
87, 102
87, 103
87, 104
87, 105
87, 106
87, 107
87, 108
87, 109
87, 110
87, 111
87, 112
87, 113
87, 114
87, 115
87, 116
87, 117
87, 118
87, 119
87, 120
87, 121
87, 122
87, 123
87, 124
87, 125
87, 126
87, 127
87, 128
87, 129
87, 130
87, 131
87, 132
87, 133
87, 134
87, 135
87, 136
87, 137
87, 138
87, 139
88, 68
88, 69
88, 70
88, 71
88, 72
88, 73
88, 74
88, 75
88, 76
88, 77
88, 78
88, 79
88, 80
88, 81
88, 82
88, 83
88, 84
88, 85
88, 86
88, 87
88, 88
88, 89
88, 90
88, 91
88, 92
88, 93
88, 94
88, 95
88, 96
88, 97
88, 98
88, 99
88, 100
88, 101
88, 102
88, 103
88, 104
88, 105
88, 106
88, 107
88, 108
88, 109
88, 110
88, 111
88, 112
88, 113
88, 114
88, 115
88, 116
88, 117
88, 118
88, 119
88, 120
88, 121
88, 122
88, 123
88, 124
88, 125
88, 126
88, 127
88, 128
88, 129
88, 130
88, 131
88, 132
88, 133
88, 134
88, 135
88, 136
88, 137
88, 138
88, 139
89, 68
89, 69
89, 70
89, 71
89, 72
89, 73
89, 74
89, 75
89, 76
89, 77
89, 78
89, 79
89, 80
89, 81
89, 82
89, 83
89, 84
89, 85
89, 86
89, 87
89, 88
89, 89
89, 90
89, 91
89, 92
89, 93
89, 94
89, 95
89, 96
89, 97
89, 98
89, 99
89, 100
89, 101
89, 102
89, 103
89, 104
89, 105
89, 106
89, 107
89, 108
89, 109
89, 110
89, 111
89, 112
89, 113
89, 114
89, 115
89, 116
89, 117
89, 118
89, 119
89, 120
89, 121
89, 122
89, 123
89, 124
89, 125
89, 126
89, 127
89, 128
89, 129
89, 130
89, 131
89, 132
89, 133
89, 134
89, 135
89, 136
89, 137
89, 138
89, 139
89, 140
90, 68
90, 69
90, 70
90, 71
90, 72
90, 73
90, 74
90, 75
90, 76
90, 77
90, 78
90, 79
90, 80
90, 81
90, 82
90, 83
90, 84
90, 85
90, 86
90, 87
90, 88
90, 89
90, 90
90, 91
90, 92
90, 93
90, 94
90, 95
90, 96
90, 97
90, 98
90, 99
90, 100
90, 101
90, 102
90, 103
90, 104
90, 105
90, 106
90, 107
90, 108
90, 109
90, 110
90, 111
90, 112
90, 113
90, 114
90, 115
90, 116
90, 117
90, 118
90, 119
90, 120
90, 121
90, 122
90, 123
90, 124
90, 125
90, 126
90, 127
90, 128
90, 129
90, 130
90, 131
90, 132
90, 133
90, 134
90, 135
90, 136
90, 137
90, 138
90, 139
90, 140
91, 68
91, 69
91, 70
91, 71
91, 72
91, 73
91, 74
91, 75
91, 76
91, 77
91, 78
91, 79
91, 80
91, 81
91, 82
91, 83
91, 84
91, 85
91, 86
91, 87
91, 88
91, 89
91, 90
91, 91
91, 92
91, 93
91, 94
91, 95
91, 96
91, 97
91, 98
91, 99
91, 100
91, 101
91, 102
91, 103
91, 104
91, 105
91, 106
91, 107
91, 108
91, 109
91, 110
91, 111
91, 112
91, 113
91, 114
91, 115
91, 116
91, 117
91, 118
91, 119
91, 120
91, 121
91, 122
91, 123
91, 124
91, 125
91, 126
91, 127
91, 128
91, 129
91, 130
91, 131
91, 132
91, 133
91, 134
91, 135
91, 136
91, 137
91, 138
91, 139
91, 140
92, 68
92, 69
92, 70
92, 71
92, 72
92, 73
92, 74
92, 75
92, 76
92, 77
92, 78
92, 79
92, 80
92, 81
92, 82
92, 83
92, 84
92, 85
92, 86
92, 87
92, 88
92, 89
92, 90
92, 91
92, 92
92, 93
92, 94
92, 95
92, 96
92, 97
92, 98
92, 99
92, 100
92, 101
92, 102
92, 103
92, 104
92, 105
92, 106
92, 107
92, 108
92, 109
92, 110
92, 111
92, 112
92, 113
92, 114
92, 115
92, 116
92, 117
92, 118
92, 119
92, 120
92, 121
92, 122
92, 123
92, 124
92, 125
92, 126
92, 127
92, 128
92, 129
92, 130
92, 131
92, 132
92, 133
92, 134
92, 135
92, 136
92, 137
92, 138
92, 139
92, 140
93, 68
93, 69
93, 70
93, 71
93, 72
93, 73
93, 74
93, 75
93, 76
93, 77
93, 78
93, 79
93, 80
93, 81
93, 82
93, 83
93, 84
93, 85
93, 86
93, 87
93, 88
93, 89
93, 90
93, 91
93, 92
93, 93
93, 94
93, 95
93, 96
93, 97
93, 98
93, 99
93, 100
93, 101
93, 102
93, 103
93, 104
93, 105
93, 106
93, 107
93, 108
93, 109
93, 110
93, 111
93, 112
93, 113
93, 114
93, 115
93, 116
93, 117
93, 118
93, 119
93, 120
93, 121
93, 122
93, 123
93, 124
93, 125
93, 126
93, 127
93, 128
93, 129
93, 130
93, 131
93, 132
93, 133
93, 134
93, 135
93, 136
93, 137
93, 138
93, 139
93, 140
94, 68
94, 69
94, 70
94, 71
94, 72
94, 73
94, 74
94, 75
94, 76
94, 77
94, 78
94, 79
94, 80
94, 81
94, 82
94, 83
94, 84
94, 85
94, 86
94, 87
94, 88
94, 89
94, 90
94, 91
94, 92
94, 93
94, 94
94, 95
94, 96
94, 97
94, 98
94, 99
94, 100
94, 101
94, 102
94, 103
94, 104
94, 105
94, 106
94, 107
94, 108
94, 109
94, 110
94, 111
94, 112
94, 113
94, 114
94, 115
94, 116
94, 117
94, 118
94, 119
94, 120
94, 121
94, 122
94, 123
94, 124
94, 125
94, 126
94, 127
94, 128
94, 129
94, 130
94, 131
94, 132
94, 133
94, 134
94, 135
94, 136
94, 137
94, 138
94, 139
94, 140
95, 68
95, 69
95, 70
95, 71
95, 72
95, 73
95, 74
95, 75
95, 76
95, 77
95, 78
95, 79
95, 80
95, 81
95, 82
95, 83
95, 84
95, 85
95, 86
95, 87
95, 88
95, 89
95, 90
95, 91
95, 92
95, 93
95, 94
95, 95
95, 96
95, 97
95, 98
95, 99
95, 100
95, 101
95, 102
95, 103
95, 104
95, 105
95, 106
95, 107
95, 108
95, 109
95, 110
95, 111
95, 112
95, 113
95, 114
95, 115
95, 116
95, 117
95, 118
95, 119
95, 120
95, 121
95, 122
95, 123
95, 124
95, 125
95, 126
95, 127
95, 128
95, 129
95, 130
95, 131
95, 132
95, 133
95, 134
95, 135
95, 136
95, 137
95, 138
95, 139
95, 140
96, 68
96, 69
96, 70
96, 71
96, 72
96, 73
96, 74
96, 75
96, 76
96, 77
96, 78
96, 79
96, 80
96, 81
96, 82
96, 83
96, 84
96, 85
96, 86
96, 87
96, 88
96, 89
96, 90
96, 91
96, 92
96, 93
96, 94
96, 95
96, 96
96, 97
96, 98
96, 99
96, 100
96, 101
96, 102
96, 103
96, 104
96, 105
96, 106
96, 107
96, 108
96, 109
96, 110
96, 111
96, 112
96, 113
96, 114
96, 115
96, 116
96, 117
96, 118
96, 119
96, 120
96, 121
96, 122
96, 123
96, 124
96, 125
96, 126
96, 127
96, 128
96, 129
96, 130
96, 131
96, 132
96, 133
96, 134
96, 135
96, 136
96, 137
96, 138
96, 139
96, 140
97, 67
97, 68
97, 69
97, 70
97, 71
97, 72
97, 73
97, 74
97, 75
97, 76
97, 77
97, 78
97, 79
97, 80
97, 81
97, 82
97, 83
97, 84
97, 85
97, 86
97, 87
97, 88
97, 89
97, 90
97, 91
97, 92
97, 93
97, 94
97, 95
97, 96
97, 97
97, 98
97, 99
97, 100
97, 101
97, 102
97, 103
97, 104
97, 105
97, 106
97, 107
97, 108
97, 109
97, 110
97, 111
97, 112
97, 113
97, 114
97, 115
97, 116
97, 117
97, 118
97, 119
97, 120
97, 121
97, 122
97, 123
97, 124
97, 125
97, 126
97, 127
97, 128
97, 129
97, 130
97, 131
97, 132
97, 133
97, 134
97, 135
97, 136
97, 137
97, 138
97, 139
97, 140
98, 67
98, 68
98, 69
98, 70
98, 71
98, 72
98, 73
98, 74
98, 75
98, 76
98, 77
98, 78
98, 79
98, 80
98, 81
98, 82
98, 83
98, 84
98, 85
98, 86
98, 87
98, 88
98, 89
98, 90
98, 91
98, 92
98, 93
98, 94
98, 95
98, 96
98, 97
98, 98
98, 99
98, 100
98, 101
98, 102
98, 103
98, 104
98, 105
98, 106
98, 107
98, 108
98, 109
98, 110
98, 111
98, 112
98, 113
98, 114
98, 115
98, 116
98, 117
98, 118
98, 119
98, 120
98, 121
98, 122
98, 123
98, 124
98, 125
98, 126
98, 127
98, 128
98, 129
98, 130
98, 131
98, 132
98, 133
98, 134
98, 135
98, 136
98, 137
98, 138
98, 139
98, 140
98, 141
99, 67
99, 68
99, 69
99, 70
99, 71
99, 72
99, 73
99, 74
99, 75
99, 76
99, 77
99, 78
99, 79
99, 80
99, 81
99, 82
99, 83
99, 84
99, 85
99, 86
99, 87
99, 88
99, 89
99, 90
99, 91
99, 92
99, 93
99, 94
99, 95
99, 96
99, 97
99, 98
99, 99
99, 100
99, 101
99, 102
99, 103
99, 104
99, 105
99, 106
99, 107
99, 108
99, 109
99, 110
99, 111
99, 112
99, 113
99, 114
99, 115
99, 116
99, 117
99, 118
99, 119
99, 120
99, 121
99, 122
99, 123
99, 124
99, 125
99, 126
99, 127
99, 128
99, 129
99, 130
99, 131
99, 132
99, 133
99, 134
99, 135
99, 136
99, 137
99, 138
99, 139
99, 140
99, 141
100, 67
100, 68
100, 69
100, 70
100, 71
100, 72
100, 73
100, 74
100, 75
100, 76
100, 77
100, 78
100, 79
100, 80
100, 81
100, 82
100, 83
100, 84
100, 85
100, 86
100, 87
100, 88
100, 89
100, 90
100, 91
100, 92
100, 93
100, 94
100, 95
100, 96
100, 97
100, 98
100, 99
100, 100
100, 101
100, 102
100, 103
100, 104
100, 105
100, 106
100, 107
100, 108
100, 109
100, 110
100, 111
100, 112
100, 113
100, 114
100, 115
100, 116
100, 117
100, 118
100, 119
100, 120
100, 121
100, 122
100, 123
100, 124
100, 125
100, 126
100, 127
100, 128
100, 129
100, 130
100, 131
100, 132
100, 133
100, 134
100, 135
100, 136
100, 137
100, 138
100, 139
100, 140
100, 141
101, 67
101, 68
101, 69
101, 70
101, 71
101, 72
101, 73
101, 74
101, 75
101, 76
101, 77
101, 78
101, 79
101, 80
101, 81
101, 82
101, 83
101, 84
101, 85
101, 86
101, 87
101, 88
101, 89
101, 90
101, 91
101, 92
101, 93
101, 94
101, 95
101, 96
101, 97
101, 98
101, 99
101, 100
101, 101
101, 102
101, 103
101, 104
101, 105
101, 106
101, 107
101, 108
101, 109
101, 110
101, 111
101, 112
101, 113
101, 114
101, 115
101, 116
101, 117
101, 118
101, 119
101, 120
101, 121
101, 122
101, 123
101, 124
101, 125
101, 126
101, 127
101, 128
101, 129
101, 130
101, 131
101, 132
101, 133
101, 134
101, 135
101, 136
101, 137
101, 138
101, 139
101, 140
101, 141
102, 67
102, 68
102, 69
102, 70
102, 71
102, 72
102, 73
102, 74
102, 75
102, 76
102, 77
102, 78
102, 79
102, 80
102, 81
102, 82
102, 83
102, 84
102, 85
102, 86
102, 87
102, 88
102, 89
102, 90
102, 91
102, 92
102, 93
102, 94
102, 95
102, 96
102, 97
102, 98
102, 99
102, 100
102, 101
102, 102
102, 103
102, 104
102, 105
102, 106
102, 107
102, 108
102, 109
102, 110
102, 111
102, 112
102, 113
102, 114
102, 115
102, 116
102, 117
102, 118
102, 119
102, 120
102, 121
102, 122
102, 123
102, 124
102, 125
102, 126
102, 127
102, 128
102, 129
102, 130
102, 131
102, 132
102, 133
102, 134
102, 135
102, 136
102, 137
102, 138
102, 139
102, 140
102, 141
103, 67
103, 68
103, 69
103, 70
103, 71
103, 72
103, 73
103, 74
103, 75
103, 76
103, 77
103, 78
103, 79
103, 80
103, 81
103, 82
103, 83
103, 84
103, 85
103, 86
103, 87
103, 88
103, 89
103, 90
103, 91
103, 92
103, 93
103, 94
103, 95
103, 96
103, 97
103, 98
103, 99
103, 100
103, 101
103, 102
103, 103
103, 104
103, 105
103, 106
103, 107
103, 108
103, 109
103, 110
103, 111
103, 112
103, 113
103, 114
103, 115
103, 116
103, 117
103, 118
103, 119
103, 120
103, 121
103, 122
103, 123
103, 124
103, 125
103, 126
103, 127
103, 128
103, 129
103, 130
103, 131
103, 132
103, 133
103, 134
103, 135
103, 136
103, 137
103, 138
103, 139
103, 140
103, 141
104, 68
104, 69
104, 70
104, 71
104, 72
104, 73
104, 74
104, 75
104, 76
104, 77
104, 78
104, 79
104, 80
104, 81
104, 82
104, 83
104, 84
104, 85
104, 86
104, 87
104, 88
104, 89
104, 90
104, 91
104, 92
104, 93
104, 94
104, 95
104, 96
104, 97
104, 98
104, 99
104, 100
104, 101
104, 102
104, 103
104, 104
104, 105
104, 106
104, 107
104, 108
104, 109
104, 110
104, 111
104, 112
104, 113
104, 114
104, 115
104, 116
104, 117
104, 118
104, 119
104, 120
104, 121
104, 122
104, 123
104, 124
104, 125
104, 126
104, 127
104, 128
104, 129
104, 130
104, 131
104, 132
104, 133
104, 134
104, 135
104, 136
104, 137
104, 138
104, 139
104, 140
104, 141
105, 68
105, 69
105, 70
105, 71
105, 72
105, 73
105, 74
105, 75
105, 76
105, 77
105, 78
105, 79
105, 80
105, 81
105, 82
105, 83
105, 84
105, 85
105, 86
105, 87
105, 88
105, 89
105, 90
105, 91
105, 92
105, 93
105, 94
105, 95
105, 96
105, 97
105, 98
105, 99
105, 100
105, 101
105, 102
105, 103
105, 104
105, 105
105, 106
105, 107
105, 108
105, 109
105, 110
105, 111
105, 112
105, 113
105, 114
105, 115
105, 116
105, 117
105, 118
105, 119
105, 120
105, 121
105, 122
105, 123
105, 124
105, 125
105, 126
105, 127
105, 128
105, 129
105, 130
105, 131
105, 132
105, 133
105, 134
105, 135
105, 136
105, 137
105, 138
105, 139
105, 140
105, 141
106, 68
106, 69
106, 70
106, 71
106, 72
106, 73
106, 74
106, 75
106, 76
106, 77
106, 78
106, 79
106, 80
106, 81
106, 82
106, 83
106, 84
106, 85
106, 86
106, 87
106, 88
106, 89
106, 90
106, 91
106, 92
106, 93
106, 94
106, 95
106, 96
106, 97
106, 98
106, 99
106, 100
106, 101
106, 102
106, 103
106, 104
106, 105
106, 106
106, 107
106, 108
106, 109
106, 110
106, 111
106, 112
106, 113
106, 114
106, 115
106, 116
106, 117
106, 118
106, 119
106, 120
106, 121
106, 122
106, 123
106, 124
106, 125
106, 126
106, 127
106, 128
106, 129
106, 130
106, 131
106, 132
106, 133
106, 134
106, 135
106, 136
106, 137
106, 138
106, 139
106, 140
106, 141
107, 68
107, 69
107, 70
107, 71
107, 72
107, 73
107, 74
107, 75
107, 76
107, 77
107, 78
107, 79
107, 80
107, 81
107, 82
107, 83
107, 84
107, 85
107, 86
107, 87
107, 88
107, 89
107, 90
107, 91
107, 92
107, 93
107, 94
107, 95
107, 96
107, 97
107, 98
107, 99
107, 100
107, 101
107, 102
107, 103
107, 104
107, 105
107, 106
107, 107
107, 108
107, 109
107, 110
107, 111
107, 112
107, 113
107, 114
107, 115
107, 116
107, 117
107, 118
107, 119
107, 120
107, 121
107, 122
107, 123
107, 124
107, 125
107, 126
107, 127
107, 128
107, 129
107, 130
107, 131
107, 132
107, 133
107, 134
107, 135
107, 136
107, 137
107, 138
107, 139
107, 140
107, 141
108, 68
108, 69
108, 70
108, 71
108, 72
108, 73
108, 74
108, 75
108, 76
108, 77
108, 78
108, 79
108, 80
108, 81
108, 82
108, 83
108, 84
108, 85
108, 86
108, 87
108, 88
108, 89
108, 90
108, 91
108, 92
108, 93
108, 94
108, 95
108, 96
108, 97
108, 98
108, 99
108, 100
108, 101
108, 102
108, 103
108, 104
108, 105
108, 106
108, 107
108, 108
108, 109
108, 110
108, 111
108, 112
108, 113
108, 114
108, 115
108, 116
108, 117
108, 118
108, 119
108, 120
108, 121
108, 122
108, 123
108, 124
108, 125
108, 126
108, 127
108, 128
108, 129
108, 130
108, 131
108, 132
108, 133
108, 134
108, 135
108, 136
108, 137
108, 138
108, 139
108, 140
108, 141
109, 68
109, 69
109, 70
109, 71
109, 72
109, 73
109, 74
109, 75
109, 76
109, 77
109, 78
109, 79
109, 80
109, 81
109, 82
109, 83
109, 84
109, 85
109, 86
109, 87
109, 88
109, 89
109, 90
109, 91
109, 92
109, 93
109, 94
109, 95
109, 96
109, 97
109, 98
109, 99
109, 100
109, 101
109, 102
109, 103
109, 104
109, 105
109, 106
109, 107
109, 108
109, 109
109, 110
109, 111
109, 112
109, 113
109, 114
109, 115
109, 116
109, 117
109, 118
109, 119
109, 120
109, 121
109, 122
109, 123
109, 124
109, 125
109, 126
109, 127
109, 128
109, 129
109, 130
109, 131
109, 132
109, 133
109, 134
109, 135
109, 136
109, 137
109, 138
109, 139
109, 140
109, 141
110, 68
110, 69
110, 70
110, 71
110, 72
110, 73
110, 74
110, 75
110, 76
110, 77
110, 78
110, 79
110, 80
110, 81
110, 82
110, 83
110, 84
110, 85
110, 86
110, 87
110, 88
110, 89
110, 90
110, 91
110, 92
110, 93
110, 94
110, 95
110, 96
110, 97
110, 98
110, 99
110, 100
110, 101
110, 102
110, 103
110, 104
110, 105
110, 106
110, 107
110, 108
110, 109
110, 110
110, 111
110, 112
110, 113
110, 114
110, 115
110, 116
110, 117
110, 118
110, 119
110, 120
110, 121
110, 122
110, 123
110, 124
110, 125
110, 126
110, 127
110, 128
110, 129
110, 130
110, 131
110, 132
110, 133
110, 134
110, 135
110, 136
110, 137
110, 138
110, 139
110, 140
110, 141
111, 68
111, 69
111, 70
111, 71
111, 72
111, 73
111, 74
111, 75
111, 76
111, 77
111, 78
111, 79
111, 80
111, 81
111, 82
111, 83
111, 84
111, 85
111, 86
111, 87
111, 88
111, 89
111, 90
111, 91
111, 92
111, 93
111, 94
111, 95
111, 96
111, 97
111, 98
111, 99
111, 100
111, 101
111, 102
111, 103
111, 104
111, 105
111, 106
111, 107
111, 108
111, 109
111, 110
111, 111
111, 112
111, 113
111, 114
111, 115
111, 116
111, 117
111, 118
111, 119
111, 120
111, 121
111, 122
111, 123
111, 124
111, 125
111, 126
111, 127
111, 128
111, 129
111, 130
111, 131
111, 132
111, 133
111, 134
111, 135
111, 136
111, 137
111, 138
111, 139
111, 140
111, 141
112, 68
112, 69
112, 70
112, 71
112, 72
112, 73
112, 74
112, 75
112, 76
112, 77
112, 78
112, 79
112, 80
112, 81
112, 82
112, 83
112, 84
112, 85
112, 86
112, 87
112, 88
112, 89
112, 90
112, 91
112, 92
112, 93
112, 94
112, 95
112, 96
112, 97
112, 98
112, 99
112, 100
112, 101
112, 102
112, 103
112, 104
112, 105
112, 106
112, 107
112, 108
112, 109
112, 110
112, 111
112, 112
112, 113
112, 114
112, 115
112, 116
112, 117
112, 118
112, 119
112, 120
112, 121
112, 122
112, 123
112, 124
112, 125
112, 126
112, 127
112, 128
112, 129
112, 130
112, 131
112, 132
112, 133
112, 134
112, 135
112, 136
112, 137
112, 138
112, 139
112, 140
112, 141
113, 68
113, 69
113, 70
113, 71
113, 72
113, 73
113, 74
113, 75
113, 76
113, 77
113, 78
113, 79
113, 80
113, 81
113, 82
113, 83
113, 84
113, 85
113, 86
113, 87
113, 88
113, 89
113, 90
113, 91
113, 92
113, 93
113, 94
113, 95
113, 96
113, 97
113, 98
113, 99
113, 100
113, 101
113, 102
113, 103
113, 104
113, 105
113, 106
113, 107
113, 108
113, 109
113, 110
113, 111
113, 112
113, 113
113, 114
113, 115
113, 116
113, 117
113, 118
113, 119
113, 120
113, 121
113, 122
113, 123
113, 124
113, 125
113, 126
113, 127
113, 128
113, 129
113, 130
113, 131
113, 132
113, 133
113, 134
113, 135
113, 136
113, 137
113, 138
113, 139
113, 140
113, 141
114, 69
114, 70
114, 71
114, 72
114, 73
114, 74
114, 75
114, 76
114, 77
114, 78
114, 79
114, 80
114, 81
114, 82
114, 83
114, 84
114, 85
114, 86
114, 87
114, 88
114, 89
114, 90
114, 91
114, 92
114, 93
114, 94
114, 95
114, 96
114, 97
114, 98
114, 99
114, 100
114, 101
114, 102
114, 103
114, 104
114, 105
114, 106
114, 107
114, 108
114, 109
114, 110
114, 111
114, 112
114, 113
114, 114
114, 115
114, 116
114, 117
114, 118
114, 119
114, 120
114, 121
114, 122
114, 123
114, 124
114, 125
114, 126
114, 127
114, 128
114, 129
114, 130
114, 131
114, 132
114, 133
114, 134
114, 135
114, 136
114, 137
114, 138
114, 139
114, 140
114, 141
115, 69
115, 70
115, 71
115, 72
115, 73
115, 74
115, 75
115, 76
115, 77
115, 78
115, 79
115, 80
115, 81
115, 82
115, 83
115, 84
115, 85
115, 86
115, 87
115, 88
115, 89
115, 90
115, 91
115, 92
115, 93
115, 94
115, 95
115, 96
115, 97
115, 98
115, 99
115, 100
115, 101
115, 102
115, 103
115, 104
115, 105
115, 106
115, 107
115, 108
115, 109
115, 110
115, 111
115, 112
115, 113
115, 114
115, 115
115, 116
115, 117
115, 118
115, 119
115, 120
115, 121
115, 122
115, 123
115, 124
115, 125
115, 126
115, 127
115, 128
115, 129
115, 130
115, 131
115, 132
115, 133
115, 134
115, 135
115, 136
115, 137
115, 138
115, 139
115, 140
115, 141
116, 69
116, 70
116, 71
116, 72
116, 73
116, 74
116, 75
116, 76
116, 77
116, 78
116, 79
116, 80
116, 81
116, 82
116, 83
116, 84
116, 85
116, 86
116, 87
116, 88
116, 89
116, 90
116, 91
116, 92
116, 93
116, 94
116, 95
116, 96
116, 97
116, 98
116, 99
116, 100
116, 101
116, 102
116, 103
116, 104
116, 105
116, 106
116, 107
116, 108
116, 109
116, 110
116, 111
116, 112
116, 113
116, 114
116, 115
116, 116
116, 117
116, 118
116, 119
116, 120
116, 121
116, 122
116, 123
116, 124
116, 125
116, 126
116, 127
116, 128
116, 129
116, 130
116, 131
116, 132
116, 133
116, 134
116, 135
116, 136
116, 137
116, 138
116, 139
116, 140
116, 141
117, 69
117, 70
117, 71
117, 72
117, 73
117, 74
117, 75
117, 76
117, 77
117, 78
117, 79
117, 80
117, 81
117, 82
117, 83
117, 84
117, 85
117, 86
117, 87
117, 88
117, 89
117, 90
117, 91
117, 92
117, 93
117, 94
117, 95
117, 96
117, 97
117, 98
117, 99
117, 100
117, 101
117, 102
117, 103
117, 104
117, 105
117, 106
117, 107
117, 108
117, 109
117, 110
117, 111
117, 112
117, 113
117, 114
117, 115
117, 116
117, 117
117, 118
117, 119
117, 120
117, 121
117, 122
117, 123
117, 124
117, 125
117, 126
117, 127
117, 128
117, 129
117, 130
117, 131
117, 132
117, 133
117, 134
117, 135
117, 136
117, 137
117, 138
117, 139
117, 140
117, 141
118, 70
118, 71
118, 72
118, 73
118, 74
118, 75
118, 76
118, 77
118, 78
118, 79
118, 80
118, 81
118, 82
118, 83
118, 84
118, 85
118, 86
118, 87
118, 88
118, 89
118, 90
118, 91
118, 92
118, 93
118, 94
118, 95
118, 96
118, 97
118, 98
118, 99
118, 100
118, 101
118, 102
118, 103
118, 104
118, 105
118, 106
118, 107
118, 108
118, 109
118, 110
118, 111
118, 112
118, 113
118, 114
118, 115
118, 116
118, 117
118, 118
118, 119
118, 120
118, 121
118, 122
118, 123
118, 124
118, 125
118, 126
118, 127
118, 128
118, 129
118, 130
118, 131
118, 132
118, 133
118, 134
118, 135
118, 136
118, 137
118, 138
118, 139
118, 140
118, 141
119, 70
119, 71
119, 72
119, 73
119, 74
119, 75
119, 76
119, 77
119, 78
119, 79
119, 80
119, 81
119, 82
119, 83
119, 84
119, 85
119, 86
119, 87
119, 88
119, 89
119, 90
119, 91
119, 92
119, 93
119, 94
119, 95
119, 96
119, 97
119, 98
119, 99
119, 100
119, 101
119, 102
119, 103
119, 104
119, 105
119, 106
119, 107
119, 108
119, 109
119, 110
119, 111
119, 112
119, 113
119, 114
119, 115
119, 116
119, 117
119, 118
119, 119
119, 120
119, 121
119, 122
119, 123
119, 124
119, 125
119, 126
119, 127
119, 128
119, 129
119, 130
119, 131
119, 132
119, 133
119, 134
119, 135
119, 136
119, 137
119, 138
119, 139
119, 140
119, 141
120, 71
120, 72
120, 73
120, 74
120, 75
120, 76
120, 77
120, 78
120, 79
120, 80
120, 81
120, 82
120, 83
120, 84
120, 85
120, 86
120, 87
120, 88
120, 89
120, 90
120, 91
120, 92
120, 93
120, 94
120, 95
120, 96
120, 97
120, 98
120, 99
120, 100
120, 101
120, 102
120, 103
120, 104
120, 105
120, 106
120, 107
120, 108
120, 109
120, 110
120, 111
120, 112
120, 113
120, 114
120, 115
120, 116
120, 117
120, 118
120, 119
120, 120
120, 121
120, 122
120, 123
120, 124
120, 125
120, 126
120, 127
120, 128
120, 129
120, 130
120, 131
120, 132
120, 133
120, 134
120, 135
120, 136
120, 137
120, 138
120, 139
120, 140
120, 141
121, 71
121, 72
121, 73
121, 74
121, 75
121, 76
121, 77
121, 78
121, 79
121, 80
121, 81
121, 82
121, 83
121, 84
121, 85
121, 86
121, 87
121, 88
121, 89
121, 90
121, 91
121, 92
121, 93
121, 94
121, 95
121, 96
121, 97
121, 98
121, 99
121, 100
121, 101
121, 102
121, 103
121, 104
121, 105
121, 106
121, 107
121, 108
121, 109
121, 110
121, 111
121, 112
121, 113
121, 114
121, 115
121, 116
121, 117
121, 118
121, 119
121, 120
121, 121
121, 122
121, 123
121, 124
121, 125
121, 126
121, 127
121, 128
121, 129
121, 130
121, 131
121, 132
121, 133
121, 134
121, 135
121, 136
121, 137
121, 138
121, 139
121, 140
121, 141
122, 71
122, 72
122, 73
122, 74
122, 75
122, 76
122, 77
122, 78
122, 79
122, 80
122, 81
122, 82
122, 83
122, 84
122, 85
122, 86
122, 87
122, 88
122, 89
122, 90
122, 91
122, 92
122, 93
122, 94
122, 95
122, 96
122, 97
122, 98
122, 99
122, 100
122, 101
122, 102
122, 103
122, 104
122, 105
122, 106
122, 107
122, 108
122, 109
122, 110
122, 111
122, 112
122, 113
122, 114
122, 115
122, 116
122, 117
122, 118
122, 119
122, 120
122, 121
122, 122
122, 123
122, 124
122, 125
122, 126
122, 127
122, 128
122, 129
122, 130
122, 131
122, 132
122, 133
122, 134
122, 135
122, 136
122, 137
122, 138
122, 139
122, 140
122, 141
123, 71
123, 72
123, 73
123, 74
123, 75
123, 76
123, 77
123, 78
123, 79
123, 80
123, 81
123, 82
123, 83
123, 84
123, 85
123, 86
123, 87
123, 88
123, 89
123, 90
123, 91
123, 92
123, 93
123, 94
123, 95
123, 96
123, 97
123, 98
123, 99
123, 100
123, 101
123, 102
123, 103
123, 104
123, 105
123, 106
123, 107
123, 108
123, 109
123, 110
123, 111
123, 112
123, 113
123, 114
123, 115
123, 116
123, 117
123, 118
123, 119
123, 120
123, 121
123, 122
123, 123
123, 124
123, 125
123, 126
123, 127
123, 128
123, 129
123, 130
123, 131
123, 132
123, 133
123, 134
123, 135
123, 136
123, 137
123, 138
123, 139
123, 140
123, 141
124, 71
124, 72
124, 73
124, 74
124, 75
124, 76
124, 77
124, 78
124, 79
124, 80
124, 81
124, 82
124, 83
124, 84
124, 85
124, 86
124, 87
124, 88
124, 89
124, 90
124, 91
124, 92
124, 93
124, 94
124, 95
124, 96
124, 97
124, 98
124, 99
124, 100
124, 101
124, 102
124, 103
124, 104
124, 105
124, 106
124, 107
124, 108
124, 109
124, 110
124, 111
124, 112
124, 113
124, 114
124, 115
124, 116
124, 117
124, 118
124, 119
124, 120
124, 121
124, 122
124, 123
124, 124
124, 125
124, 126
124, 127
124, 128
124, 129
124, 130
124, 131
124, 132
124, 133
124, 134
124, 135
124, 136
124, 137
124, 138
124, 139
124, 140
124, 141
125, 72
125, 73
125, 74
125, 75
125, 76
125, 77
125, 78
125, 79
125, 80
125, 81
125, 82
125, 83
125, 84
125, 85
125, 86
125, 87
125, 88
125, 89
125, 90
125, 91
125, 92
125, 93
125, 94
125, 95
125, 96
125, 97
125, 98
125, 99
125, 100
125, 101
125, 102
125, 103
125, 104
125, 105
125, 106
125, 107
125, 108
125, 109
125, 110
125, 111
125, 112
125, 113
125, 114
125, 115
125, 116
125, 117
125, 118
125, 119
125, 120
125, 121
125, 122
125, 123
125, 124
125, 125
125, 126
125, 127
125, 128
125, 129
125, 130
125, 131
125, 132
125, 133
125, 134
125, 135
125, 136
125, 137
125, 138
125, 139
125, 140
125, 141
126, 72
126, 73
126, 74
126, 75
126, 76
126, 77
126, 78
126, 79
126, 80
126, 81
126, 82
126, 83
126, 84
126, 85
126, 86
126, 87
126, 88
126, 89
126, 90
126, 91
126, 92
126, 93
126, 94
126, 95
126, 96
126, 97
126, 98
126, 99
126, 100
126, 101
126, 102
126, 103
126, 104
126, 105
126, 106
126, 107
126, 108
126, 109
126, 110
126, 111
126, 112
126, 113
126, 114
126, 115
126, 116
126, 117
126, 118
126, 119
126, 120
126, 121
126, 122
126, 123
126, 124
126, 125
126, 126
126, 127
126, 128
126, 129
126, 130
126, 131
126, 132
126, 133
126, 134
126, 135
126, 136
126, 137
126, 138
126, 139
126, 140
126, 141
127, 72
127, 73
127, 74
127, 75
127, 76
127, 77
127, 78
127, 79
127, 80
127, 81
127, 82
127, 83
127, 84
127, 85
127, 86
127, 87
127, 88
127, 89
127, 90
127, 91
127, 92
127, 93
127, 94
127, 95
127, 96
127, 97
127, 98
127, 99
127, 100
127, 101
127, 102
127, 103
127, 104
127, 105
127, 106
127, 107
127, 108
127, 109
127, 110
127, 111
127, 112
127, 113
127, 114
127, 115
127, 116
127, 117
127, 118
127, 119
127, 120
127, 121
127, 122
127, 123
127, 124
127, 125
127, 126
127, 127
127, 128
127, 129
127, 130
127, 131
127, 132
127, 133
127, 134
127, 135
127, 136
127, 137
127, 138
127, 139
127, 140
127, 141
128, 72
128, 73
128, 74
128, 75
128, 76
128, 77
128, 78
128, 79
128, 80
128, 81
128, 82
128, 83
128, 84
128, 85
128, 86
128, 87
128, 88
128, 89
128, 90
128, 91
128, 92
128, 93
128, 94
128, 95
128, 96
128, 97
128, 98
128, 99
128, 100
128, 101
128, 102
128, 103
128, 104
128, 105
128, 106
128, 107
128, 108
128, 109
128, 110
128, 111
128, 112
128, 113
128, 114
128, 115
128, 116
128, 117
128, 118
128, 119
128, 120
128, 121
128, 122
128, 123
128, 124
128, 125
128, 126
128, 127
128, 128
128, 129
128, 130
128, 131
128, 132
128, 133
128, 134
128, 135
128, 136
128, 137
128, 138
128, 139
128, 140
128, 141
129, 72
129, 73
129, 74
129, 75
129, 76
129, 77
129, 78
129, 79
129, 80
129, 81
129, 82
129, 83
129, 84
129, 85
129, 86
129, 87
129, 88
129, 89
129, 90
129, 91
129, 92
129, 93
129, 94
129, 95
129, 96
129, 97
129, 98
129, 99
129, 100
129, 101
129, 102
129, 103
129, 104
129, 105
129, 106
129, 107
129, 108
129, 109
129, 110
129, 111
129, 112
129, 113
129, 114
129, 115
129, 116
129, 117
129, 118
129, 119
129, 120
129, 121
129, 122
129, 123
129, 124
129, 125
129, 126
129, 127
129, 128
129, 129
129, 130
129, 131
129, 132
129, 133
129, 134
129, 135
129, 136
129, 137
129, 138
129, 139
129, 140
129, 141
130, 73
130, 74
130, 75
130, 76
130, 77
130, 78
130, 79
130, 80
130, 81
130, 82
130, 83
130, 84
130, 85
130, 86
130, 87
130, 88
130, 89
130, 90
130, 91
130, 92
130, 93
130, 94
130, 95
130, 96
130, 97
130, 98
130, 99
130, 100
130, 101
130, 102
130, 103
130, 104
130, 105
130, 106
130, 107
130, 108
130, 109
130, 110
130, 111
130, 112
130, 113
130, 114
130, 115
130, 116
130, 117
130, 118
130, 119
130, 120
130, 121
130, 122
130, 123
130, 124
130, 125
130, 126
130, 127
130, 128
130, 129
130, 130
130, 131
130, 132
130, 133
130, 134
130, 135
130, 136
130, 137
130, 138
130, 139
130, 140
130, 141
131, 73
131, 74
131, 75
131, 76
131, 77
131, 78
131, 79
131, 80
131, 81
131, 82
131, 83
131, 84
131, 85
131, 86
131, 87
131, 88
131, 89
131, 90
131, 91
131, 92
131, 93
131, 94
131, 95
131, 96
131, 97
131, 98
131, 99
131, 100
131, 101
131, 102
131, 103
131, 104
131, 105
131, 106
131, 107
131, 108
131, 109
131, 110
131, 111
131, 112
131, 113
131, 114
131, 115
131, 116
131, 117
131, 118
131, 119
131, 120
131, 121
131, 122
131, 123
131, 124
131, 125
131, 126
131, 127
131, 128
131, 129
131, 130
131, 131
131, 132
131, 133
131, 134
131, 135
131, 136
131, 137
131, 138
131, 139
131, 140
131, 141
132, 73
132, 74
132, 75
132, 76
132, 77
132, 78
132, 79
132, 80
132, 81
132, 82
132, 83
132, 84
132, 85
132, 86
132, 87
132, 88
132, 89
132, 90
132, 91
132, 92
132, 93
132, 94
132, 95
132, 96
132, 97
132, 98
132, 99
132, 100
132, 101
132, 102
132, 103
132, 104
132, 105
132, 106
132, 107
132, 108
132, 109
132, 110
132, 111
132, 112
132, 113
132, 114
132, 115
132, 116
132, 117
132, 118
132, 119
132, 120
132, 121
132, 122
132, 123
132, 124
132, 125
132, 126
132, 127
132, 128
132, 129
132, 130
132, 131
132, 132
132, 133
132, 134
132, 135
132, 136
132, 137
132, 138
132, 139
132, 140
132, 141
133, 74
133, 75
133, 76
133, 77
133, 78
133, 79
133, 80
133, 81
133, 82
133, 83
133, 84
133, 85
133, 86
133, 87
133, 88
133, 89
133, 90
133, 91
133, 92
133, 93
133, 94
133, 95
133, 96
133, 97
133, 98
133, 99
133, 100
133, 101
133, 102
133, 103
133, 104
133, 105
133, 106
133, 107
133, 108
133, 109
133, 110
133, 111
133, 112
133, 113
133, 114
133, 115
133, 116
133, 117
133, 118
133, 119
133, 120
133, 121
133, 122
133, 123
133, 124
133, 125
133, 126
133, 127
133, 128
133, 129
133, 130
133, 131
133, 132
133, 133
133, 134
133, 135
133, 136
133, 137
133, 138
133, 139
133, 140
133, 141
134, 74
134, 75
134, 76
134, 77
134, 78
134, 79
134, 80
134, 81
134, 82
134, 83
134, 84
134, 85
134, 86
134, 87
134, 88
134, 89
134, 90
134, 91
134, 92
134, 93
134, 94
134, 95
134, 96
134, 97
134, 98
134, 99
134, 100
134, 101
134, 102
134, 103
134, 104
134, 105
134, 106
134, 107
134, 108
134, 109
134, 110
134, 111
134, 112
134, 113
134, 114
134, 115
134, 116
134, 117
134, 118
134, 119
134, 120
134, 121
134, 122
134, 123
134, 124
134, 125
134, 126
134, 127
134, 128
134, 129
134, 130
134, 131
134, 132
134, 133
134, 134
134, 135
134, 136
134, 137
134, 138
134, 139
134, 140
134, 141
135, 74
135, 75
135, 76
135, 77
135, 78
135, 79
135, 80
135, 81
135, 82
135, 83
135, 84
135, 85
135, 86
135, 87
135, 88
135, 89
135, 90
135, 91
135, 92
135, 93
135, 94
135, 95
135, 96
135, 97
135, 98
135, 99
135, 100
135, 101
135, 102
135, 103
135, 104
135, 105
135, 106
135, 107
135, 108
135, 109
135, 110
135, 111
135, 112
135, 113
135, 114
135, 115
135, 116
135, 117
135, 118
135, 119
135, 120
135, 121
135, 122
135, 123
135, 124
135, 125
135, 126
135, 127
135, 128
135, 129
135, 130
135, 131
135, 132
135, 133
135, 134
135, 135
135, 136
135, 137
135, 138
135, 139
135, 140
135, 141
136, 74
136, 75
136, 76
136, 77
136, 78
136, 79
136, 80
136, 81
136, 82
136, 83
136, 84
136, 85
136, 86
136, 87
136, 88
136, 89
136, 90
136, 91
136, 92
136, 93
136, 94
136, 95
136, 96
136, 97
136, 98
136, 99
136, 100
136, 101
136, 102
136, 103
136, 104
136, 105
136, 106
136, 107
136, 108
136, 109
136, 110
136, 111
136, 112
136, 113
136, 114
136, 115
136, 116
136, 117
136, 118
136, 119
136, 120
136, 121
136, 122
136, 123
136, 124
136, 125
136, 126
136, 127
136, 128
136, 129
136, 130
136, 131
136, 132
136, 133
136, 134
136, 135
136, 136
136, 137
136, 138
136, 139
136, 140
136, 141
137, 75
137, 76
137, 77
137, 78
137, 79
137, 80
137, 81
137, 82
137, 83
137, 84
137, 85
137, 86
137, 87
137, 88
137, 89
137, 90
137, 91
137, 92
137, 93
137, 94
137, 95
137, 96
137, 97
137, 98
137, 99
137, 100
137, 101
137, 102
137, 103
137, 104
137, 105
137, 106
137, 107
137, 108
137, 109
137, 110
137, 111
137, 112
137, 113
137, 114
137, 115
137, 116
137, 117
137, 118
137, 119
137, 120
137, 121
137, 122
137, 123
137, 124
137, 125
137, 126
137, 127
137, 128
137, 129
137, 130
137, 131
137, 132
137, 133
137, 134
137, 135
137, 136
137, 137
137, 138
137, 139
137, 140
137, 141
137, 142
138, 75
138, 76
138, 77
138, 78
138, 79
138, 80
138, 81
138, 82
138, 83
138, 84
138, 85
138, 86
138, 87
138, 88
138, 89
138, 90
138, 91
138, 92
138, 93
138, 94
138, 95
138, 96
138, 97
138, 98
138, 99
138, 100
138, 101
138, 102
138, 103
138, 104
138, 105
138, 106
138, 107
138, 108
138, 109
138, 110
138, 111
138, 112
138, 113
138, 114
138, 115
138, 116
138, 117
138, 118
138, 119
138, 120
138, 121
138, 122
138, 123
138, 124
138, 125
138, 126
138, 127
138, 128
138, 129
138, 130
138, 131
138, 132
138, 133
138, 134
138, 135
138, 136
138, 137
138, 138
138, 139
138, 140
138, 141
138, 142
139, 75
139, 76
139, 77
139, 78
139, 79
139, 80
139, 81
139, 82
139, 83
139, 84
139, 85
139, 86
139, 87
139, 88
139, 89
139, 90
139, 91
139, 92
139, 93
139, 94
139, 95
139, 96
139, 97
139, 98
139, 99
139, 100
139, 101
139, 102
139, 103
139, 104
139, 105
139, 106
139, 107
139, 108
139, 109
139, 110
139, 111
139, 112
139, 113
139, 114
139, 115
139, 116
139, 117
139, 118
139, 119
139, 120
139, 121
139, 122
139, 123
139, 124
139, 125
139, 126
139, 127
139, 128
139, 129
139, 130
139, 131
139, 132
139, 133
139, 134
139, 135
139, 136
139, 137
139, 138
139, 139
139, 140
139, 141
140, 75
140, 76
140, 77
140, 78
140, 79
140, 80
140, 81
140, 82
140, 83
140, 84
140, 85
140, 86
140, 87
140, 88
140, 89
140, 90
140, 91
140, 92
140, 93
140, 94
140, 95
140, 96
140, 97
140, 98
140, 99
140, 100
140, 101
140, 102
140, 103
140, 104
140, 105
140, 106
140, 107
140, 108
140, 109
140, 110
140, 111
140, 112
140, 113
140, 114
140, 115
140, 116
140, 117
140, 118
140, 119
140, 120
140, 121
140, 122
140, 123
140, 124
140, 125
140, 126
140, 127
140, 128
140, 129
140, 130
140, 131
140, 132
140, 133
140, 134
140, 135
140, 136
140, 137
140, 138
140, 139
140, 140
140, 141
141, 75
141, 76
141, 77
141, 78
141, 79
141, 80
141, 81
141, 82
141, 83
141, 84
141, 85
141, 86
141, 87
141, 88
141, 89
141, 90
141, 91
141, 92
141, 93
141, 94
141, 95
141, 96
141, 97
141, 98
141, 99
141, 100
141, 101
141, 102
141, 103
141, 104
141, 105
141, 106
141, 107
141, 108
141, 109
141, 110
141, 111
141, 112
141, 113
141, 114
141, 115
141, 116
141, 117
141, 118
141, 119
141, 120
141, 121
141, 122
141, 123
141, 124
141, 125
141, 126
141, 127
141, 128
141, 129
141, 130
141, 131
141, 132
141, 133
141, 134
141, 135
141, 136
141, 137
141, 138
141, 139
141, 140
141, 141
142, 74
142, 75
142, 76
142, 77
142, 78
142, 79
142, 80
142, 81
142, 82
142, 83
142, 84
142, 85
142, 86
142, 87
142, 88
142, 89
142, 90
142, 91
142, 92
142, 93
142, 94
142, 95
142, 96
142, 97
142, 98
142, 99
142, 100
142, 101
142, 102
142, 103
142, 104
142, 105
142, 106
142, 107
142, 108
142, 109
142, 110
142, 111
142, 112
142, 113
142, 114
142, 115
142, 116
142, 117
142, 118
142, 119
142, 120
142, 121
142, 122
142, 123
142, 124
142, 125
142, 126
142, 127
142, 128
142, 129
142, 130
142, 131
142, 132
142, 133
142, 134
142, 135
142, 136
142, 137
142, 138
142, 139
142, 140
142, 141
143, 74
143, 75
143, 76
143, 77
143, 78
143, 79
143, 80
143, 81
143, 82
143, 83
143, 84
143, 85
143, 86
143, 87
143, 88
143, 89
143, 90
143, 91
143, 92
143, 93
143, 94
143, 95
143, 96
143, 97
143, 98
143, 99
143, 100
143, 101
143, 102
143, 103
143, 104
143, 105
143, 106
143, 107
143, 108
143, 109
143, 110
143, 111
143, 112
143, 113
143, 114
143, 115
143, 116
143, 117
143, 118
143, 119
143, 120
143, 121
143, 122
143, 123
143, 124
143, 125
143, 126
143, 127
143, 128
143, 129
143, 130
143, 131
143, 132
143, 133
143, 134
143, 135
143, 136
143, 137
143, 138
143, 139
143, 140
143, 141
144, 74
144, 75
144, 76
144, 77
144, 78
144, 79
144, 80
144, 81
144, 82
144, 83
144, 84
144, 85
144, 86
144, 87
144, 88
144, 89
144, 90
144, 91
144, 92
144, 93
144, 94
144, 95
144, 96
144, 97
144, 98
144, 99
144, 100
144, 101
144, 102
144, 103
144, 104
144, 105
144, 106
144, 107
144, 108
144, 109
144, 110
144, 111
144, 112
144, 113
144, 114
144, 115
144, 116
144, 117
144, 118
144, 119
144, 120
144, 121
144, 122
144, 123
144, 124
144, 125
144, 126
144, 127
144, 128
144, 129
144, 130
144, 131
144, 132
144, 133
144, 134
144, 135
144, 136
144, 137
144, 138
144, 139
144, 140
144, 141
145, 74
145, 75
145, 76
145, 77
145, 78
145, 79
145, 80
145, 81
145, 82
145, 83
145, 84
145, 85
145, 86
145, 87
145, 88
145, 89
145, 90
145, 91
145, 92
145, 93
145, 94
145, 95
145, 96
145, 97
145, 98
145, 99
145, 100
145, 101
145, 102
145, 103
145, 104
145, 105
145, 106
145, 107
145, 108
145, 109
145, 110
145, 111
145, 112
145, 113
145, 114
145, 115
145, 116
145, 117
145, 118
145, 119
145, 120
145, 121
145, 122
145, 123
145, 124
145, 125
145, 126
145, 127
145, 128
145, 129
145, 130
145, 131
145, 132
145, 133
145, 134
145, 135
145, 136
145, 137
145, 138
145, 139
145, 140
145, 141
146, 74
146, 75
146, 76
146, 77
146, 78
146, 79
146, 80
146, 81
146, 82
146, 83
146, 84
146, 85
146, 86
146, 87
146, 88
146, 89
146, 90
146, 91
146, 92
146, 93
146, 94
146, 95
146, 96
146, 97
146, 98
146, 99
146, 100
146, 101
146, 102
146, 103
146, 104
146, 105
146, 106
146, 107
146, 108
146, 109
146, 110
146, 111
146, 112
146, 113
146, 114
146, 115
146, 116
146, 117
146, 118
146, 119
146, 120
146, 121
146, 122
146, 123
146, 124
146, 125
146, 126
146, 127
146, 128
146, 129
146, 130
146, 131
146, 132
146, 133
146, 134
146, 135
146, 136
146, 137
146, 138
146, 139
146, 140
146, 141
147, 74
147, 75
147, 76
147, 77
147, 78
147, 79
147, 80
147, 81
147, 82
147, 83
147, 84
147, 85
147, 86
147, 87
147, 88
147, 89
147, 90
147, 91
147, 92
147, 93
147, 94
147, 95
147, 96
147, 97
147, 98
147, 99
147, 100
147, 101
147, 102
147, 103
147, 104
147, 105
147, 106
147, 107
147, 108
147, 109
147, 110
147, 111
147, 112
147, 113
147, 114
147, 115
147, 116
147, 117
147, 118
147, 119
147, 120
147, 121
147, 122
147, 123
147, 124
147, 125
147, 126
147, 127
147, 128
147, 129
147, 130
147, 131
147, 132
147, 133
147, 134
147, 135
147, 136
147, 137
147, 138
147, 139
147, 140
147, 141
148, 74
148, 75
148, 76
148, 77
148, 78
148, 79
148, 80
148, 81
148, 82
148, 83
148, 84
148, 85
148, 86
148, 87
148, 88
148, 89
148, 90
148, 91
148, 92
148, 93
148, 94
148, 95
148, 96
148, 97
148, 98
148, 99
148, 100
148, 101
148, 102
148, 103
148, 104
148, 105
148, 106
148, 107
148, 108
148, 109
148, 110
148, 111
148, 112
148, 113
148, 114
148, 115
148, 116
148, 117
148, 118
148, 119
148, 120
148, 121
148, 122
148, 123
148, 124
148, 125
148, 126
148, 127
148, 128
148, 129
148, 130
148, 131
148, 132
148, 133
148, 134
148, 135
148, 136
148, 137
148, 138
148, 139
148, 140
148, 141
149, 74
149, 75
149, 76
149, 77
149, 78
149, 79
149, 80
149, 81
149, 82
149, 83
149, 84
149, 85
149, 86
149, 87
149, 88
149, 89
149, 90
149, 91
149, 92
149, 93
149, 94
149, 95
149, 96
149, 97
149, 98
149, 99
149, 100
149, 101
149, 102
149, 103
149, 104
149, 105
149, 106
149, 107
149, 108
149, 109
149, 110
149, 111
149, 112
149, 113
149, 114
149, 115
149, 116
149, 117
149, 118
149, 119
149, 120
149, 121
149, 122
149, 123
149, 124
149, 125
149, 126
149, 127
149, 128
149, 129
149, 130
149, 131
149, 132
149, 133
149, 134
149, 135
149, 136
149, 137
149, 138
149, 139
149, 140
149, 141
150, 74
150, 75
150, 76
150, 77
150, 78
150, 79
150, 80
150, 81
150, 82
150, 83
150, 84
150, 85
150, 86
150, 87
150, 88
150, 89
150, 90
150, 91
150, 92
150, 93
150, 94
150, 95
150, 96
150, 97
150, 98
150, 99
150, 100
150, 101
150, 102
150, 103
150, 104
150, 105
150, 106
150, 107
150, 108
150, 109
150, 110
150, 111
150, 112
150, 113
150, 114
150, 115
150, 116
150, 117
150, 118
150, 119
150, 120
150, 121
150, 122
150, 123
150, 124
150, 125
150, 126
150, 127
150, 128
150, 129
150, 130
150, 131
150, 132
150, 133
150, 134
150, 135
150, 136
150, 137
150, 138
150, 139
150, 140
150, 141
151, 74
151, 75
151, 76
151, 77
151, 78
151, 79
151, 80
151, 81
151, 82
151, 83
151, 84
151, 85
151, 86
151, 87
151, 88
151, 89
151, 90
151, 91
151, 92
151, 93
151, 94
151, 95
151, 96
151, 97
151, 98
151, 99
151, 100
151, 101
151, 102
151, 103
151, 104
151, 105
151, 106
151, 107
151, 108
151, 109
151, 110
151, 111
151, 112
151, 113
151, 114
151, 115
151, 116
151, 117
151, 118
151, 119
151, 120
151, 121
151, 122
151, 123
151, 124
151, 125
151, 126
151, 127
151, 128
151, 129
151, 130
151, 131
151, 132
151, 133
151, 134
151, 135
151, 136
151, 137
151, 138
151, 139
151, 140
151, 141
152, 74
152, 75
152, 76
152, 77
152, 78
152, 79
152, 80
152, 81
152, 82
152, 83
152, 84
152, 85
152, 86
152, 87
152, 88
152, 89
152, 90
152, 91
152, 92
152, 93
152, 94
152, 95
152, 96
152, 97
152, 98
152, 99
152, 100
152, 101
152, 102
152, 103
152, 104
152, 105
152, 106
152, 107
152, 108
152, 109
152, 110
152, 111
152, 112
152, 113
152, 114
152, 115
152, 116
152, 117
152, 118
152, 119
152, 120
152, 121
152, 122
152, 123
152, 124
152, 125
152, 126
152, 127
152, 128
152, 129
152, 130
152, 131
152, 132
152, 133
152, 134
152, 135
152, 136
152, 137
152, 138
152, 139
152, 140
152, 141
153, 74
153, 75
153, 76
153, 77
153, 78
153, 79
153, 80
153, 81
153, 82
153, 83
153, 84
153, 85
153, 86
153, 87
153, 88
153, 89
153, 90
153, 91
153, 92
153, 93
153, 94
153, 95
153, 96
153, 97
153, 98
153, 99
153, 100
153, 101
153, 102
153, 103
153, 104
153, 105
153, 106
153, 107
153, 108
153, 109
153, 110
153, 111
153, 112
153, 113
153, 114
153, 115
153, 116
153, 117
153, 118
153, 119
153, 120
153, 121
153, 122
153, 123
153, 124
153, 125
153, 126
153, 127
153, 128
153, 129
153, 130
153, 131
153, 132
153, 133
153, 134
153, 135
153, 136
153, 137
153, 138
153, 139
153, 140
154, 74
154, 75
154, 76
154, 77
154, 78
154, 79
154, 80
154, 81
154, 82
154, 83
154, 84
154, 85
154, 86
154, 87
154, 88
154, 89
154, 90
154, 91
154, 92
154, 93
154, 94
154, 95
154, 96
154, 97
154, 98
154, 99
154, 100
154, 101
154, 102
154, 103
154, 104
154, 105
154, 106
154, 107
154, 108
154, 109
154, 110
154, 111
154, 112
154, 113
154, 114
154, 115
154, 116
154, 117
154, 118
154, 119
154, 120
154, 121
154, 122
154, 123
154, 124
154, 125
154, 126
154, 127
154, 128
154, 129
154, 130
154, 131
154, 132
154, 133
154, 134
154, 135
154, 136
154, 137
154, 138
154, 139
154, 140
155, 74
155, 75
155, 76
155, 77
155, 78
155, 79
155, 80
155, 81
155, 82
155, 83
155, 84
155, 85
155, 86
155, 87
155, 88
155, 89
155, 90
155, 91
155, 92
155, 93
155, 94
155, 95
155, 96
155, 97
155, 98
155, 99
155, 100
155, 101
155, 102
155, 103
155, 104
155, 105
155, 106
155, 107
155, 108
155, 109
155, 110
155, 111
155, 112
155, 113
155, 114
155, 115
155, 116
155, 117
155, 118
155, 119
155, 120
155, 121
155, 122
155, 123
155, 124
155, 125
155, 126
155, 127
155, 128
155, 129
155, 130
155, 131
155, 132
155, 133
155, 134
155, 135
155, 136
155, 137
155, 138
155, 139
155, 140
156, 74
156, 75
156, 76
156, 77
156, 78
156, 79
156, 80
156, 81
156, 82
156, 83
156, 84
156, 85
156, 86
156, 87
156, 88
156, 89
156, 90
156, 91
156, 92
156, 93
156, 94
156, 95
156, 96
156, 97
156, 98
156, 99
156, 100
156, 101
156, 102
156, 103
156, 104
156, 105
156, 106
156, 107
156, 108
156, 109
156, 110
156, 111
156, 112
156, 113
156, 114
156, 115
156, 116
156, 117
156, 118
156, 119
156, 120
156, 121
156, 122
156, 123
156, 124
156, 125
156, 126
156, 127
156, 128
156, 129
156, 130
156, 131
156, 132
156, 133
156, 134
156, 135
156, 136
156, 137
156, 138
156, 139
156, 140
157, 73
157, 74
157, 75
157, 76
157, 77
157, 78
157, 79
157, 80
157, 81
157, 82
157, 83
157, 84
157, 85
157, 86
157, 87
157, 88
157, 89
157, 90
157, 91
157, 92
157, 93
157, 94
157, 95
157, 96
157, 97
157, 98
157, 99
157, 100
157, 101
157, 102
157, 103
157, 104
157, 105
157, 106
157, 107
157, 108
157, 109
157, 110
157, 111
157, 112
157, 113
157, 114
157, 115
157, 116
157, 117
157, 118
157, 119
157, 120
157, 121
157, 122
157, 123
157, 124
157, 125
157, 126
157, 127
157, 128
157, 129
157, 130
157, 131
157, 132
157, 133
157, 134
157, 135
157, 136
157, 137
157, 138
157, 139
158, 73
158, 74
158, 75
158, 76
158, 77
158, 78
158, 79
158, 80
158, 81
158, 82
158, 83
158, 84
158, 85
158, 86
158, 87
158, 88
158, 89
158, 90
158, 91
158, 92
158, 93
158, 94
158, 95
158, 96
158, 97
158, 98
158, 99
158, 100
158, 101
158, 102
158, 103
158, 104
158, 105
158, 106
158, 107
158, 108
158, 109
158, 110
158, 111
158, 112
158, 113
158, 114
158, 115
158, 116
158, 117
158, 118
158, 119
158, 120
158, 121
158, 122
158, 123
158, 124
158, 125
158, 126
158, 127
158, 128
158, 129
158, 130
158, 131
158, 132
158, 133
158, 134
158, 135
158, 136
158, 137
158, 138
158, 139
159, 73
159, 74
159, 75
159, 76
159, 77
159, 78
159, 79
159, 80
159, 81
159, 82
159, 83
159, 84
159, 85
159, 86
159, 87
159, 88
159, 89
159, 90
159, 91
159, 92
159, 93
159, 94
159, 95
159, 96
159, 97
159, 98
159, 99
159, 100
159, 101
159, 102
159, 103
159, 104
159, 105
159, 106
159, 107
159, 108
159, 109
159, 110
159, 111
159, 112
159, 113
159, 114
159, 115
159, 116
159, 117
159, 118
159, 119
159, 120
159, 121
159, 122
159, 123
159, 124
159, 125
159, 126
159, 127
159, 128
159, 129
159, 130
159, 131
159, 132
159, 133
159, 134
159, 135
159, 136
159, 137
159, 138
160, 73
160, 74
160, 75
160, 76
160, 77
160, 78
160, 79
160, 80
160, 81
160, 82
160, 83
160, 84
160, 85
160, 86
160, 87
160, 88
160, 89
160, 90
160, 91
160, 92
160, 93
160, 94
160, 95
160, 96
160, 97
160, 98
160, 99
160, 100
160, 101
160, 102
160, 103
160, 104
160, 105
160, 106
160, 107
160, 108
160, 109
160, 110
160, 111
160, 112
160, 113
160, 114
160, 115
160, 116
160, 117
160, 118
160, 119
160, 120
160, 121
160, 122
160, 123
160, 124
160, 125
160, 126
160, 127
160, 128
160, 129
160, 130
160, 131
160, 132
160, 133
160, 134
160, 135
160, 136
160, 137
161, 72
161, 73
161, 74
161, 75
161, 76
161, 77
161, 78
161, 79
161, 80
161, 81
161, 82
161, 83
161, 84
161, 85
161, 86
161, 87
161, 88
161, 89
161, 90
161, 91
161, 92
161, 93
161, 94
161, 95
161, 96
161, 97
161, 98
161, 99
161, 100
161, 101
161, 102
161, 103
161, 104
161, 105
161, 106
161, 107
161, 108
161, 109
161, 110
161, 111
161, 112
161, 113
161, 114
161, 115
161, 116
161, 117
161, 118
161, 119
161, 120
161, 121
161, 122
161, 123
161, 124
161, 125
161, 126
161, 127
161, 128
161, 129
161, 130
161, 131
161, 132
161, 133
161, 134
161, 135
161, 136
162, 72
162, 73
162, 74
162, 75
162, 76
162, 77
162, 78
162, 79
162, 80
162, 81
162, 82
162, 83
162, 84
162, 85
162, 86
162, 87
162, 88
162, 89
162, 90
162, 91
162, 92
162, 93
162, 94
162, 95
162, 96
162, 97
162, 98
162, 99
162, 100
162, 101
162, 102
162, 103
162, 104
162, 105
162, 106
162, 107
162, 108
162, 109
162, 110
162, 111
162, 112
162, 113
162, 114
162, 115
162, 116
162, 117
162, 118
162, 119
162, 120
162, 121
162, 122
162, 123
162, 124
162, 125
162, 126
162, 127
162, 128
162, 129
162, 130
162, 131
162, 132
162, 133
162, 134
162, 135
163, 72
163, 73
163, 74
163, 75
163, 76
163, 77
163, 78
163, 79
163, 80
163, 81
163, 82
163, 83
163, 84
163, 85
163, 86
163, 87
163, 88
163, 89
163, 90
163, 91
163, 92
163, 93
163, 94
163, 95
163, 96
163, 97
163, 98
163, 99
163, 100
163, 101
163, 102
163, 103
163, 104
163, 105
163, 106
163, 107
163, 108
163, 109
163, 110
163, 111
163, 112
163, 113
163, 114
163, 115
163, 116
163, 117
163, 118
163, 119
163, 120
163, 121
163, 122
163, 123
163, 124
163, 125
163, 126
163, 127
163, 128
163, 129
163, 130
163, 131
163, 132
163, 133
163, 134
163, 135
164, 72
164, 73
164, 74
164, 75
164, 76
164, 77
164, 78
164, 79
164, 80
164, 81
164, 82
164, 83
164, 84
164, 85
164, 86
164, 87
164, 88
164, 89
164, 90
164, 91
164, 92
164, 93
164, 94
164, 95
164, 96
164, 97
164, 98
164, 99
164, 100
164, 101
164, 102
164, 103
164, 104
164, 105
164, 106
164, 107
164, 108
164, 109
164, 110
164, 111
164, 112
164, 113
164, 114
164, 115
164, 116
164, 117
164, 118
164, 119
164, 120
164, 121
164, 122
164, 123
164, 124
164, 125
164, 126
164, 127
164, 128
164, 129
164, 130
164, 131
164, 132
164, 133
164, 134
165, 72
165, 73
165, 74
165, 75
165, 76
165, 77
165, 78
165, 79
165, 80
165, 81
165, 82
165, 83
165, 84
165, 85
165, 86
165, 87
165, 88
165, 89
165, 90
165, 91
165, 92
165, 93
165, 94
165, 95
165, 96
165, 97
165, 98
165, 99
165, 100
165, 101
165, 102
165, 103
165, 104
165, 105
165, 106
165, 107
165, 108
165, 109
165, 110
165, 111
165, 112
165, 113
165, 114
165, 115
165, 116
165, 117
165, 118
165, 119
165, 120
165, 121
165, 122
165, 123
165, 124
165, 125
165, 126
165, 127
165, 128
165, 129
165, 130
165, 131
165, 132
165, 133
165, 134
166, 72
166, 73
166, 74
166, 75
166, 76
166, 77
166, 78
166, 79
166, 80
166, 81
166, 82
166, 83
166, 84
166, 85
166, 86
166, 87
166, 88
166, 89
166, 90
166, 91
166, 92
166, 93
166, 94
166, 95
166, 96
166, 97
166, 98
166, 99
166, 100
166, 101
166, 102
166, 103
166, 104
166, 105
166, 106
166, 107
166, 108
166, 109
166, 110
166, 111
166, 112
166, 113
166, 114
166, 115
166, 116
166, 117
166, 118
166, 119
166, 120
166, 121
166, 122
166, 123
166, 124
166, 125
166, 126
166, 127
166, 128
166, 129
166, 130
166, 131
166, 132
166, 133
167, 72
167, 73
167, 74
167, 75
167, 76
167, 77
167, 78
167, 79
167, 80
167, 81
167, 82
167, 83
167, 84
167, 85
167, 86
167, 87
167, 88
167, 89
167, 90
167, 91
167, 92
167, 93
167, 94
167, 95
167, 96
167, 97
167, 98
167, 99
167, 100
167, 101
167, 102
167, 103
167, 104
167, 105
167, 106
167, 107
167, 108
167, 109
167, 110
167, 111
167, 112
167, 113
167, 114
167, 115
167, 116
167, 117
167, 118
167, 119
167, 120
167, 121
167, 122
167, 123
167, 124
167, 125
167, 126
167, 127
167, 128
167, 129
167, 130
167, 131
167, 132
167, 133
168, 72
168, 73
168, 74
168, 75
168, 76
168, 77
168, 78
168, 79
168, 80
168, 81
168, 82
168, 83
168, 84
168, 85
168, 86
168, 87
168, 88
168, 89
168, 90
168, 91
168, 92
168, 93
168, 94
168, 95
168, 96
168, 97
168, 98
168, 99
168, 100
168, 101
168, 102
168, 103
168, 104
168, 105
168, 106
168, 107
168, 108
168, 109
168, 110
168, 111
168, 112
168, 113
168, 114
168, 115
168, 116
168, 117
168, 118
168, 119
168, 120
168, 121
168, 122
168, 123
168, 124
168, 125
168, 126
168, 127
168, 128
168, 129
168, 130
168, 131
168, 132
169, 72
169, 73
169, 74
169, 75
169, 76
169, 77
169, 78
169, 79
169, 80
169, 81
169, 82
169, 83
169, 84
169, 85
169, 86
169, 87
169, 88
169, 89
169, 90
169, 91
169, 92
169, 93
169, 94
169, 95
169, 96
169, 97
169, 98
169, 99
169, 100
169, 101
169, 102
169, 103
169, 104
169, 105
169, 106
169, 107
169, 108
169, 109
169, 110
169, 111
169, 112
169, 113
169, 114
169, 115
169, 116
169, 117
169, 118
169, 119
169, 120
169, 121
169, 122
169, 123
169, 124
169, 125
169, 126
169, 127
169, 128
169, 129
169, 130
169, 131
169, 132
170, 72
170, 73
170, 74
170, 75
170, 76
170, 77
170, 78
170, 79
170, 80
170, 81
170, 82
170, 83
170, 84
170, 85
170, 86
170, 87
170, 88
170, 89
170, 90
170, 91
170, 92
170, 93
170, 94
170, 95
170, 96
170, 97
170, 98
170, 99
170, 100
170, 101
170, 102
170, 103
170, 104
170, 105
170, 106
170, 107
170, 108
170, 109
170, 110
170, 111
170, 112
170, 113
170, 114
170, 115
170, 116
170, 117
170, 118
170, 119
170, 120
170, 121
170, 122
170, 123
170, 124
170, 125
170, 126
170, 127
170, 128
170, 129
170, 130
170, 131
171, 72
171, 73
171, 74
171, 75
171, 76
171, 77
171, 78
171, 79
171, 80
171, 81
171, 82
171, 83
171, 84
171, 85
171, 86
171, 87
171, 88
171, 89
171, 90
171, 91
171, 92
171, 93
171, 94
171, 95
171, 96
171, 97
171, 98
171, 99
171, 100
171, 101
171, 102
171, 103
171, 104
171, 105
171, 106
171, 107
171, 108
171, 109
171, 110
171, 111
171, 112
171, 113
171, 114
171, 115
171, 116
171, 117
171, 118
171, 119
171, 120
171, 121
171, 122
171, 123
171, 124
171, 125
171, 126
171, 127
171, 128
171, 129
171, 130
171, 131
172, 71
172, 72
172, 73
172, 74
172, 75
172, 76
172, 77
172, 78
172, 79
172, 80
172, 81
172, 82
172, 83
172, 84
172, 85
172, 86
172, 87
172, 88
172, 89
172, 90
172, 91
172, 92
172, 93
172, 94
172, 95
172, 96
172, 97
172, 98
172, 99
172, 100
172, 101
172, 102
172, 103
172, 104
172, 105
172, 106
172, 107
172, 108
172, 109
172, 110
172, 111
172, 112
172, 113
172, 114
172, 115
172, 116
172, 117
172, 118
172, 119
172, 120
172, 121
172, 122
172, 123
172, 124
172, 125
172, 126
172, 127
172, 128
172, 129
172, 130
173, 71
173, 72
173, 73
173, 74
173, 75
173, 76
173, 77
173, 78
173, 79
173, 80
173, 81
173, 82
173, 83
173, 84
173, 85
173, 86
173, 87
173, 88
173, 89
173, 90
173, 91
173, 92
173, 93
173, 94
173, 95
173, 96
173, 97
173, 98
173, 99
173, 100
173, 101
173, 102
173, 103
173, 104
173, 105
173, 106
173, 107
173, 108
173, 109
173, 110
173, 111
173, 112
173, 113
173, 114
173, 115
173, 116
173, 117
173, 118
173, 119
173, 120
173, 121
173, 122
173, 123
173, 124
173, 125
173, 126
173, 127
173, 128
173, 129
173, 130
174, 71
174, 72
174, 73
174, 74
174, 75
174, 76
174, 77
174, 78
174, 79
174, 80
174, 81
174, 82
174, 83
174, 84
174, 85
174, 86
174, 87
174, 88
174, 89
174, 90
174, 91
174, 92
174, 93
174, 94
174, 95
174, 96
174, 97
174, 98
174, 99
174, 100
174, 101
174, 102
174, 103
174, 104
174, 105
174, 106
174, 107
174, 108
174, 109
174, 110
174, 111
174, 112
174, 113
174, 114
174, 115
174, 116
174, 117
174, 118
174, 119
174, 120
174, 121
174, 122
174, 123
174, 124
174, 125
174, 126
174, 127
174, 128
174, 129
174, 130
175, 71
175, 72
175, 73
175, 74
175, 75
175, 76
175, 77
175, 78
175, 79
175, 80
175, 81
175, 82
175, 83
175, 84
175, 85
175, 86
175, 87
175, 88
175, 89
175, 90
175, 91
175, 92
175, 93
175, 94
175, 95
175, 96
175, 97
175, 98
175, 99
175, 100
175, 101
175, 102
175, 103
175, 104
175, 105
175, 106
175, 107
175, 108
175, 109
175, 110
175, 111
175, 112
175, 113
175, 114
175, 115
175, 116
175, 117
175, 118
175, 119
175, 120
175, 121
175, 122
175, 123
175, 124
175, 125
175, 126
175, 127
175, 128
175, 129
175, 130
176, 71
176, 72
176, 73
176, 74
176, 75
176, 76
176, 77
176, 78
176, 79
176, 80
176, 81
176, 82
176, 83
176, 84
176, 85
176, 86
176, 87
176, 88
176, 89
176, 90
176, 91
176, 92
176, 93
176, 94
176, 95
176, 96
176, 97
176, 98
176, 99
176, 100
176, 101
176, 102
176, 103
176, 104
176, 105
176, 106
176, 107
176, 108
176, 109
176, 110
176, 111
176, 112
176, 113
176, 114
176, 115
176, 116
176, 117
176, 118
176, 119
176, 120
176, 121
176, 122
176, 123
176, 124
176, 125
176, 126
176, 127
176, 128
176, 129
177, 71
177, 72
177, 73
177, 74
177, 75
177, 76
177, 77
177, 78
177, 79
177, 80
177, 81
177, 82
177, 83
177, 84
177, 85
177, 86
177, 87
177, 88
177, 89
177, 90
177, 91
177, 92
177, 93
177, 94
177, 95
177, 96
177, 97
177, 98
177, 99
177, 100
177, 101
177, 102
177, 103
177, 104
177, 105
177, 106
177, 107
177, 108
177, 109
177, 110
177, 111
177, 112
177, 113
177, 114
177, 115
177, 116
177, 117
177, 118
177, 120
177, 121
177, 122
177, 123
177, 124
177, 125
177, 126
177, 127
177, 128
177, 129
178, 70
178, 71
178, 72
178, 73
178, 74
178, 75
178, 76
178, 77
178, 78
178, 79
178, 80
178, 81
178, 82
178, 83
178, 84
178, 85
178, 86
178, 87
178, 88
178, 89
178, 90
178, 91
178, 92
178, 93
178, 94
178, 95
178, 96
178, 97
178, 98
178, 99
178, 100
178, 101
178, 102
178, 103
178, 104
178, 105
178, 106
178, 107
178, 108
178, 109
178, 110
178, 111
178, 112
178, 113
178, 114
178, 115
178, 116
178, 117
178, 120
178, 121
178, 122
178, 123
178, 124
178, 125
178, 126
178, 127
178, 128
178, 129
179, 70
179, 71
179, 72
179, 73
179, 74
179, 75
179, 76
179, 77
179, 78
179, 79
179, 80
179, 81
179, 82
179, 83
179, 84
179, 85
179, 86
179, 87
179, 88
179, 89
179, 90
179, 91
179, 92
179, 93
179, 94
179, 95
179, 96
179, 97
179, 98
179, 99
179, 100
179, 101
179, 102
179, 103
179, 104
179, 105
179, 106
179, 107
179, 108
179, 109
179, 110
179, 111
179, 112
179, 113
179, 114
179, 115
179, 116
179, 121
179, 122
179, 123
179, 124
179, 125
179, 126
179, 127
179, 128
179, 129
180, 70
180, 71
180, 72
180, 73
180, 74
180, 75
180, 76
180, 77
180, 78
180, 79
180, 80
180, 81
180, 82
180, 83
180, 84
180, 85
180, 86
180, 87
180, 88
180, 89
180, 90
180, 91
180, 92
180, 93
180, 94
180, 95
180, 96
180, 97
180, 98
180, 99
180, 100
180, 101
180, 102
180, 103
180, 104
180, 105
180, 106
180, 107
180, 108
180, 109
180, 110
180, 111
180, 112
180, 113
180, 114
180, 115
180, 121
180, 122
180, 123
180, 124
180, 125
180, 126
180, 127
180, 128
180, 129
181, 70
181, 71
181, 72
181, 73
181, 74
181, 75
181, 76
181, 77
181, 78
181, 79
181, 80
181, 81
181, 82
181, 83
181, 84
181, 85
181, 86
181, 87
181, 88
181, 89
181, 90
181, 91
181, 92
181, 93
181, 94
181, 95
181, 96
181, 97
181, 98
181, 99
181, 100
181, 101
181, 102
181, 103
181, 104
181, 105
181, 106
181, 107
181, 108
181, 109
181, 110
181, 111
181, 112
181, 121
181, 122
181, 123
181, 124
181, 125
181, 126
181, 127
181, 128
182, 70
182, 71
182, 72
182, 73
182, 74
182, 75
182, 76
182, 77
182, 78
182, 79
182, 80
182, 81
182, 82
182, 83
182, 84
182, 85
182, 86
182, 87
182, 88
182, 89
182, 90
182, 91
182, 92
182, 93
182, 94
182, 95
182, 96
182, 97
182, 98
182, 99
182, 100
182, 101
182, 102
182, 103
182, 104
182, 105
182, 106
182, 107
182, 108
182, 109
182, 110
182, 111
182, 121
182, 122
182, 123
182, 124
182, 125
182, 126
182, 127
182, 128
183, 69
183, 70
183, 71
183, 72
183, 73
183, 74
183, 75
183, 76
183, 77
183, 78
183, 79
183, 80
183, 81
183, 82
183, 83
183, 84
183, 85
183, 86
183, 87
183, 88
183, 89
183, 90
183, 91
183, 92
183, 93
183, 94
183, 95
183, 96
183, 97
183, 98
183, 99
183, 100
183, 101
183, 102
183, 103
183, 104
183, 105
183, 106
183, 107
183, 108
183, 109
183, 110
183, 111
183, 120
183, 121
183, 122
183, 123
183, 124
183, 125
183, 126
183, 127
183, 128
184, 69
184, 70
184, 71
184, 72
184, 73
184, 74
184, 75
184, 76
184, 77
184, 78
184, 79
184, 80
184, 81
184, 82
184, 83
184, 84
184, 85
184, 86
184, 87
184, 88
184, 89
184, 90
184, 91
184, 92
184, 93
184, 94
184, 95
184, 96
184, 97
184, 98
184, 99
184, 100
184, 101
184, 102
184, 103
184, 104
184, 105
184, 106
184, 107
184, 108
184, 109
184, 110
184, 113
184, 119
184, 120
184, 121
184, 122
184, 123
184, 124
184, 125
184, 126
184, 127
184, 128
185, 69
185, 70
185, 71
185, 72
185, 73
185, 74
185, 75
185, 76
185, 77
185, 78
185, 79
185, 80
185, 81
185, 82
185, 83
185, 84
185, 85
185, 86
185, 87
185, 88
185, 89
185, 90
185, 91
185, 92
185, 93
185, 94
185, 95
185, 96
185, 97
185, 98
185, 99
185, 100
185, 101
185, 102
185, 103
185, 104
185, 105
185, 106
185, 107
185, 108
185, 111
185, 112
185, 113
185, 119
185, 120
185, 121
185, 122
185, 123
185, 124
185, 125
185, 126
185, 127
185, 128
186, 69
186, 70
186, 71
186, 72
186, 73
186, 74
186, 75
186, 76
186, 77
186, 78
186, 79
186, 80
186, 81
186, 82
186, 83
186, 84
186, 85
186, 86
186, 87
186, 88
186, 89
186, 90
186, 91
186, 92
186, 93
186, 94
186, 95
186, 96
186, 97
186, 98
186, 99
186, 100
186, 101
186, 102
186, 103
186, 104
186, 105
186, 106
186, 107
186, 108
186, 109
186, 110
186, 111
186, 112
186, 113
186, 114
186, 118
186, 119
186, 120
186, 121
186, 122
186, 123
186, 124
186, 125
186, 126
186, 127
186, 128
187, 69
187, 70
187, 71
187, 72
187, 73
187, 74
187, 75
187, 76
187, 77
187, 78
187, 79
187, 80
187, 81
187, 82
187, 83
187, 84
187, 85
187, 86
187, 87
187, 88
187, 89
187, 90
187, 91
187, 92
187, 93
187, 94
187, 95
187, 96
187, 97
187, 98
187, 99
187, 100
187, 101
187, 102
187, 103
187, 104
187, 105
187, 106
187, 107
187, 108
187, 109
187, 110
187, 111
187, 112
187, 113
187, 114
187, 115
187, 117
187, 118
187, 119
187, 120
187, 121
187, 122
187, 123
187, 124
187, 125
187, 126
187, 127
187, 128
188, 69
188, 70
188, 71
188, 72
188, 73
188, 74
188, 75
188, 76
188, 77
188, 78
188, 79
188, 80
188, 81
188, 82
188, 83
188, 84
188, 85
188, 86
188, 87
188, 88
188, 89
188, 90
188, 91
188, 92
188, 93
188, 94
188, 95
188, 96
188, 97
188, 98
188, 99
188, 100
188, 101
188, 102
188, 103
188, 104
188, 105
188, 106
188, 107
188, 108
188, 109
188, 110
188, 111
188, 112
188, 113
188, 114
188, 115
188, 116
188, 117
188, 118
188, 119
188, 120
188, 121
188, 122
188, 123
188, 124
188, 125
188, 126
188, 127
188, 128
189, 69
189, 70
189, 71
189, 72
189, 73
189, 74
189, 75
189, 76
189, 77
189, 78
189, 79
189, 80
189, 81
189, 82
189, 83
189, 84
189, 85
189, 86
189, 87
189, 88
189, 89
189, 90
189, 91
189, 92
189, 93
189, 94
189, 95
189, 96
189, 97
189, 98
189, 99
189, 100
189, 101
189, 102
189, 103
189, 104
189, 105
189, 106
189, 107
189, 108
189, 109
189, 110
189, 111
189, 112
189, 113
189, 114
189, 115
189, 116
189, 117
189, 118
189, 119
189, 120
189, 121
189, 122
189, 123
189, 124
189, 125
189, 126
189, 127
189, 128
190, 68
190, 69
190, 70
190, 71
190, 72
190, 73
190, 74
190, 75
190, 76
190, 77
190, 78
190, 79
190, 80
190, 81
190, 82
190, 83
190, 84
190, 85
190, 86
190, 87
190, 88
190, 89
190, 90
190, 91
190, 92
190, 93
190, 94
190, 95
190, 96
190, 97
190, 98
190, 99
190, 100
190, 101
190, 102
190, 103
190, 104
190, 105
190, 106
190, 107
190, 108
190, 109
190, 110
190, 111
190, 112
190, 113
190, 114
190, 115
190, 116
190, 117
190, 118
190, 119
190, 120
190, 121
190, 122
190, 123
190, 124
190, 125
190, 126
190, 127
190, 128
191, 68
191, 69
191, 70
191, 71
191, 72
191, 73
191, 74
191, 75
191, 76
191, 77
191, 78
191, 79
191, 80
191, 81
191, 82
191, 83
191, 84
191, 85
191, 86
191, 87
191, 88
191, 89
191, 90
191, 91
191, 92
191, 93
191, 94
191, 95
191, 96
191, 97
191, 98
191, 99
191, 100
191, 101
191, 102
191, 103
191, 104
191, 105
191, 106
191, 107
191, 108
191, 109
191, 110
191, 111
191, 112
191, 113
191, 114
191, 115
191, 116
191, 117
191, 118
191, 119
191, 120
191, 121
191, 122
191, 123
191, 124
191, 125
191, 126
191, 127
191, 128
192, 68
192, 69
192, 70
192, 71
192, 72
192, 73
192, 74
192, 75
192, 76
192, 77
192, 78
192, 79
192, 80
192, 81
192, 82
192, 83
192, 84
192, 85
192, 86
192, 87
192, 88
192, 89
192, 90
192, 91
192, 92
192, 93
192, 94
192, 95
192, 96
192, 97
192, 98
192, 99
192, 100
192, 101
192, 102
192, 103
192, 104
192, 105
192, 106
192, 107
192, 108
192, 109
192, 110
192, 111
192, 112
192, 113
192, 114
192, 115
192, 116
192, 117
192, 118
192, 119
192, 120
192, 121
192, 122
192, 123
192, 124
192, 125
192, 126
192, 127
192, 128
193, 68
193, 69
193, 70
193, 71
193, 72
193, 73
193, 74
193, 75
193, 76
193, 77
193, 78
193, 79
193, 80
193, 81
193, 82
193, 83
193, 84
193, 85
193, 86
193, 87
193, 88
193, 89
193, 90
193, 91
193, 92
193, 93
193, 94
193, 95
193, 96
193, 97
193, 98
193, 99
193, 100
193, 101
193, 102
193, 103
193, 104
193, 105
193, 106
193, 107
193, 108
193, 109
193, 110
193, 111
193, 112
193, 113
193, 114
193, 115
193, 116
193, 117
193, 118
193, 119
193, 120
193, 121
193, 122
193, 123
193, 124
193, 125
193, 126
193, 127
193, 128
194, 68
194, 69
194, 70
194, 71
194, 72
194, 73
194, 74
194, 75
194, 76
194, 77
194, 78
194, 79
194, 80
194, 81
194, 82
194, 83
194, 84
194, 85
194, 86
194, 87
194, 88
194, 89
194, 90
194, 91
194, 92
194, 93
194, 94
194, 95
194, 96
194, 97
194, 98
194, 99
194, 100
194, 101
194, 102
194, 103
194, 104
194, 105
194, 106
194, 107
194, 108
194, 109
194, 110
194, 111
194, 112
194, 113
194, 114
194, 115
194, 116
194, 117
194, 118
194, 119
194, 120
194, 121
194, 122
194, 123
194, 124
194, 125
194, 126
194, 127
195, 68
195, 69
195, 70
195, 71
195, 72
195, 73
195, 74
195, 75
195, 76
195, 77
195, 78
195, 79
195, 80
195, 81
195, 82
195, 83
195, 84
195, 85
195, 86
195, 87
195, 88
195, 89
195, 90
195, 91
195, 92
195, 93
195, 94
195, 95
195, 96
195, 97
195, 98
195, 99
195, 100
195, 101
195, 102
195, 103
195, 104
195, 105
195, 106
195, 107
195, 108
195, 109
195, 110
195, 111
195, 112
195, 113
195, 114
195, 115
195, 116
195, 117
195, 118
195, 119
195, 120
195, 121
195, 122
195, 123
195, 124
195, 125
195, 126
195, 127
196, 68
196, 69
196, 70
196, 71
196, 72
196, 73
196, 74
196, 75
196, 76
196, 77
196, 78
196, 79
196, 80
196, 81
196, 82
196, 83
196, 84
196, 85
196, 86
196, 87
196, 88
196, 89
196, 90
196, 91
196, 92
196, 93
196, 94
196, 95
196, 96
196, 97
196, 98
196, 99
196, 100
196, 101
196, 102
196, 103
196, 104
196, 105
196, 106
196, 107
196, 108
196, 109
196, 110
196, 111
196, 112
196, 113
196, 114
196, 115
196, 116
196, 117
196, 118
196, 119
196, 120
196, 121
196, 122
196, 123
196, 124
196, 125
196, 126
196, 127
197, 68
197, 69
197, 70
197, 71
197, 72
197, 73
197, 74
197, 75
197, 76
197, 77
197, 78
197, 79
197, 80
197, 81
197, 82
197, 83
197, 84
197, 85
197, 86
197, 87
197, 88
197, 89
197, 90
197, 91
197, 92
197, 93
197, 94
197, 95
197, 96
197, 97
197, 98
197, 99
197, 100
197, 101
197, 102
197, 103
197, 104
197, 105
197, 106
197, 107
197, 108
197, 109
197, 110
197, 111
197, 112
197, 113
197, 114
197, 115
197, 116
197, 117
197, 118
197, 119
197, 120
197, 121
197, 122
197, 123
197, 124
197, 125
197, 126
197, 127
198, 67
198, 68
198, 69
198, 70
198, 71
198, 72
198, 73
198, 74
198, 75
198, 76
198, 77
198, 78
198, 79
198, 80
198, 81
198, 82
198, 83
198, 84
198, 85
198, 86
198, 87
198, 88
198, 89
198, 90
198, 91
198, 92
198, 93
198, 94
198, 95
198, 96
198, 97
198, 98
198, 99
198, 100
198, 101
198, 102
198, 103
198, 104
198, 105
198, 106
198, 107
198, 108
198, 109
198, 110
198, 111
198, 112
198, 113
198, 114
198, 115
198, 117
198, 118
198, 119
198, 120
198, 121
198, 122
198, 123
198, 124
198, 125
198, 126
198, 127
199, 67
199, 68
199, 69
199, 70
199, 71
199, 72
199, 73
199, 74
199, 75
199, 76
199, 77
199, 78
199, 79
199, 80
199, 81
199, 82
199, 83
199, 84
199, 85
199, 86
199, 87
199, 88
199, 89
199, 90
199, 91
199, 92
199, 93
199, 94
199, 95
199, 96
199, 97
199, 98
199, 99
199, 100
199, 101
199, 102
199, 103
199, 104
199, 105
199, 106
199, 107
199, 108
199, 109
199, 110
199, 111
199, 112
199, 113
199, 114
199, 115
199, 117
199, 118
199, 119
199, 120
199, 121
199, 122
199, 123
199, 124
199, 125
199, 126
199, 127
200, 67
200, 68
200, 69
200, 70
200, 71
200, 72
200, 73
200, 74
200, 75
200, 76
200, 77
200, 78
200, 79
200, 80
200, 81
200, 82
200, 83
200, 84
200, 85
200, 86
200, 87
200, 88
200, 89
200, 90
200, 91
200, 92
200, 93
200, 94
200, 95
200, 97
200, 98
200, 99
200, 100
200, 101
200, 102
200, 103
200, 104
200, 105
200, 106
200, 107
200, 108
200, 109
200, 110
200, 111
200, 112
200, 113
200, 114
200, 115
200, 117
200, 118
200, 119
200, 120
200, 121
200, 122
200, 123
200, 124
200, 125
200, 126
200, 127
201, 67
201, 68
201, 69
201, 70
201, 71
201, 72
201, 73
201, 74
201, 75
201, 76
201, 77
201, 78
201, 79
201, 80
201, 81
201, 82
201, 83
201, 84
201, 85
201, 86
201, 87
201, 92
201, 93
201, 98
201, 99
201, 100
201, 101
201, 102
201, 103
201, 104
201, 105
201, 106
201, 107
201, 108
201, 109
201, 110
201, 111
201, 112
201, 113
201, 114
201, 115
201, 117
201, 118
201, 119
201, 120
201, 121
201, 122
201, 123
201, 124
201, 125
201, 126
201, 127
201, 128
202, 66
202, 67
202, 68
202, 69
202, 70
202, 71
202, 72
202, 73
202, 74
202, 75
202, 76
202, 77
202, 78
202, 79
202, 80
202, 81
202, 82
202, 99
202, 100
202, 101
202, 103
202, 104
202, 105
202, 106
202, 107
202, 108
202, 109
202, 110
202, 111
202, 112
202, 113
202, 114
202, 115
202, 118
202, 119
202, 120
202, 121
202, 122
202, 123
202, 124
202, 125
202, 126
202, 127
202, 128
203, 66
203, 67
203, 68
203, 69
203, 70
203, 71
203, 72
203, 73
203, 74
203, 75
203, 76
203, 77
203, 78
203, 79
203, 80
203, 81
203, 104
203, 105
203, 106
203, 107
203, 108
203, 109
203, 110
203, 111
203, 112
203, 113
203, 114
203, 115
203, 118
203, 119
203, 120
203, 121
203, 122
203, 123
203, 124
203, 125
203, 126
203, 127
203, 128
204, 66
204, 67
204, 68
204, 69
204, 70
204, 71
204, 72
204, 73
204, 74
204, 75
204, 76
204, 77
204, 78
204, 79
204, 80
204, 104
204, 105
204, 106
204, 107
204, 108
204, 109
204, 110
204, 111
204, 112
204, 113
204, 114
204, 115
204, 118
204, 119
204, 120
204, 121
204, 122
204, 123
204, 124
204, 125
204, 126
204, 127
204, 128
204, 129
205, 66
205, 67
205, 68
205, 69
205, 70
205, 71
205, 72
205, 73
205, 74
205, 75
205, 76
205, 77
205, 78
205, 79
205, 80
205, 104
205, 105
205, 106
205, 107
205, 108
205, 109
205, 110
205, 111
205, 112
205, 113
205, 114
205, 115
205, 119
205, 120
205, 121
205, 122
205, 123
205, 124
205, 125
205, 126
205, 127
205, 128
205, 129
206, 66
206, 67
206, 68
206, 69
206, 70
206, 71
206, 72
206, 73
206, 74
206, 75
206, 76
206, 77
206, 78
206, 79
206, 104
206, 105
206, 106
206, 107
206, 108
206, 109
206, 110
206, 111
206, 112
206, 113
206, 114
206, 115
206, 119
206, 120
206, 121
206, 122
206, 123
206, 124
206, 125
206, 126
206, 127
206, 128
206, 129
207, 66
207, 67
207, 68
207, 69
207, 70
207, 71
207, 72
207, 73
207, 74
207, 75
207, 76
207, 77
207, 78
207, 104
207, 105
207, 106
207, 107
207, 108
207, 109
207, 110
207, 111
207, 112
207, 113
207, 114
207, 115
207, 120
207, 121
207, 122
207, 123
207, 124
207, 125
207, 126
207, 127
207, 128
207, 129
208, 66
208, 67
208, 68
208, 69
208, 70
208, 71
208, 72
208, 73
208, 74
208, 75
208, 76
208, 77
208, 78
208, 104
208, 105
208, 106
208, 107
208, 108
208, 109
208, 110
208, 111
208, 112
208, 113
208, 114
208, 115
208, 120
208, 121
208, 122
208, 123
208, 124
208, 125
208, 126
208, 127
208, 128
208, 129
209, 65
209, 66
209, 67
209, 68
209, 69
209, 70
209, 71
209, 72
209, 73
209, 74
209, 75
209, 76
209, 77
209, 78
209, 105
209, 106
209, 107
209, 108
209, 109
209, 110
209, 111
209, 112
209, 113
209, 114
209, 120
209, 121
209, 122
209, 123
209, 124
209, 125
209, 126
209, 127
209, 128
209, 129
210, 65
210, 66
210, 67
210, 68
210, 69
210, 70
210, 71
210, 72
210, 73
210, 74
210, 75
210, 76
210, 77
210, 105
210, 106
210, 107
210, 108
210, 109
210, 110
210, 111
210, 112
210, 113
210, 114
210, 120
210, 121
210, 122
210, 123
210, 124
210, 125
210, 126
210, 127
210, 128
210, 129
211, 65
211, 66
211, 67
211, 68
211, 69
211, 70
211, 71
211, 72
211, 73
211, 74
211, 75
211, 76
211, 77
211, 105
211, 106
211, 107
211, 108
211, 109
211, 110
211, 111
211, 112
211, 113
211, 114
211, 121
211, 122
211, 123
211, 124
211, 125
211, 126
211, 127
211, 128
211, 129
212, 65
212, 66
212, 67
212, 68
212, 69
212, 70
212, 71
212, 72
212, 73
212, 74
212, 75
212, 76
212, 77
212, 105
212, 106
212, 107
212, 108
212, 109
212, 110
212, 111
212, 112
212, 113
212, 114
212, 121
212, 122
212, 123
212, 124
212, 125
212, 126
212, 127
212, 128
213, 65
213, 66
213, 67
213, 68
213, 69
213, 70
213, 71
213, 72
213, 73
213, 74
213, 75
213, 76
213, 105
213, 106
213, 107
213, 108
213, 109
213, 110
213, 111
213, 112
213, 113
213, 114
213, 121
213, 122
213, 123
213, 124
213, 125
213, 126
213, 127
213, 128
214, 65
214, 66
214, 67
214, 68
214, 69
214, 70
214, 71
214, 72
214, 73
214, 74
214, 75
214, 76
214, 105
214, 106
214, 107
214, 108
214, 109
214, 110
214, 111
214, 112
214, 113
214, 114
214, 121
214, 122
214, 123
214, 124
214, 125
214, 126
214, 127
214, 128
215, 65
215, 66
215, 67
215, 68
215, 69
215, 70
215, 71
215, 72
215, 73
215, 74
215, 75
215, 76
215, 105
215, 106
215, 107
215, 108
215, 109
215, 110
215, 111
215, 112
215, 113
215, 114
215, 121
215, 122
215, 123
215, 124
215, 125
215, 126
215, 127
215, 128
216, 65
216, 66
216, 67
216, 68
216, 69
216, 70
216, 71
216, 72
216, 73
216, 74
216, 75
216, 105
216, 106
216, 107
216, 108
216, 109
216, 110
216, 111
216, 112
216, 113
216, 114
216, 121
216, 122
216, 123
216, 124
216, 125
216, 126
216, 127
216, 128
217, 65
217, 66
217, 67
217, 68
217, 69
217, 70
217, 71
217, 72
217, 73
217, 74
217, 75
217, 104
217, 105
217, 106
217, 107
217, 108
217, 109
217, 110
217, 111
217, 112
217, 113
217, 114
217, 121
217, 122
217, 123
217, 124
217, 125
217, 126
217, 127
217, 128
218, 64
218, 65
218, 66
218, 67
218, 68
218, 69
218, 70
218, 71
218, 72
218, 73
218, 74
218, 75
218, 104
218, 105
218, 106
218, 107
218, 108
218, 109
218, 110
218, 111
218, 112
218, 113
218, 114
218, 115
218, 121
218, 122
218, 123
218, 124
218, 125
218, 126
218, 127
218, 128
219, 64
219, 65
219, 66
219, 67
219, 68
219, 69
219, 70
219, 71
219, 72
219, 73
219, 74
219, 75
219, 104
219, 105
219, 106
219, 107
219, 108
219, 109
219, 110
219, 111
219, 112
219, 113
219, 114
219, 115
219, 121
219, 122
219, 123
219, 124
219, 125
219, 126
219, 127
219, 128
220, 64
220, 65
220, 66
220, 67
220, 68
220, 69
220, 70
220, 71
220, 72
220, 73
220, 74
220, 75
220, 104
220, 105
220, 106
220, 107
220, 108
220, 109
220, 110
220, 111
220, 112
220, 113
220, 114
220, 115
220, 121
220, 122
220, 123
220, 124
220, 125
220, 126
220, 127
220, 128
221, 64
221, 65
221, 66
221, 67
221, 68
221, 69
221, 70
221, 71
221, 72
221, 73
221, 74
221, 75
221, 104
221, 105
221, 106
221, 107
221, 108
221, 109
221, 110
221, 111
221, 112
221, 113
221, 114
221, 115
221, 116
221, 121
221, 122
221, 123
221, 124
221, 125
221, 126
221, 127
221, 128
222, 64
222, 65
222, 66
222, 67
222, 68
222, 69
222, 70
222, 71
222, 72
222, 73
222, 74
222, 104
222, 105
222, 106
222, 107
222, 108
222, 109
222, 110
222, 111
222, 112
222, 113
222, 114
222, 115
222, 116
222, 121
222, 122
222, 123
222, 124
222, 125
222, 126
222, 127
222, 128
222, 129
223, 63
223, 64
223, 65
223, 66
223, 67
223, 68
223, 69
223, 70
223, 71
223, 72
223, 73
223, 74
223, 104
223, 105
223, 106
223, 107
223, 108
223, 109
223, 110
223, 111
223, 112
223, 113
223, 114
223, 115
223, 116
223, 117
223, 121
223, 122
223, 123
223, 124
223, 125
223, 126
223, 127
223, 128
223, 129
224, 63
224, 64
224, 65
224, 66
224, 67
224, 68
224, 69
224, 70
224, 71
224, 72
224, 73
224, 74
224, 103
224, 104
224, 105
224, 106
224, 107
224, 108
224, 109
224, 110
224, 111
224, 112
224, 113
224, 114
224, 115
224, 116
224, 117
224, 120
224, 121
224, 122
224, 123
224, 124
224, 125
224, 126
224, 127
224, 128
224, 129
225, 63
225, 64
225, 65
225, 66
225, 67
225, 68
225, 69
225, 70
225, 71
225, 72
225, 73
225, 74
225, 103
225, 104
225, 105
225, 106
225, 107
225, 108
225, 109
225, 110
225, 111
225, 112
225, 113
225, 114
225, 115
225, 116
225, 117
225, 120
225, 121
225, 122
225, 123
225, 124
225, 125
225, 126
225, 127
225, 128
226, 63
226, 64
226, 65
226, 66
226, 67
226, 68
226, 69
226, 70
226, 71
226, 72
226, 73
226, 74
226, 103
226, 104
226, 105
226, 106
226, 107
226, 108
226, 109
226, 110
226, 111
226, 112
226, 113
226, 114
226, 115
226, 116
226, 117
226, 120
226, 121
226, 122
226, 123
226, 124
226, 125
226, 126
226, 127
226, 128
227, 63
227, 64
227, 65
227, 66
227, 67
227, 68
227, 69
227, 70
227, 71
227, 72
227, 73
227, 74
227, 103
227, 104
227, 105
227, 106
227, 107
227, 108
227, 109
227, 110
227, 111
227, 112
227, 113
227, 114
227, 115
227, 116
227, 117
227, 121
227, 122
227, 123
227, 124
227, 125
227, 126
227, 127
228, 63
228, 64
228, 65
228, 66
228, 67
228, 68
228, 69
228, 70
228, 71
228, 72
228, 73
228, 74
228, 103
228, 104
228, 105
228, 106
228, 107
228, 108
228, 109
228, 110
228, 111
228, 112
228, 113
228, 114
228, 115
228, 116
228, 117
228, 121
228, 122
228, 123
228, 124
228, 125
228, 126
228, 127
229, 63
229, 64
229, 65
229, 66
229, 67
229, 68
229, 69
229, 70
229, 71
229, 72
229, 73
229, 74
229, 102
229, 103
229, 104
229, 105
229, 106
229, 107
229, 108
229, 109
229, 110
229, 111
229, 112
229, 113
229, 114
229, 115
229, 116
229, 117
229, 121
229, 122
229, 123
229, 124
229, 125
229, 126
229, 127
230, 63
230, 64
230, 65
230, 66
230, 67
230, 68
230, 69
230, 70
230, 71
230, 72
230, 73
230, 74
230, 102
230, 103
230, 104
230, 105
230, 106
230, 107
230, 108
230, 109
230, 110
230, 111
230, 112
230, 113
230, 114
230, 115
230, 116
230, 117
230, 121
230, 122
230, 123
230, 124
230, 125
230, 126
231, 62
231, 63
231, 64
231, 65
231, 66
231, 67
231, 68
231, 69
231, 70
231, 71
231, 72
231, 73
231, 74
231, 101
231, 102
231, 103
231, 104
231, 105
231, 106
231, 107
231, 108
231, 109
231, 110
231, 111
231, 112
231, 113
231, 114
231, 115
231, 116
231, 117
231, 121
231, 122
231, 123
231, 124
231, 125
231, 126
232, 62
232, 63
232, 64
232, 65
232, 66
232, 67
232, 68
232, 69
232, 70
232, 71
232, 72
232, 73
232, 74
232, 100
232, 101
232, 102
232, 103
232, 104
232, 105
232, 106
232, 107
232, 108
232, 109
232, 110
232, 111
232, 112
232, 113
232, 114
232, 115
232, 116
232, 117
232, 121
232, 122
232, 123
232, 124
232, 125
232, 126
233, 62
233, 63
233, 64
233, 65
233, 66
233, 67
233, 68
233, 69
233, 70
233, 71
233, 72
233, 73
233, 74
233, 100
233, 101
233, 102
233, 103
233, 104
233, 105
233, 106
233, 107
233, 108
233, 109
233, 110
233, 111
233, 112
233, 113
233, 114
233, 115
233, 116
233, 117
233, 121
233, 122
233, 123
233, 124
233, 125
234, 62
234, 63
234, 64
234, 65
234, 66
234, 67
234, 68
234, 69
234, 70
234, 71
234, 72
234, 73
234, 74
234, 99
234, 100
234, 101
234, 102
234, 103
234, 104
234, 105
234, 106
234, 107
234, 108
234, 109
234, 110
234, 111
234, 112
234, 113
234, 114
234, 115
234, 116
234, 117
234, 118
234, 119
234, 120
234, 121
234, 122
234, 123
234, 124
234, 125
234, 126
235, 62
235, 63
235, 64
235, 65
235, 66
235, 67
235, 68
235, 69
235, 70
235, 71
235, 72
235, 73
235, 74
235, 98
235, 99
235, 100
235, 101
235, 102
235, 103
235, 104
235, 105
235, 106
235, 107
235, 108
235, 109
235, 110
235, 111
235, 112
235, 113
235, 114
235, 115
235, 116
235, 117
235, 118
235, 119
235, 120
235, 121
235, 122
235, 123
235, 124
235, 125
235, 126
235, 127
236, 62
236, 63
236, 64
236, 65
236, 66
236, 67
236, 68
236, 69
236, 70
236, 71
236, 72
236, 73
236, 74
236, 97
236, 98
236, 99
236, 100
236, 101
236, 102
236, 103
236, 104
236, 105
236, 106
236, 107
236, 108
236, 109
236, 110
236, 111
236, 112
236, 113
236, 114
236, 115
236, 116
236, 117
236, 118
236, 119
236, 120
236, 121
236, 122
236, 123
236, 124
236, 125
236, 126
236, 127
236, 128
237, 62
237, 63
237, 64
237, 65
237, 66
237, 67
237, 68
237, 69
237, 70
237, 71
237, 72
237, 73
237, 74
237, 96
237, 97
237, 98
237, 99
237, 100
237, 101
237, 102
237, 103
237, 104
237, 105
237, 106
237, 107
237, 108
237, 109
237, 110
237, 111
237, 112
237, 113
237, 114
237, 115
237, 116
237, 117
237, 118
237, 119
237, 120
237, 121
237, 122
237, 123
237, 124
237, 125
237, 126
237, 127
237, 128
238, 61
238, 62
238, 63
238, 64
238, 65
238, 66
238, 67
238, 68
238, 69
238, 70
238, 71
238, 72
238, 73
238, 74
238, 75
238, 94
238, 95
238, 96
238, 97
238, 98
238, 99
238, 100
238, 101
238, 102
238, 103
238, 104
238, 105
238, 106
238, 107
238, 108
238, 109
238, 110
238, 111
238, 112
238, 113
238, 114
238, 115
238, 116
238, 117
238, 118
238, 119
238, 120
238, 121
238, 122
238, 123
238, 124
238, 125
238, 126
238, 127
238, 128
238, 129
239, 61
239, 62
239, 63
239, 64
239, 65
239, 66
239, 67
239, 68
239, 69
239, 70
239, 71
239, 72
239, 73
239, 74
239, 75
239, 92
239, 93
239, 94
239, 95
239, 96
239, 97
239, 98
239, 99
239, 100
239, 101
239, 102
239, 103
239, 104
239, 105
239, 106
239, 107
239, 108
239, 109
239, 110
239, 111
239, 112
239, 113
239, 114
239, 115
239, 116
239, 117
239, 118
239, 119
239, 120
239, 121
239, 122
239, 123
239, 124
239, 125
239, 126
239, 127
239, 128
239, 129
240, 61
240, 62
240, 63
240, 64
240, 65
240, 66
240, 67
240, 68
240, 69
240, 70
240, 71
240, 72
240, 73
240, 74
240, 75
240, 90
240, 91
240, 92
240, 93
240, 94
240, 95
240, 96
240, 97
240, 98
240, 99
240, 100
240, 101
240, 102
240, 103
240, 104
240, 105
240, 106
240, 107
240, 108
240, 109
240, 110
240, 111
240, 112
240, 113
240, 114
240, 115
240, 116
240, 117
240, 118
240, 119
240, 120
240, 121
240, 122
240, 123
240, 124
240, 125
240, 126
240, 127
240, 128
240, 129
241, 61
241, 62
241, 63
241, 64
241, 65
241, 66
241, 67
241, 68
241, 69
241, 70
241, 71
241, 72
241, 73
241, 74
241, 75
241, 88
241, 89
241, 90
241, 91
241, 92
241, 93
241, 94
241, 95
241, 96
241, 97
241, 98
241, 99
241, 100
241, 101
241, 102
241, 103
241, 104
241, 105
241, 106
241, 107
241, 108
241, 109
241, 110
241, 111
241, 112
241, 113
241, 114
241, 115
241, 116
241, 117
241, 118
241, 119
241, 120
241, 121
241, 122
241, 123
241, 124
241, 125
241, 126
241, 127
241, 128
241, 129
241, 130
242, 60
242, 61
242, 62
242, 63
242, 64
242, 65
242, 66
242, 67
242, 68
242, 69
242, 70
242, 71
242, 72
242, 73
242, 74
242, 75
242, 76
242, 87
242, 88
242, 89
242, 90
242, 91
242, 92
242, 93
242, 94
242, 95
242, 96
242, 97
242, 98
242, 99
242, 100
242, 101
242, 102
242, 103
242, 104
242, 105
242, 106
242, 107
242, 108
242, 109
242, 110
242, 111
242, 112
242, 113
242, 114
242, 115
242, 116
242, 117
242, 118
242, 119
242, 120
242, 121
242, 122
242, 123
242, 124
242, 125
242, 126
242, 127
242, 128
242, 129
242, 130
243, 60
243, 61
243, 62
243, 63
243, 64
243, 65
243, 66
243, 67
243, 68
243, 69
243, 70
243, 71
243, 72
243, 73
243, 74
243, 75
243, 88
243, 89
243, 90
243, 91
243, 92
243, 93
243, 94
243, 95
243, 96
243, 97
243, 98
243, 99
243, 100
243, 101
243, 102
243, 103
243, 104
243, 105
243, 106
243, 107
243, 108
243, 109
243, 110
243, 111
243, 112
243, 113
243, 114
243, 115
243, 116
243, 117
243, 118
243, 119
243, 120
243, 121
243, 122
243, 123
243, 124
243, 125
243, 126
243, 127
243, 128
243, 129
244, 60
244, 61
244, 62
244, 63
244, 64
244, 65
244, 66
244, 67
244, 68
244, 69
244, 70
244, 71
244, 72
244, 73
244, 74
244, 75
244, 89
244, 90
244, 91
244, 92
244, 93
244, 94
244, 95
244, 96
244, 97
244, 98
244, 99
244, 100
244, 101
244, 102
244, 103
244, 104
244, 105
244, 106
244, 107
244, 108
244, 109
244, 110
244, 111
244, 112
244, 113
244, 114
244, 115
244, 116
244, 117
244, 118
244, 119
244, 120
244, 121
244, 122
244, 123
244, 124
244, 125
244, 126
244, 127
244, 128
244, 129
245, 60
245, 61
245, 62
245, 63
245, 64
245, 65
245, 66
245, 67
245, 68
245, 69
245, 70
245, 71
245, 72
245, 73
245, 74
245, 75
245, 89
245, 90
245, 91
245, 92
245, 93
245, 94
245, 95
245, 96
245, 97
245, 98
245, 99
245, 100
245, 101
245, 102
245, 103
245, 104
245, 105
245, 106
245, 107
245, 108
245, 109
245, 110
245, 111
245, 112
245, 113
245, 114
245, 115
245, 116
245, 117
245, 118
245, 119
245, 120
245, 121
245, 122
245, 123
245, 124
245, 125
245, 126
245, 127
245, 128
245, 129
246, 60
246, 61
246, 62
246, 63
246, 64
246, 65
246, 66
246, 67
246, 68
246, 69
246, 70
246, 71
246, 72
246, 73
246, 74
246, 75
246, 90
246, 91
246, 92
246, 93
246, 94
246, 95
246, 96
246, 97
246, 98
246, 99
246, 100
246, 101
246, 102
246, 103
246, 104
246, 105
246, 106
246, 107
246, 108
246, 109
246, 110
246, 111
246, 112
246, 113
246, 114
246, 115
246, 116
246, 117
246, 118
246, 119
246, 120
246, 121
246, 122
246, 123
246, 124
246, 125
246, 126
246, 127
246, 128
247, 60
247, 61
247, 62
247, 63
247, 64
247, 65
247, 66
247, 67
247, 68
247, 69
247, 70
247, 71
247, 72
247, 73
247, 74
247, 91
247, 92
247, 93
247, 94
247, 95
247, 96
247, 97
247, 98
247, 99
247, 100
247, 101
247, 102
247, 103
247, 104
247, 105
247, 106
247, 107
247, 108
247, 109
247, 110
247, 111
247, 112
247, 113
247, 114
247, 115
247, 116
247, 117
247, 118
247, 119
247, 120
247, 121
247, 122
247, 123
247, 124
247, 125
247, 126
247, 127
248, 60
248, 61
248, 62
248, 63
248, 64
248, 65
248, 66
248, 67
248, 68
248, 69
248, 70
248, 71
248, 72
248, 73
248, 74
248, 93
248, 94
248, 95
248, 96
248, 97
248, 98
248, 99
248, 100
248, 101
248, 102
248, 103
248, 104
248, 105
248, 106
248, 107
248, 108
248, 109
248, 110
248, 111
248, 112
248, 113
248, 114
248, 115
248, 116
248, 117
248, 118
248, 119
248, 120
248, 121
248, 122
248, 123
248, 124
248, 125
248, 126
248, 127
249, 60
249, 61
249, 62
249, 63
249, 64
249, 65
249, 66
249, 67
249, 68
249, 69
249, 70
249, 71
249, 72
249, 73
249, 74
249, 94
249, 95
249, 96
249, 97
249, 98
249, 99
249, 100
249, 101
249, 102
249, 103
249, 104
249, 105
249, 106
249, 107
249, 108
249, 109
249, 110
249, 111
249, 112
249, 113
249, 114
249, 115
249, 116
249, 117
249, 118
249, 119
249, 120
249, 121
249, 122
249, 123
249, 124
249, 125
249, 126
250, 59
250, 60
250, 61
250, 62
250, 63
250, 64
250, 65
250, 66
250, 67
250, 68
250, 69
250, 70
250, 71
250, 72
250, 73
250, 94
250, 95
250, 96
250, 97
250, 98
250, 99
250, 100
250, 101
250, 102
250, 103
250, 104
250, 105
250, 106
250, 107
250, 108
250, 109
250, 110
250, 111
250, 112
250, 113
250, 114
250, 115
250, 116
250, 117
250, 118
250, 119
250, 120
250, 121
250, 122
250, 123
250, 124
250, 125
251, 59
251, 60
251, 61
251, 62
251, 63
251, 64
251, 65
251, 66
251, 67
251, 68
251, 69
251, 70
251, 71
251, 72
251, 73
251, 95
251, 96
251, 97
251, 98
251, 99
251, 100
251, 101
251, 102
251, 103
251, 104
251, 105
251, 106
251, 107
251, 108
251, 109
251, 110
251, 111
251, 112
251, 113
251, 114
251, 115
251, 116
251, 117
251, 118
251, 119
251, 120
251, 121
251, 122
251, 123
251, 124
252, 59
252, 60
252, 61
252, 62
252, 63
252, 64
252, 65
252, 66
252, 67
252, 68
252, 69
252, 70
252, 71
252, 72
252, 73
252, 96
252, 97
252, 98
252, 99
252, 100
252, 101
252, 102
252, 103
252, 104
252, 105
252, 106
252, 107
252, 108
252, 109
252, 110
252, 111
252, 112
252, 113
252, 114
252, 115
252, 116
252, 117
252, 118
252, 119
252, 120
252, 121
252, 122
252, 123
253, 59
253, 60
253, 61
253, 62
253, 63
253, 64
253, 65
253, 66
253, 67
253, 68
253, 69
253, 70
253, 71
253, 72
253, 99
253, 100
253, 101
253, 102
253, 103
253, 104
253, 105
253, 106
253, 107
253, 108
253, 109
253, 110
253, 111
253, 112
253, 113
253, 114
253, 115
253, 116
253, 117
253, 118
253, 119
253, 120
253, 121
253, 122
254, 59
254, 60
254, 61
254, 62
254, 63
254, 64
254, 65
254, 66
254, 67
254, 68
254, 69
254, 70
254, 71
254, 101
254, 102
254, 103
254, 104
254, 105
254, 106
254, 107
254, 108
254, 109
254, 110
254, 111
254, 112
254, 113
254, 114
254, 115
254, 116
254, 117
254, 118
254, 119
254, 120
254, 121
254, 122
255, 60
255, 61
255, 62
255, 63
255, 64
255, 65
255, 66
255, 67
255, 68
255, 69
255, 70
255, 104
255, 105
255, 106
255, 107
255, 108
255, 109
255, 110
255, 111
255, 112
255, 113
255, 114
255, 115
255, 116
255, 117
255, 118
255, 119
255, 120
255, 121
256, 60
256, 61
256, 62
256, 63
256, 64
256, 65
256, 66
256, 67
256, 68
256, 69
256, 107
256, 108
256, 109
256, 110
256, 111
256, 112
256, 113
256, 114
256, 115
256, 116
256, 117
256, 118
256, 119
256, 120
256, 121
257, 60
257, 61
257, 62
257, 63
257, 64
257, 65
257, 66
257, 67
257, 68
257, 109
257, 110
257, 111
257, 112
257, 113
257, 114
257, 115
257, 116
257, 117
257, 118
257, 119
257, 120
258, 60
258, 61
258, 62
258, 63
258, 64
258, 65
258, 66
258, 67
258, 68
258, 112
258, 113
258, 114
258, 115
258, 116
258, 117
258, 118
258, 119
259, 60
259, 61
259, 62
259, 63
259, 64
259, 65
259, 66
259, 67
259, 68
260, 60
260, 61
260, 62
260, 63
260, 64
260, 65
260, 66
260, 67
261, 64
261, 65
261, 66
261, 67
262, 65
262, 66
263, 66
