74, 90
74, 91
74, 92
75, 88
75, 89
75, 90
75, 91
75, 92
75, 93
75, 94
75, 95
75, 96
76, 87
76, 88
76, 89
76, 90
76, 91
76, 92
76, 93
76, 94
76, 95
76, 96
76, 97
77, 86
77, 87
77, 88
77, 89
77, 90
77, 91
77, 92
77, 93
77, 94
77, 95
77, 96
77, 97
77, 98
78, 86
78, 87
78, 88
78, 89
78, 90
78, 91
78, 92
78, 93
78, 94
78, 95
78, 96
78, 97
78, 98
78, 99
79, 86
79, 87
79, 88
79, 89
79, 90
79, 91
79, 92
79, 93
79, 94
79, 95
79, 96
79, 97
79, 98
79, 99
79, 100
80, 86
80, 87
80, 88
80, 89
80, 90
80, 91
80, 92
80, 93
80, 94
80, 95
80, 96
80, 97
80, 98
80, 99
80, 100
81, 40
81, 41
81, 87
81, 88
81, 89
81, 90
81, 91
81, 92
81, 93
81, 94
81, 95
81, 96
81, 97
81, 98
81, 99
81, 100
81, 101
82, 34
82, 35
82, 36
82, 37
82, 38
82, 39
82, 40
82, 41
82, 42
82, 43
82, 44
82, 45
82, 46
82, 47
82, 48
82, 49
82, 88
82, 89
82, 90
82, 91
82, 92
82, 93
82, 94
82, 95
82, 96
82, 97
82, 98
82, 99
82, 100
82, 101
83, 31
83, 32
83, 33
83, 34
83, 35
83, 36
83, 37
83, 38
83, 39
83, 40
83, 41
83, 42
83, 43
83, 44
83, 45
83, 46
83, 47
83, 48
83, 49
83, 50
83, 51
83, 89
83, 90
83, 91
83, 92
83, 93
83, 94
83, 95
83, 96
83, 97
83, 98
83, 99
83, 100
83, 101
83, 102
84, 30
84, 31
84, 32
84, 33
84, 34
84, 35
84, 36
84, 37
84, 38
84, 39
84, 40
84, 41
84, 42
84, 43
84, 44
84, 45
84, 46
84, 47
84, 48
84, 49
84, 50
84, 51
84, 52
84, 53
84, 90
84, 91
84, 92
84, 93
84, 94
84, 95
84, 96
84, 97
84, 98
84, 99
84, 100
84, 101
84, 102
84, 103
85, 28
85, 29
85, 30
85, 31
85, 32
85, 33
85, 34
85, 35
85, 36
85, 37
85, 38
85, 39
85, 40
85, 41
85, 42
85, 43
85, 44
85, 45
85, 46
85, 47
85, 48
85, 49
85, 50
85, 51
85, 52
85, 53
85, 54
85, 92
85, 93
85, 94
85, 95
85, 96
85, 97
85, 98
85, 99
85, 100
85, 101
85, 102
85, 103
85, 104
86, 28
86, 29
86, 30
86, 31
86, 32
86, 33
86, 34
86, 35
86, 36
86, 37
86, 38
86, 39
86, 40
86, 41
86, 42
86, 43
86, 44
86, 45
86, 46
86, 47
86, 48
86, 49
86, 50
86, 51
86, 52
86, 53
86, 54
86, 92
86, 93
86, 94
86, 95
86, 96
86, 97
86, 98
86, 99
86, 100
86, 101
86, 102
86, 103
86, 104
86, 105
87, 27
87, 28
87, 29
87, 30
87, 31
87, 32
87, 33
87, 34
87, 35
87, 36
87, 37
87, 38
87, 39
87, 40
87, 41
87, 42
87, 43
87, 44
87, 45
87, 46
87, 47
87, 48
87, 49
87, 50
87, 51
87, 52
87, 53
87, 54
87, 55
87, 93
87, 94
87, 95
87, 96
87, 97
87, 98
87, 99
87, 100
87, 101
87, 102
87, 103
87, 104
87, 105
88, 27
88, 28
88, 29
88, 30
88, 31
88, 32
88, 33
88, 34
88, 35
88, 36
88, 37
88, 38
88, 39
88, 40
88, 41
88, 42
88, 43
88, 44
88, 45
88, 46
88, 47
88, 48
88, 49
88, 50
88, 51
88, 52
88, 53
88, 54
88, 55
88, 93
88, 94
88, 95
88, 96
88, 97
88, 98
88, 99
88, 100
88, 101
88, 102
88, 103
88, 104
88, 105
88, 106
89, 27
89, 28
89, 29
89, 30
89, 31
89, 32
89, 33
89, 34
89, 35
89, 36
89, 37
89, 38
89, 39
89, 40
89, 41
89, 42
89, 43
89, 44
89, 45
89, 46
89, 47
89, 48
89, 49
89, 50
89, 51
89, 52
89, 53
89, 54
89, 55
89, 93
89, 94
89, 95
89, 96
89, 97
89, 98
89, 99
89, 100
89, 101
89, 102
89, 103
89, 104
89, 105
89, 106
90, 27
90, 28
90, 29
90, 30
90, 31
90, 32
90, 33
90, 34
90, 35
90, 36
90, 37
90, 38
90, 39
90, 40
90, 41
90, 42
90, 43
90, 44
90, 45
90, 46
90, 47
90, 48
90, 49
90, 50
90, 51
90, 52
90, 53
90, 54
90, 55
90, 93
90, 94
90, 95
90, 96
90, 97
90, 98
90, 99
90, 100
90, 101
90, 102
90, 103
90, 104
90, 105
90, 106
90, 107
91, 27
91, 28
91, 29
91, 30
91, 31
91, 32
91, 33
91, 34
91, 35
91, 36
91, 37
91, 38
91, 39
91, 40
91, 41
91, 42
91, 43
91, 44
91, 45
91, 46
91, 47
91, 48
91, 49
91, 50
91, 51
91, 52
91, 53
91, 54
91, 55
91, 93
91, 94
91, 95
91, 96
91, 97
91, 98
91, 99
91, 100
91, 101
91, 102
91, 103
91, 104
91, 105
91, 106
91, 107
91, 108
92, 27
92, 28
92, 29
92, 30
92, 31
92, 32
92, 33
92, 34
92, 35
92, 36
92, 37
92, 38
92, 39
92, 40
92, 41
92, 42
92, 43
92, 44
92, 45
92, 46
92, 47
92, 48
92, 49
92, 50
92, 51
92, 52
92, 53
92, 54
92, 55
92, 93
92, 94
92, 95
92, 96
92, 97
92, 98
92, 99
92, 100
92, 101
92, 102
92, 103
92, 104
92, 105
92, 106
92, 107
92, 108
92, 109
93, 27
93, 28
93, 29
93, 30
93, 31
93, 32
93, 33
93, 34
93, 35
93, 36
93, 37
93, 38
93, 39
93, 40
93, 41
93, 42
93, 43
93, 44
93, 45
93, 46
93, 47
93, 48
93, 49
93, 50
93, 51
93, 52
93, 53
93, 54
93, 55
93, 93
93, 94
93, 95
93, 96
93, 97
93, 98
93, 99
93, 100
93, 101
93, 102
93, 103
93, 104
93, 105
93, 106
93, 107
93, 108
93, 109
93, 110
94, 27
94, 28
94, 29
94, 30
94, 31
94, 32
94, 33
94, 34
94, 35
94, 36
94, 37
94, 38
94, 39
94, 40
94, 41
94, 42
94, 43
94, 44
94, 45
94, 46
94, 47
94, 48
94, 49
94, 50
94, 51
94, 52
94, 53
94, 54
94, 55
94, 93
94, 94
94, 95
94, 96
94, 97
94, 98
94, 99
94, 100
94, 101
94, 102
94, 103
94, 104
94, 105
94, 106
94, 107
94, 108
94, 109
94, 110
95, 26
95, 27
95, 28
95, 29
95, 30
95, 31
95, 32
95, 33
95, 34
95, 35
95, 36
95, 37
95, 38
95, 39
95, 40
95, 41
95, 42
95, 43
95, 44
95, 45
95, 46
95, 47
95, 48
95, 49
95, 50
95, 51
95, 52
95, 53
95, 54
95, 55
95, 93
95, 94
95, 95
95, 96
95, 97
95, 98
95, 99
95, 100
95, 101
95, 102
95, 103
95, 104
95, 105
95, 106
95, 107
95, 108
95, 109
95, 110
95, 111
96, 26
96, 27
96, 28
96, 29
96, 30
96, 31
96, 32
96, 33
96, 34
96, 35
96, 36
96, 37
96, 38
96, 39
96, 40
96, 41
96, 42
96, 43
96, 44
96, 45
96, 46
96, 47
96, 48
96, 49
96, 50
96, 51
96, 52
96, 53
96, 54
96, 55
96, 93
96, 94
96, 95
96, 96
96, 97
96, 98
96, 99
96, 100
96, 101
96, 102
96, 103
96, 104
96, 105
96, 106
96, 107
96, 108
96, 109
96, 110
96, 111
97, 26
97, 27
97, 28
97, 29
97, 30
97, 31
97, 32
97, 33
97, 34
97, 35
97, 36
97, 37
97, 38
97, 39
97, 40
97, 41
97, 42
97, 43
97, 44
97, 45
97, 46
97, 47
97, 48
97, 49
97, 50
97, 51
97, 52
97, 53
97, 54
97, 55
97, 93
97, 94
97, 95
97, 96
97, 97
97, 98
97, 99
97, 100
97, 101
97, 102
97, 103
97, 104
97, 105
97, 106
97, 107
97, 108
97, 109
97, 110
97, 111
98, 26
98, 27
98, 28
98, 29
98, 30
98, 31
98, 32
98, 33
98, 34
98, 35
98, 36
98, 37
98, 38
98, 39
98, 40
98, 41
98, 42
98, 43
98, 44
98, 45
98, 46
98, 47
98, 48
98, 49
98, 50
98, 51
98, 52
98, 53
98, 54
98, 55
98, 93
98, 94
98, 95
98, 96
98, 97
98, 98
98, 99
98, 100
98, 101
98, 102
98, 103
98, 104
98, 105
98, 106
98, 107
98, 108
98, 109
98, 110
98, 111
98, 112
99, 26
99, 27
99, 28
99, 29
99, 30
99, 31
99, 32
99, 33
99, 34
99, 35
99, 36
99, 37
99, 38
99, 39
99, 40
99, 41
99, 42
99, 43
99, 44
99, 45
99, 46
99, 47
99, 48
99, 49
99, 50
99, 51
99, 52
99, 53
99, 54
99, 55
99, 93
99, 94
99, 95
99, 96
99, 97
99, 98
99, 99
99, 100
99, 101
99, 102
99, 103
99, 104
99, 105
99, 106
99, 107
99, 108
99, 109
99, 110
99, 111
99, 112
100, 26
100, 27
100, 28
100, 29
100, 30
100, 31
100, 32
100, 33
100, 34
100, 35
100, 36
100, 37
100, 38
100, 39
100, 40
100, 41
100, 42
100, 43
100, 44
100, 45
100, 46
100, 47
100, 48
100, 49
100, 50
100, 51
100, 52
100, 53
100, 54
100, 94
100, 95
100, 96
100, 97
100, 98
100, 99
100, 100
100, 101
100, 102
100, 103
100, 104
100, 105
100, 106
100, 107
100, 108
100, 109
100, 110
100, 111
100, 112
100, 113
101, 26
101, 27
101, 28
101, 29
101, 30
101, 31
101, 32
101, 33
101, 34
101, 35
101, 36
101, 37
101, 38
101, 39
101, 40
101, 41
101, 42
101, 43
101, 44
101, 45
101, 46
101, 47
101, 48
101, 49
101, 50
101, 51
101, 52
101, 53
101, 54
101, 94
101, 95
101, 96
101, 97
101, 98
101, 99
101, 100
101, 101
101, 102
101, 103
101, 104
101, 105
101, 106
101, 107
101, 108
101, 109
101, 110
101, 111
101, 112
101, 113
102, 26
102, 27
102, 28
102, 29
102, 30
102, 31
102, 32
102, 33
102, 34
102, 35
102, 36
102, 37
102, 38
102, 39
102, 40
102, 41
102, 42
102, 43
102, 44
102, 45
102, 46
102, 47
102, 48
102, 49
102, 50
102, 51
102, 52
102, 53
102, 54
102, 94
102, 95
102, 96
102, 97
102, 98
102, 99
102, 100
102, 101
102, 102
102, 103
102, 104
102, 105
102, 106
102, 107
102, 108
102, 109
102, 110
102, 111
102, 112
102, 113
102, 114
103, 26
103, 27
103, 28
103, 29
103, 30
103, 31
103, 32
103, 33
103, 34
103, 35
103, 36
103, 37
103, 38
103, 39
103, 40
103, 41
103, 42
103, 43
103, 44
103, 45
103, 46
103, 47
103, 48
103, 49
103, 50
103, 51
103, 52
103, 53
103, 54
103, 94
103, 95
103, 96
103, 97
103, 98
103, 99
103, 100
103, 101
103, 102
103, 103
103, 104
103, 105
103, 106
103, 107
103, 108
103, 109
103, 110
103, 111
103, 112
103, 113
103, 114
104, 26
104, 27
104, 28
104, 29
104, 30
104, 31
104, 32
104, 33
104, 34
104, 35
104, 36
104, 37
104, 38
104, 39
104, 40
104, 41
104, 42
104, 43
104, 44
104, 45
104, 46
104, 47
104, 48
104, 49
104, 50
104, 51
104, 52
104, 53
104, 54
104, 94
104, 95
104, 96
104, 97
104, 98
104, 99
104, 100
104, 101
104, 102
104, 103
104, 104
104, 105
104, 106
104, 107
104, 108
104, 109
104, 110
104, 111
104, 112
104, 113
104, 114
105, 26
105, 27
105, 28
105, 29
105, 30
105, 31
105, 32
105, 33
105, 34
105, 35
105, 36
105, 37
105, 38
105, 39
105, 40
105, 41
105, 42
105, 43
105, 44
105, 45
105, 46
105, 47
105, 48
105, 49
105, 50
105, 51
105, 52
105, 53
105, 94
105, 95
105, 96
105, 97
105, 98
105, 99
105, 100
105, 101
105, 102
105, 103
105, 104
105, 105
105, 106
105, 107
105, 108
105, 109
105, 110
105, 111
105, 112
105, 113
105, 114
105, 115
106, 26
106, 27
106, 28
106, 29
106, 30
106, 31
106, 32
106, 33
106, 34
106, 35
106, 36
106, 37
106, 38
106, 39
106, 40
106, 41
106, 42
106, 43
106, 44
106, 45
106, 46
106, 47
106, 48
106, 49
106, 50
106, 51
106, 52
106, 53
106, 94
106, 95
106, 96
106, 97
106, 98
106, 99
106, 100
106, 101
106, 102
106, 103
106, 104
106, 105
106, 106
106, 107
106, 108
106, 109
106, 110
106, 111
106, 112
106, 113
106, 114
106, 115
107, 26
107, 27
107, 28
107, 29
107, 30
107, 31
107, 32
107, 33
107, 34
107, 35
107, 36
107, 37
107, 38
107, 39
107, 40
107, 41
107, 42
107, 43
107, 44
107, 45
107, 46
107, 47
107, 48
107, 49
107, 50
107, 51
107, 52
107, 53
107, 94
107, 95
107, 96
107, 97
107, 98
107, 99
107, 100
107, 101
107, 102
107, 103
107, 104
107, 105
107, 106
107, 107
107, 108
107, 109
107, 110
107, 111
107, 112
107, 113
107, 114
107, 115
108, 26
108, 27
108, 28
108, 29
108, 30
108, 31
108, 32
108, 33
108, 34
108, 35
108, 36
108, 37
108, 38
108, 39
108, 40
108, 41
108, 42
108, 43
108, 44
108, 45
108, 46
108, 47
108, 48
108, 49
108, 50
108, 51
108, 52
108, 53
108, 94
108, 95
108, 96
108, 97
108, 98
108, 99
108, 100
108, 101
108, 102
108, 103
108, 104
108, 105
108, 106
108, 107
108, 108
108, 109
108, 110
108, 111
108, 112
108, 113
108, 114
108, 115
108, 116
109, 26
109, 27
109, 28
109, 29
109, 30
109, 31
109, 32
109, 33
109, 34
109, 35
109, 36
109, 37
109, 38
109, 39
109, 40
109, 41
109, 42
109, 43
109, 44
109, 45
109, 46
109, 47
109, 48
109, 49
109, 50
109, 51
109, 52
109, 53
109, 94
109, 95
109, 96
109, 97
109, 98
109, 99
109, 100
109, 101
109, 102
109, 103
109, 104
109, 105
109, 106
109, 107
109, 108
109, 109
109, 110
109, 111
109, 112
109, 113
109, 114
109, 115
109, 116
110, 26
110, 27
110, 28
110, 29
110, 30
110, 31
110, 32
110, 33
110, 34
110, 35
110, 36
110, 37
110, 38
110, 39
110, 40
110, 41
110, 42
110, 43
110, 44
110, 45
110, 46
110, 47
110, 48
110, 49
110, 50
110, 51
110, 52
110, 53
110, 95
110, 96
110, 97
110, 98
110, 99
110, 100
110, 101
110, 102
110, 103
110, 104
110, 105
110, 106
110, 107
110, 108
110, 109
110, 110
110, 111
110, 112
110, 113
110, 114
110, 115
110, 116
111, 26
111, 27
111, 28
111, 29
111, 30
111, 31
111, 32
111, 33
111, 34
111, 35
111, 36
111, 37
111, 38
111, 39
111, 40
111, 41
111, 42
111, 43
111, 44
111, 45
111, 46
111, 47
111, 48
111, 49
111, 50
111, 51
111, 52
111, 53
111, 95
111, 96
111, 97
111, 98
111, 99
111, 100
111, 101
111, 102
111, 103
111, 104
111, 105
111, 106
111, 107
111, 108
111, 109
111, 110
111, 111
111, 112
111, 113
111, 114
111, 115
111, 116
111, 117
112, 26
112, 27
112, 28
112, 29
112, 30
112, 31
112, 32
112, 33
112, 34
112, 35
112, 36
112, 37
112, 38
112, 39
112, 40
112, 41
112, 42
112, 43
112, 44
112, 45
112, 46
112, 47
112, 48
112, 49
112, 50
112, 51
112, 52
112, 53
112, 95
112, 96
112, 97
112, 98
112, 99
112, 100
112, 101
112, 102
112, 103
112, 104
112, 105
112, 106
112, 107
112, 108
112, 109
112, 110
112, 111
112, 112
112, 113
112, 114
112, 115
112, 116
112, 117
112, 118
113, 26
113, 27
113, 28
113, 29
113, 30
113, 31
113, 32
113, 33
113, 34
113, 35
113, 36
113, 37
113, 38
113, 39
113, 40
113, 41
113, 42
113, 43
113, 44
113, 45
113, 46
113, 47
113, 48
113, 49
113, 50
113, 51
113, 52
113, 53
113, 95
113, 96
113, 97
113, 98
113, 99
113, 100
113, 101
113, 102
113, 103
113, 104
113, 105
113, 106
113, 107
113, 108
113, 109
113, 110
113, 111
113, 112
113, 113
113, 114
113, 115
113, 116
113, 117
113, 118
114, 26
114, 27
114, 28
114, 29
114, 30
114, 31
114, 32
114, 33
114, 34
114, 35
114, 36
114, 37
114, 38
114, 39
114, 40
114, 41
114, 42
114, 43
114, 44
114, 45
114, 46
114, 47
114, 48
114, 49
114, 50
114, 51
114, 52
114, 95
114, 96
114, 97
114, 98
114, 99
114, 100
114, 101
114, 102
114, 103
114, 104
114, 105
114, 106
114, 107
114, 108
114, 109
114, 110
114, 111
114, 112
114, 113
114, 114
114, 115
114, 116
114, 117
114, 118
115, 26
115, 27
115, 28
115, 29
115, 30
115, 31
115, 32
115, 33
115, 34
115, 35
115, 36
115, 37
115, 38
115, 39
115, 40
115, 41
115, 42
115, 43
115, 44
115, 45
115, 46
115, 47
115, 48
115, 49
115, 50
115, 51
115, 52
115, 95
115, 96
115, 97
115, 98
115, 99
115, 100
115, 101
115, 102
115, 103
115, 104
115, 105
115, 106
115, 107
115, 108
115, 109
115, 110
115, 111
115, 112
115, 113
115, 114
115, 115
115, 116
115, 117
115, 118
116, 26
116, 27
116, 28
116, 29
116, 30
116, 31
116, 32
116, 33
116, 34
116, 35
116, 36
116, 37
116, 38
116, 39
116, 40
116, 41
116, 42
116, 43
116, 44
116, 45
116, 46
116, 47
116, 48
116, 49
116, 50
116, 51
116, 52
116, 95
116, 96
116, 97
116, 98
116, 99
116, 100
116, 101
116, 102
116, 103
116, 104
116, 105
116, 106
116, 107
116, 108
116, 109
116, 110
116, 111
116, 112
116, 113
116, 114
116, 115
116, 116
116, 117
116, 118
116, 119
117, 26
117, 27
117, 28
117, 29
117, 30
117, 31
117, 32
117, 33
117, 34
117, 35
117, 36
117, 37
117, 38
117, 39
117, 40
117, 41
117, 42
117, 43
117, 44
117, 45
117, 46
117, 47
117, 48
117, 49
117, 50
117, 51
117, 52
117, 95
117, 96
117, 97
117, 98
117, 99
117, 100
117, 101
117, 102
117, 103
117, 104
117, 105
117, 106
117, 107
117, 108
117, 109
117, 110
117, 111
117, 112
117, 113
117, 114
117, 115
117, 116
117, 117
117, 118
117, 119
118, 26
118, 27
118, 28
118, 29
118, 30
118, 31
118, 32
118, 33
118, 34
118, 35
118, 36
118, 37
118, 38
118, 39
118, 40
118, 41
118, 42
118, 43
118, 44
118, 45
118, 46
118, 47
118, 48
118, 49
118, 50
118, 51
118, 52
118, 95
118, 96
118, 97
118, 98
118, 99
118, 100
118, 101
118, 102
118, 103
118, 104
118, 105
118, 106
118, 107
118, 108
118, 109
118, 110
118, 111
118, 112
118, 113
118, 114
118, 115
118, 116
118, 117
118, 118
118, 119
119, 26
119, 27
119, 28
119, 29
119, 30
119, 31
119, 32
119, 33
119, 34
119, 35
119, 36
119, 37
119, 38
119, 39
119, 40
119, 41
119, 42
119, 43
119, 44
119, 45
119, 46
119, 47
119, 48
119, 49
119, 50
119, 51
119, 52
119, 95
119, 96
119, 97
119, 98
119, 99
119, 100
119, 101
119, 102
119, 103
119, 104
119, 105
119, 106
119, 107
119, 108
119, 109
119, 110
119, 111
119, 112
119, 113
119, 114
119, 115
119, 116
119, 117
119, 118
119, 119
120, 26
120, 27
120, 28
120, 29
120, 30
120, 31
120, 32
120, 33
120, 34
120, 35
120, 36
120, 37
120, 38
120, 39
120, 40
120, 41
120, 42
120, 43
120, 44
120, 45
120, 46
120, 47
120, 48
120, 49
120, 50
120, 51
120, 52
120, 95
120, 96
120, 97
120, 98
120, 99
120, 100
120, 101
120, 102
120, 103
120, 104
120, 105
120, 106
120, 107
120, 108
120, 109
120, 110
120, 111
120, 112
120, 113
120, 114
120, 115
120, 116
120, 117
120, 118
120, 119
120, 120
121, 26
121, 27
121, 28
121, 29
121, 30
121, 31
121, 32
121, 33
121, 34
121, 35
121, 36
121, 37
121, 38
121, 39
121, 40
121, 41
121, 42
121, 43
121, 44
121, 45
121, 46
121, 47
121, 48
121, 49
121, 50
121, 51
121, 95
121, 96
121, 97
121, 98
121, 99
121, 100
121, 101
121, 102
121, 103
121, 104
121, 105
121, 106
121, 107
121, 108
121, 109
121, 110
121, 111
121, 112
121, 113
121, 114
121, 115
121, 116
121, 117
121, 118
121, 119
121, 120
122, 26
122, 27
122, 28
122, 29
122, 30
122, 31
122, 32
122, 33
122, 34
122, 35
122, 36
122, 37
122, 38
122, 39
122, 40
122, 41
122, 42
122, 43
122, 44
122, 45
122, 46
122, 47
122, 48
122, 49
122, 50
122, 51
122, 95
122, 96
122, 97
122, 98
122, 99
122, 100
122, 101
122, 102
122, 103
122, 104
122, 105
122, 106
122, 107
122, 108
122, 109
122, 110
122, 111
122, 112
122, 113
122, 114
122, 115
122, 116
122, 117
122, 118
122, 119
122, 120
123, 26
123, 27
123, 28
123, 29
123, 30
123, 31
123, 32
123, 33
123, 34
123, 35
123, 36
123, 37
123, 38
123, 39
123, 40
123, 41
123, 42
123, 43
123, 44
123, 45
123, 46
123, 47
123, 48
123, 49
123, 50
123, 51
123, 95
123, 96
123, 97
123, 98
123, 99
123, 100
123, 101
123, 102
123, 103
123, 104
123, 105
123, 106
123, 107
123, 108
123, 109
123, 110
123, 111
123, 112
123, 113
123, 114
123, 115
123, 116
123, 117
123, 118
123, 119
123, 120
124, 26
124, 27
124, 28
124, 29
124, 30
124, 31
124, 32
124, 33
124, 34
124, 35
124, 36
124, 37
124, 38
124, 39
124, 40
124, 41
124, 42
124, 43
124, 44
124, 45
124, 46
124, 47
124, 48
124, 49
124, 50
124, 51
124, 95
124, 96
124, 97
124, 98
124, 99
124, 100
124, 101
124, 102
124, 103
124, 104
124, 105
124, 106
124, 107
124, 108
124, 109
124, 110
124, 111
124, 112
124, 113
124, 114
124, 115
124, 116
124, 117
124, 118
124, 119
124, 120
125, 26
125, 27
125, 28
125, 29
125, 30
125, 31
125, 32
125, 33
125, 34
125, 35
125, 36
125, 37
125, 38
125, 39
125, 40
125, 41
125, 42
125, 43
125, 44
125, 45
125, 46
125, 47
125, 48
125, 49
125, 50
125, 51
125, 95
125, 96
125, 97
125, 98
125, 99
125, 100
125, 101
125, 102
125, 103
125, 104
125, 105
125, 106
125, 107
125, 108
125, 109
125, 110
125, 111
125, 112
125, 113
125, 114
125, 115
125, 116
125, 117
125, 118
125, 119
125, 120
125, 121
126, 26
126, 27
126, 28
126, 29
126, 30
126, 31
126, 32
126, 33
126, 34
126, 35
126, 36
126, 37
126, 38
126, 39
126, 40
126, 41
126, 42
126, 43
126, 44
126, 45
126, 46
126, 47
126, 48
126, 49
126, 50
126, 51
126, 95
126, 96
126, 97
126, 98
126, 99
126, 100
126, 101
126, 102
126, 103
126, 104
126, 105
126, 106
126, 107
126, 108
126, 109
126, 110
126, 111
126, 112
126, 113
126, 114
126, 115
126, 116
126, 117
126, 118
126, 119
126, 120
126, 121
127, 26
127, 27
127, 28
127, 29
127, 30
127, 31
127, 32
127, 33
127, 34
127, 35
127, 36
127, 37
127, 38
127, 39
127, 40
127, 41
127, 42
127, 43
127, 44
127, 45
127, 46
127, 47
127, 48
127, 49
127, 50
127, 95
127, 96
127, 97
127, 98
127, 99
127, 100
127, 101
127, 102
127, 103
127, 104
127, 105
127, 106
127, 107
127, 108
127, 109
127, 110
127, 111
127, 112
127, 113
127, 114
127, 115
127, 116
127, 117
127, 118
127, 119
127, 120
127, 121
127, 122
128, 26
128, 27
128, 28
128, 29
128, 30
128, 31
128, 32
128, 33
128, 34
128, 35
128, 36
128, 37
128, 38
128, 39
128, 40
128, 41
128, 42
128, 43
128, 44
128, 45
128, 46
128, 47
128, 48
128, 49
128, 50
128, 96
128, 97
128, 98
128, 99
128, 100
128, 101
128, 102
128, 103
128, 104
128, 105
128, 106
128, 107
128, 108
128, 109
128, 110
128, 111
128, 112
128, 113
128, 114
128, 115
128, 116
128, 117
128, 118
128, 119
128, 120
128, 121
128, 122
129, 26
129, 27
129, 28
129, 29
129, 30
129, 31
129, 32
129, 33
129, 34
129, 35
129, 36
129, 37
129, 38
129, 39
129, 40
129, 41
129, 42
129, 43
129, 44
129, 45
129, 46
129, 47
129, 48
129, 49
129, 50
129, 96
129, 97
129, 98
129, 99
129, 100
129, 101
129, 102
129, 103
129, 104
129, 105
129, 106
129, 107
129, 108
129, 109
129, 110
129, 111
129, 112
129, 113
129, 114
129, 115
129, 116
129, 117
129, 118
129, 119
129, 120
129, 121
129, 122
130, 26
130, 27
130, 28
130, 29
130, 30
130, 31
130, 32
130, 33
130, 34
130, 35
130, 36
130, 37
130, 38
130, 39
130, 40
130, 41
130, 42
130, 43
130, 44
130, 45
130, 46
130, 47
130, 48
130, 49
130, 50
130, 96
130, 97
130, 98
130, 99
130, 100
130, 101
130, 102
130, 103
130, 104
130, 105
130, 106
130, 107
130, 108
130, 109
130, 110
130, 111
130, 112
130, 113
130, 114
130, 115
130, 116
130, 117
130, 118
130, 119
130, 120
130, 121
130, 122
130, 123
131, 26
131, 27
131, 28
131, 29
131, 30
131, 31
131, 32
131, 33
131, 34
131, 35
131, 36
131, 37
131, 38
131, 39
131, 40
131, 41
131, 42
131, 43
131, 44
131, 45
131, 46
131, 47
131, 48
131, 49
131, 50
131, 96
131, 97
131, 98
131, 99
131, 100
131, 101
131, 102
131, 103
131, 104
131, 105
131, 106
131, 107
131, 108
131, 109
131, 110
131, 111
131, 112
131, 113
131, 114
131, 115
131, 116
131, 117
131, 118
131, 119
131, 120
131, 121
131, 122
131, 123
132, 26
132, 27
132, 28
132, 29
132, 30
132, 31
132, 32
132, 33
132, 34
132, 35
132, 36
132, 37
132, 38
132, 39
132, 40
132, 41
132, 42
132, 43
132, 44
132, 45
132, 46
132, 47
132, 48
132, 49
132, 96
132, 97
132, 98
132, 99
132, 100
132, 101
132, 102
132, 103
132, 104
132, 105
132, 106
132, 107
132, 108
132, 109
132, 110
132, 111
132, 112
132, 113
132, 114
132, 115
132, 116
132, 117
132, 118
132, 119
132, 120
132, 121
132, 122
132, 123
133, 26
133, 27
133, 28
133, 29
133, 30
133, 31
133, 32
133, 33
133, 34
133, 35
133, 36
133, 37
133, 38
133, 39
133, 40
133, 41
133, 42
133, 43
133, 44
133, 45
133, 46
133, 47
133, 48
133, 49
133, 96
133, 97
133, 98
133, 99
133, 100
133, 101
133, 102
133, 103
133, 104
133, 105
133, 106
133, 107
133, 108
133, 109
133, 110
133, 111
133, 112
133, 113
133, 114
133, 115
133, 116
133, 117
133, 118
133, 119
133, 120
133, 121
133, 122
133, 123
134, 26
134, 27
134, 28
134, 29
134, 30
134, 31
134, 32
134, 33
134, 34
134, 35
134, 36
134, 37
134, 38
134, 39
134, 40
134, 41
134, 42
134, 43
134, 44
134, 45
134, 46
134, 47
134, 48
134, 49
134, 96
134, 97
134, 98
134, 99
134, 100
134, 101
134, 102
134, 103
134, 104
134, 105
134, 106
134, 107
134, 108
134, 109
134, 110
134, 111
134, 112
134, 113
134, 114
134, 115
134, 116
134, 117
134, 118
134, 119
134, 120
134, 121
134, 122
134, 123
135, 26
135, 27
135, 28
135, 29
135, 30
135, 31
135, 32
135, 33
135, 34
135, 35
135, 36
135, 37
135, 38
135, 39
135, 40
135, 41
135, 42
135, 43
135, 44
135, 45
135, 46
135, 47
135, 48
135, 49
135, 96
135, 97
135, 98
135, 99
135, 100
135, 101
135, 102
135, 103
135, 104
135, 105
135, 106
135, 107
135, 108
135, 109
135, 110
135, 111
135, 112
135, 113
135, 114
135, 115
135, 116
135, 117
135, 118
135, 119
135, 120
135, 121
135, 122
135, 123
136, 26
136, 27
136, 28
136, 29
136, 30
136, 31
136, 32
136, 33
136, 34
136, 35
136, 36
136, 37
136, 38
136, 39
136, 40
136, 41
136, 42
136, 43
136, 44
136, 45
136, 46
136, 47
136, 48
136, 49
136, 96
136, 97
136, 98
136, 99
136, 100
136, 101
136, 102
136, 103
136, 104
136, 105
136, 106
136, 107
136, 108
136, 109
136, 110
136, 111
136, 112
136, 113
136, 114
136, 115
136, 116
136, 117
136, 118
136, 119
136, 120
136, 121
136, 122
136, 123
136, 124
137, 26
137, 27
137, 28
137, 29
137, 30
137, 31
137, 32
137, 33
137, 34
137, 35
137, 36
137, 37
137, 38
137, 39
137, 40
137, 41
137, 42
137, 43
137, 44
137, 45
137, 46
137, 47
137, 48
137, 49
137, 96
137, 97
137, 98
137, 99
137, 100
137, 101
137, 102
137, 103
137, 104
137, 105
137, 106
137, 107
137, 108
137, 109
137, 110
137, 111
137, 112
137, 113
137, 114
137, 115
137, 116
137, 117
137, 118
137, 119
137, 120
137, 121
137, 122
137, 123
137, 124
138, 26
138, 27
138, 28
138, 29
138, 30
138, 31
138, 32
138, 33
138, 34
138, 35
138, 36
138, 37
138, 38
138, 39
138, 40
138, 41
138, 42
138, 43
138, 44
138, 45
138, 46
138, 47
138, 48
138, 96
138, 97
138, 98
138, 99
138, 100
138, 101
138, 102
138, 103
138, 104
138, 105
138, 106
138, 107
138, 108
138, 109
138, 110
138, 111
138, 112
138, 113
138, 114
138, 115
138, 116
138, 117
138, 118
138, 119
138, 120
138, 121
138, 122
138, 123
138, 124
139, 26
139, 27
139, 28
139, 29
139, 30
139, 31
139, 32
139, 33
139, 34
139, 35
139, 36
139, 37
139, 38
139, 39
139, 40
139, 41
139, 42
139, 43
139, 44
139, 45
139, 46
139, 47
139, 48
139, 97
139, 98
139, 99
139, 100
139, 101
139, 102
139, 103
139, 104
139, 105
139, 106
139, 107
139, 108
139, 109
139, 110
139, 111
139, 112
139, 113
139, 114
139, 115
139, 116
139, 117
139, 118
139, 119
139, 120
139, 121
139, 122
139, 123
139, 124
140, 26
140, 27
140, 28
140, 29
140, 30
140, 31
140, 32
140, 33
140, 34
140, 35
140, 36
140, 37
140, 38
140, 39
140, 40
140, 41
140, 42
140, 43
140, 44
140, 45
140, 46
140, 47
140, 48
140, 97
140, 98
140, 99
140, 100
140, 101
140, 102
140, 103
140, 104
140, 105
140, 106
140, 107
140, 108
140, 109
140, 110
140, 111
140, 112
140, 113
140, 114
140, 115
140, 116
140, 117
140, 118
140, 119
140, 120
140, 121
140, 122
140, 123
140, 124
141, 26
141, 27
141, 28
141, 29
141, 30
141, 31
141, 32
141, 33
141, 34
141, 35
141, 36
141, 37
141, 38
141, 39
141, 40
141, 41
141, 42
141, 43
141, 44
141, 45
141, 46
141, 47
141, 48
141, 97
141, 98
141, 99
141, 100
141, 101
141, 102
141, 103
141, 104
141, 105
141, 106
141, 107
141, 108
141, 109
141, 110
141, 111
141, 112
141, 113
141, 114
141, 115
141, 116
141, 117
141, 118
141, 119
141, 120
141, 121
141, 122
141, 123
141, 124
142, 27
142, 28
142, 29
142, 30
142, 31
142, 32
142, 33
142, 34
142, 35
142, 36
142, 37
142, 38
142, 39
142, 40
142, 41
142, 42
142, 43
142, 44
142, 45
142, 46
142, 47
142, 48
142, 97
142, 98
142, 99
142, 100
142, 101
142, 102
142, 103
142, 104
142, 105
142, 106
142, 107
142, 108
142, 109
142, 110
142, 111
142, 112
142, 113
142, 114
142, 115
142, 116
142, 117
142, 118
142, 119
142, 120
142, 121
142, 122
142, 123
142, 124
142, 125
143, 27
143, 28
143, 29
143, 30
143, 31
143, 32
143, 33
143, 34
143, 35
143, 36
143, 37
143, 38
143, 39
143, 40
143, 41
143, 42
143, 43
143, 44
143, 45
143, 46
143, 47
143, 48
143, 97
143, 98
143, 99
143, 100
143, 101
143, 102
143, 103
143, 104
143, 105
143, 106
143, 107
143, 108
143, 109
143, 110
143, 111
143, 112
143, 113
143, 114
143, 115
143, 116
143, 117
143, 118
143, 119
143, 120
143, 121
143, 122
143, 123
143, 124
143, 125
144, 27
144, 28
144, 29
144, 30
144, 31
144, 32
144, 33
144, 34
144, 35
144, 36
144, 37
144, 38
144, 39
144, 40
144, 41
144, 42
144, 43
144, 44
144, 45
144, 46
144, 47
144, 48
144, 97
144, 98
144, 99
144, 100
144, 101
144, 102
144, 103
144, 104
144, 105
144, 106
144, 107
144, 108
144, 109
144, 110
144, 111
144, 112
144, 113
144, 114
144, 115
144, 116
144, 117
144, 118
144, 119
144, 120
144, 121
144, 122
144, 123
144, 124
144, 125
145, 27
145, 28
145, 29
145, 30
145, 31
145, 32
145, 33
145, 34
145, 35
145, 36
145, 37
145, 38
145, 39
145, 40
145, 41
145, 42
145, 43
145, 44
145, 45
145, 46
145, 47
145, 97
145, 98
145, 99
145, 100
145, 101
145, 102
145, 103
145, 104
145, 105
145, 106
145, 107
145, 108
145, 109
145, 110
145, 111
145, 112
145, 113
145, 114
145, 115
145, 116
145, 117
145, 118
145, 119
145, 120
145, 121
145, 122
145, 123
145, 124
145, 125
145, 126
146, 27
146, 28
146, 29
146, 30
146, 31
146, 32
146, 33
146, 34
146, 35
146, 36
146, 37
146, 38
146, 39
146, 40
146, 41
146, 42
146, 43
146, 44
146, 45
146, 46
146, 47
146, 97
146, 98
146, 99
146, 100
146, 101
146, 102
146, 103
146, 104
146, 105
146, 106
146, 107
146, 108
146, 109
146, 110
146, 111
146, 112
146, 113
146, 114
146, 115
146, 116
146, 117
146, 118
146, 119
146, 120
146, 121
146, 122
146, 123
146, 124
146, 125
146, 126
147, 27
147, 28
147, 29
147, 30
147, 31
147, 32
147, 33
147, 34
147, 35
147, 36
147, 37
147, 38
147, 39
147, 40
147, 41
147, 42
147, 43
147, 44
147, 45
147, 46
147, 47
147, 97
147, 98
147, 99
147, 100
147, 101
147, 102
147, 103
147, 104
147, 105
147, 106
147, 107
147, 108
147, 109
147, 110
147, 111
147, 112
147, 113
147, 114
147, 115
147, 116
147, 117
147, 118
147, 119
147, 120
147, 121
147, 122
147, 123
147, 124
147, 125
147, 126
148, 27
148, 28
148, 29
148, 30
148, 31
148, 32
148, 33
148, 34
148, 35
148, 36
148, 37
148, 38
148, 39
148, 40
148, 41
148, 42
148, 43
148, 44
148, 45
148, 46
148, 47
148, 97
148, 98
148, 99
148, 100
148, 101
148, 102
148, 103
148, 104
148, 105
148, 106
148, 107
148, 108
148, 109
148, 110
148, 111
148, 112
148, 113
148, 114
148, 115
148, 116
148, 117
148, 118
148, 119
148, 120
148, 121
148, 122
148, 123
148, 124
148, 125
148, 126
148, 127
149, 27
149, 28
149, 29
149, 30
149, 31
149, 32
149, 33
149, 34
149, 35
149, 36
149, 37
149, 38
149, 39
149, 40
149, 41
149, 42
149, 43
149, 44
149, 45
149, 46
149, 47
149, 97
149, 98
149, 99
149, 100
149, 101
149, 102
149, 103
149, 104
149, 105
149, 106
149, 107
149, 108
149, 109
149, 110
149, 111
149, 112
149, 113
149, 114
149, 115
149, 116
149, 117
149, 118
149, 119
149, 120
149, 121
149, 122
149, 123
149, 124
149, 125
149, 126
149, 127
150, 27
150, 28
150, 29
150, 30
150, 31
150, 32
150, 33
150, 34
150, 35
150, 36
150, 37
150, 38
150, 39
150, 40
150, 41
150, 42
150, 43
150, 44
150, 45
150, 46
150, 97
150, 98
150, 99
150, 100
150, 101
150, 102
150, 103
150, 104
150, 105
150, 106
150, 107
150, 108
150, 109
150, 110
150, 111
150, 112
150, 113
150, 114
150, 115
150, 116
150, 117
150, 118
150, 119
150, 120
150, 121
150, 122
150, 123
150, 124
150, 125
150, 126
150, 127
151, 27
151, 28
151, 29
151, 30
151, 31
151, 32
151, 33
151, 34
151, 35
151, 36
151, 37
151, 38
151, 39
151, 40
151, 41
151, 42
151, 43
151, 44
151, 45
151, 46
151, 97
151, 98
151, 99
151, 100
151, 101
151, 102
151, 103
151, 104
151, 105
151, 106
151, 107
151, 108
151, 109
151, 110
151, 111
151, 112
151, 113
151, 114
151, 115
151, 116
151, 117
151, 118
151, 119
151, 120
151, 121
151, 122
151, 123
151, 124
151, 125
151, 126
151, 127
152, 27
152, 28
152, 29
152, 30
152, 31
152, 32
152, 33
152, 34
152, 35
152, 36
152, 37
152, 38
152, 39
152, 40
152, 41
152, 42
152, 43
152, 44
152, 45
152, 46
152, 97
152, 98
152, 99
152, 100
152, 101
152, 102
152, 103
152, 104
152, 105
152, 106
152, 107
152, 108
152, 109
152, 110
152, 111
152, 112
152, 113
152, 114
152, 115
152, 116
152, 117
152, 118
152, 119
152, 120
152, 121
152, 122
152, 123
152, 124
152, 125
152, 126
152, 127
153, 27
153, 28
153, 29
153, 30
153, 31
153, 32
153, 33
153, 34
153, 35
153, 36
153, 37
153, 38
153, 39
153, 40
153, 41
153, 42
153, 43
153, 44
153, 45
153, 46
153, 97
153, 98
153, 99
153, 100
153, 101
153, 102
153, 103
153, 104
153, 105
153, 106
153, 107
153, 108
153, 109
153, 110
153, 111
153, 112
153, 113
153, 114
153, 115
153, 116
153, 117
153, 118
153, 119
153, 120
153, 121
153, 122
153, 123
153, 124
153, 125
153, 126
153, 127
154, 27
154, 28
154, 29
154, 30
154, 31
154, 32
154, 33
154, 34
154, 35
154, 36
154, 37
154, 38
154, 39
154, 40
154, 41
154, 42
154, 43
154, 44
154, 45
154, 97
154, 98
154, 99
154, 100
154, 101
154, 102
154, 103
154, 104
154, 105
154, 106
154, 107
154, 108
154, 109
154, 110
154, 111
154, 112
154, 113
154, 114
154, 115
154, 116
154, 117
154, 118
154, 119
154, 120
154, 121
154, 122
154, 123
154, 124
154, 125
154, 126
154, 127
155, 27
155, 28
155, 29
155, 30
155, 31
155, 32
155, 33
155, 34
155, 35
155, 36
155, 37
155, 38
155, 39
155, 40
155, 41
155, 42
155, 43
155, 44
155, 45
155, 97
155, 98
155, 99
155, 100
155, 101
155, 102
155, 103
155, 104
155, 105
155, 106
155, 107
155, 108
155, 109
155, 110
155, 111
155, 112
155, 113
155, 114
155, 115
155, 116
155, 117
155, 118
155, 119
155, 120
155, 121
155, 122
155, 123
155, 124
155, 125
155, 126
155, 127
155, 128
156, 27
156, 28
156, 29
156, 30
156, 31
156, 32
156, 33
156, 34
156, 35
156, 36
156, 37
156, 38
156, 39
156, 40
156, 41
156, 42
156, 43
156, 44
156, 45
156, 97
156, 98
156, 99
156, 100
156, 101
156, 102
156, 103
156, 104
156, 105
156, 106
156, 107
156, 108
156, 109
156, 110
156, 111
156, 112
156, 113
156, 114
156, 115
156, 116
156, 117
156, 118
156, 119
156, 120
156, 121
156, 122
156, 123
156, 124
156, 125
156, 126
156, 127
156, 128
157, 27
157, 28
157, 29
157, 30
157, 31
157, 32
157, 33
157, 34
157, 35
157, 36
157, 37
157, 38
157, 39
157, 40
157, 41
157, 42
157, 43
157, 44
157, 45
157, 97
157, 98
157, 99
157, 100
157, 101
157, 102
157, 103
157, 104
157, 105
157, 106
157, 107
157, 108
157, 109
157, 110
157, 111
157, 112
157, 113
157, 114
157, 115
157, 116
157, 117
157, 118
157, 119
157, 120
157, 121
157, 122
157, 123
157, 124
157, 125
157, 126
157, 127
157, 128
158, 27
158, 28
158, 29
158, 30
158, 31
158, 32
158, 33
158, 34
158, 35
158, 36
158, 37
158, 38
158, 39
158, 40
158, 41
158, 42
158, 43
158, 44
158, 45
158, 97
158, 98
158, 99
158, 100
158, 101
158, 102
158, 103
158, 104
158, 105
158, 106
158, 107
158, 108
158, 109
158, 110
158, 111
158, 112
158, 113
158, 114
158, 115
158, 116
158, 117
158, 118
158, 119
158, 120
158, 121
158, 122
158, 123
158, 124
158, 125
158, 126
158, 127
158, 128
159, 27
159, 28
159, 29
159, 30
159, 31
159, 32
159, 33
159, 34
159, 35
159, 36
159, 37
159, 38
159, 39
159, 40
159, 41
159, 42
159, 43
159, 44
159, 45
159, 97
159, 98
159, 99
159, 100
159, 101
159, 102
159, 103
159, 104
159, 105
159, 106
159, 107
159, 108
159, 109
159, 110
159, 111
159, 112
159, 113
159, 114
159, 115
159, 116
159, 117
159, 118
159, 119
159, 120
159, 121
159, 122
159, 123
159, 124
159, 125
159, 126
159, 127
159, 128
160, 27
160, 28
160, 29
160, 30
160, 31
160, 32
160, 33
160, 34
160, 35
160, 36
160, 37
160, 38
160, 39
160, 40
160, 41
160, 42
160, 43
160, 44
160, 45
160, 97
160, 98
160, 99
160, 100
160, 101
160, 102
160, 103
160, 104
160, 105
160, 106
160, 107
160, 108
160, 109
160, 110
160, 111
160, 112
160, 113
160, 114
160, 115
160, 116
160, 117
160, 118
160, 119
160, 120
160, 121
160, 122
160, 123
160, 124
160, 125
160, 126
160, 127
160, 128
161, 27
161, 28
161, 29
161, 30
161, 31
161, 32
161, 33
161, 34
161, 35
161, 36
161, 37
161, 38
161, 39
161, 40
161, 41
161, 42
161, 43
161, 44
161, 45
161, 97
161, 98
161, 99
161, 100
161, 101
161, 102
161, 103
161, 104
161, 105
161, 106
161, 107
161, 108
161, 109
161, 110
161, 111
161, 112
161, 113
161, 114
161, 115
161, 116
161, 117
161, 118
161, 119
161, 120
161, 121
161, 122
161, 123
161, 124
161, 125
161, 126
161, 127
161, 128
162, 27
162, 28
162, 29
162, 30
162, 31
162, 32
162, 33
162, 34
162, 35
162, 36
162, 37
162, 38
162, 39
162, 40
162, 41
162, 42
162, 43
162, 44
162, 45
162, 97
162, 98
162, 99
162, 100
162, 101
162, 102
162, 103
162, 104
162, 105
162, 106
162, 107
162, 108
162, 109
162, 110
162, 111
162, 112
162, 113
162, 114
162, 115
162, 116
162, 117
162, 118
162, 119
162, 120
162, 121
162, 122
162, 123
162, 124
162, 125
162, 126
162, 127
162, 128
162, 129
163, 27
163, 28
163, 29
163, 30
163, 31
163, 32
163, 33
163, 34
163, 35
163, 36
163, 37
163, 38
163, 39
163, 40
163, 41
163, 42
163, 43
163, 44
163, 45
163, 97
163, 98
163, 99
163, 100
163, 101
163, 102
163, 103
163, 104
163, 105
163, 106
163, 107
163, 108
163, 109
163, 110
163, 111
163, 112
163, 113
163, 114
163, 115
163, 116
163, 117
163, 118
163, 119
163, 120
163, 121
163, 122
163, 123
163, 124
163, 125
163, 126
163, 127
163, 128
163, 129
164, 27
164, 28
164, 29
164, 30
164, 31
164, 32
164, 33
164, 34
164, 35
164, 36
164, 37
164, 38
164, 39
164, 40
164, 41
164, 42
164, 43
164, 44
164, 45
164, 97
164, 98
164, 99
164, 100
164, 101
164, 102
164, 103
164, 104
164, 105
164, 106
164, 107
164, 108
164, 109
164, 110
164, 111
164, 112
164, 113
164, 114
164, 115
164, 116
164, 117
164, 118
164, 119
164, 120
164, 121
164, 122
164, 123
164, 124
164, 125
164, 126
164, 127
164, 128
164, 129
165, 27
165, 28
165, 29
165, 30
165, 31
165, 32
165, 33
165, 34
165, 35
165, 36
165, 37
165, 38
165, 39
165, 40
165, 41
165, 42
165, 43
165, 44
165, 45
165, 97
165, 98
165, 99
165, 100
165, 101
165, 102
165, 103
165, 104
165, 105
165, 106
165, 107
165, 108
165, 109
165, 110
165, 111
165, 112
165, 113
165, 114
165, 115
165, 116
165, 117
165, 118
165, 119
165, 120
165, 121
165, 122
165, 123
165, 124
165, 125
165, 126
165, 127
165, 128
165, 129
165, 130
166, 27
166, 28
166, 29
166, 30
166, 31
166, 32
166, 33
166, 34
166, 35
166, 36
166, 37
166, 38
166, 39
166, 40
166, 41
166, 42
166, 43
166, 44
166, 45
166, 97
166, 98
166, 99
166, 100
166, 101
166, 102
166, 103
166, 104
166, 105
166, 106
166, 107
166, 108
166, 109
166, 110
166, 111
166, 112
166, 113
166, 114
166, 115
166, 116
166, 117
166, 118
166, 119
166, 120
166, 121
166, 122
166, 123
166, 124
166, 125
166, 126
166, 127
166, 128
166, 129
166, 130
167, 27
167, 28
167, 29
167, 30
167, 31
167, 32
167, 33
167, 34
167, 35
167, 36
167, 37
167, 38
167, 39
167, 40
167, 41
167, 42
167, 43
167, 44
167, 45
167, 97
167, 98
167, 99
167, 100
167, 101
167, 102
167, 103
167, 104
167, 105
167, 106
167, 107
167, 108
167, 109
167, 110
167, 111
167, 112
167, 113
167, 114
167, 115
167, 116
167, 117
167, 118
167, 119
167, 120
167, 121
167, 122
167, 123
167, 124
167, 125
167, 126
167, 127
167, 128
167, 129
167, 130
168, 27
168, 28
168, 29
168, 30
168, 31
168, 32
168, 33
168, 34
168, 35
168, 36
168, 37
168, 38
168, 39
168, 40
168, 41
168, 42
168, 43
168, 44
168, 97
168, 98
168, 99
168, 100
168, 101
168, 102
168, 103
168, 104
168, 105
168, 106
168, 107
168, 108
168, 109
168, 110
168, 111
168, 112
168, 113
168, 114
168, 115
168, 116
168, 117
168, 118
168, 119
168, 120
168, 121
168, 122
168, 123
168, 124
168, 125
168, 126
168, 127
168, 128
168, 129
168, 130
169, 27
169, 28
169, 29
169, 30
169, 31
169, 32
169, 33
169, 34
169, 35
169, 36
169, 37
169, 38
169, 39
169, 40
169, 41
169, 97
169, 98
169, 99
169, 100
169, 101
169, 102
169, 103
169, 104
169, 105
169, 106
169, 107
169, 108
169, 109
169, 110
169, 111
169, 112
169, 113
169, 114
169, 115
169, 116
169, 117
169, 118
169, 119
169, 120
169, 121
169, 122
169, 123
169, 124
169, 125
169, 126
169, 127
169, 128
169, 129
169, 130
169, 131
170, 27
170, 28
170, 29
170, 30
170, 31
170, 32
170, 33
170, 34
170, 35
170, 36
170, 37
170, 38
170, 97
170, 98
170, 99
170, 100
170, 101
170, 102
170, 103
170, 104
170, 105
170, 106
170, 107
170, 108
170, 109
170, 110
170, 111
170, 112
170, 113
170, 114
170, 115
170, 116
170, 117
170, 118
170, 119
170, 120
170, 121
170, 122
170, 123
170, 124
170, 125
170, 126
170, 127
170, 128
170, 129
170, 130
170, 131
171, 27
171, 28
171, 29
171, 30
171, 31
171, 32
171, 33
171, 34
171, 35
171, 36
171, 97
171, 98
171, 99
171, 100
171, 101
171, 102
171, 103
171, 104
171, 105
171, 106
171, 107
171, 108
171, 109
171, 110
171, 111
171, 112
171, 113
171, 114
171, 115
171, 116
171, 117
171, 118
171, 119
171, 120
171, 121
171, 122
171, 123
171, 124
171, 125
171, 126
171, 127
171, 128
171, 129
171, 130
171, 131
172, 27
172, 28
172, 29
172, 30
172, 31
172, 32
172, 33
172, 34
172, 35
172, 97
172, 98
172, 99
172, 100
172, 101
172, 102
172, 103
172, 104
172, 105
172, 106
172, 107
172, 108
172, 109
172, 110
172, 111
172, 112
172, 113
172, 114
172, 115
172, 116
172, 117
172, 118
172, 119
172, 120
172, 121
172, 122
172, 123
172, 124
172, 125
172, 126
172, 127
172, 128
172, 129
172, 130
172, 131
173, 27
173, 28
173, 29
173, 30
173, 31
173, 32
173, 33
173, 34
173, 35
173, 97
173, 98
173, 99
173, 100
173, 101
173, 102
173, 103
173, 104
173, 105
173, 106
173, 107
173, 108
173, 109
173, 110
173, 111
173, 112
173, 113
173, 114
173, 115
173, 116
173, 117
173, 118
173, 119
173, 120
173, 121
173, 122
173, 123
173, 124
173, 125
173, 126
173, 127
173, 128
173, 129
173, 130
173, 131
173, 132
174, 27
174, 28
174, 29
174, 30
174, 31
174, 32
174, 33
174, 34
174, 35
174, 97
174, 98
174, 99
174, 100
174, 101
174, 102
174, 103
174, 104
174, 105
174, 106
174, 107
174, 108
174, 109
174, 110
174, 111
174, 112
174, 113
174, 114
174, 115
174, 116
174, 117
174, 118
174, 119
174, 120
174, 121
174, 122
174, 123
174, 124
174, 125
174, 126
174, 127
174, 128
174, 129
174, 130
174, 131
174, 132
175, 27
175, 28
175, 29
175, 30
175, 31
175, 32
175, 33
175, 34
175, 35
175, 97
175, 98
175, 99
175, 100
175, 101
175, 102
175, 103
175, 104
175, 105
175, 106
175, 107
175, 108
175, 109
175, 110
175, 111
175, 112
175, 113
175, 114
175, 115
175, 116
175, 117
175, 118
175, 119
175, 120
175, 121
175, 122
175, 123
175, 124
175, 125
175, 126
175, 127
175, 128
175, 129
175, 130
175, 131
175, 132
176, 28
176, 29
176, 30
176, 31
176, 32
176, 33
176, 34
176, 97
176, 98
176, 99
176, 100
176, 101
176, 102
176, 103
176, 104
176, 105
176, 106
176, 107
176, 108
176, 109
176, 110
176, 111
176, 112
176, 113
176, 114
176, 115
176, 116
176, 117
176, 118
176, 119
176, 120
176, 121
176, 122
176, 123
176, 124
176, 125
176, 126
176, 127
176, 128
176, 129
176, 130
176, 131
176, 132
176, 133
177, 28
177, 29
177, 30
177, 31
177, 32
177, 33
177, 34
177, 96
177, 97
177, 98
177, 99
177, 100
177, 101
177, 102
177, 103
177, 104
177, 105
177, 106
177, 107
177, 108
177, 109
177, 110
177, 111
177, 112
177, 113
177, 114
177, 115
177, 116
177, 117
177, 118
177, 119
177, 120
177, 121
177, 122
177, 123
177, 124
177, 125
177, 126
177, 127
177, 128
177, 129
177, 130
177, 131
177, 132
177, 133
178, 28
178, 29
178, 30
178, 31
178, 32
178, 33
178, 34
178, 96
178, 97
178, 98
178, 99
178, 100
178, 101
178, 102
178, 103
178, 104
178, 105
178, 106
178, 107
178, 108
178, 109
178, 110
178, 111
178, 112
178, 113
178, 114
178, 115
178, 116
178, 117
178, 118
178, 119
178, 120
178, 121
178, 122
178, 123
178, 124
178, 125
178, 126
178, 127
178, 128
178, 129
178, 130
178, 131
178, 132
178, 133
179, 28
179, 29
179, 30
179, 31
179, 32
179, 33
179, 34
179, 96
179, 97
179, 98
179, 99
179, 100
179, 101
179, 102
179, 103
179, 104
179, 105
179, 106
179, 107
179, 108
179, 109
179, 110
179, 111
179, 112
179, 113
179, 114
179, 115
179, 116
179, 117
179, 118
179, 119
179, 120
179, 121
179, 122
179, 123
179, 124
179, 125
179, 126
179, 127
179, 128
179, 129
179, 130
179, 131
179, 132
179, 133
179, 134
180, 28
180, 29
180, 30
180, 31
180, 32
180, 33
180, 34
180, 96
180, 97
180, 98
180, 99
180, 100
180, 101
180, 102
180, 103
180, 104
180, 105
180, 106
180, 107
180, 108
180, 109
180, 110
180, 111
180, 112
180, 113
180, 114
180, 115
180, 116
180, 117
180, 118
180, 119
180, 120
180, 121
180, 122
180, 123
180, 124
180, 125
180, 126
180, 127
180, 128
180, 129
180, 130
180, 131
180, 132
180, 133
180, 134
181, 28
181, 29
181, 30
181, 31
181, 32
181, 33
181, 96
181, 97
181, 98
181, 99
181, 100
181, 101
181, 102
181, 103
181, 104
181, 105
181, 106
181, 107
181, 108
181, 109
181, 110
181, 111
181, 112
181, 113
181, 114
181, 115
181, 116
181, 117
181, 118
181, 119
181, 120
181, 121
181, 122
181, 123
181, 124
181, 125
181, 126
181, 127
181, 128
181, 129
181, 130
181, 131
181, 132
181, 133
181, 134
181, 135
182, 28
182, 29
182, 30
182, 31
182, 32
182, 33
182, 96
182, 97
182, 98
182, 99
182, 100
182, 101
182, 102
182, 103
182, 104
182, 105
182, 106
182, 107
182, 108
182, 109
182, 110
182, 111
182, 112
182, 113
182, 114
182, 115
182, 116
182, 117
182, 118
182, 119
182, 120
182, 121
182, 122
182, 123
182, 124
182, 125
182, 126
182, 127
182, 128
182, 129
182, 130
182, 131
182, 132
182, 133
182, 134
182, 135
183, 28
183, 29
183, 30
183, 31
183, 32
183, 33
183, 96
183, 97
183, 98
183, 99
183, 100
183, 101
183, 102
183, 103
183, 104
183, 105
183, 106
183, 107
183, 108
183, 109
183, 110
183, 111
183, 112
183, 113
183, 114
183, 115
183, 116
183, 117
183, 118
183, 119
183, 120
183, 121
183, 122
183, 123
183, 124
183, 125
183, 126
183, 127
183, 128
183, 129
183, 130
183, 131
183, 132
183, 133
183, 134
183, 135
184, 30
184, 31
184, 32
184, 96
184, 97
184, 98
184, 99
184, 100
184, 101
184, 102
184, 103
184, 104
184, 105
184, 106
184, 107
184, 108
184, 109
184, 110
184, 111
184, 112
184, 113
184, 114
184, 115
184, 116
184, 117
184, 118
184, 119
184, 120
184, 121
184, 122
184, 123
184, 124
184, 125
184, 126
184, 127
184, 128
184, 129
184, 130
184, 131
184, 132
184, 133
184, 134
184, 135
184, 136
185, 31
185, 32
185, 97
185, 98
185, 99
185, 100
185, 101
185, 102
185, 103
185, 104
185, 105
185, 106
185, 107
185, 108
185, 109
185, 110
185, 111
185, 112
185, 113
185, 114
185, 115
185, 116
185, 117
185, 118
185, 119
185, 120
185, 121
185, 122
185, 123
185, 124
185, 125
185, 126
185, 127
185, 128
185, 129
185, 130
185, 131
185, 132
185, 133
185, 134
185, 135
185, 136
186, 98
186, 99
186, 100
186, 101
186, 102
186, 103
186, 104
186, 105
186, 106
186, 107
186, 108
186, 109
186, 110
186, 111
186, 112
186, 113
186, 114
186, 115
186, 116
186, 117
186, 118
186, 119
186, 120
186, 121
186, 122
186, 123
186, 124
186, 125
186, 126
186, 127
186, 128
186, 129
186, 130
186, 131
186, 132
186, 133
186, 134
186, 135
186, 136
187, 100
187, 101
187, 102
187, 103
187, 104
187, 105
187, 106
187, 107
187, 108
187, 109
187, 110
187, 111
187, 112
187, 113
187, 114
187, 115
187, 116
187, 117
187, 118
187, 119
187, 120
187, 121
187, 122
187, 123
187, 124
187, 125
187, 126
187, 127
187, 128
187, 129
187, 130
187, 131
187, 132
187, 133
187, 134
187, 135
187, 136
187, 137
188, 102
188, 103
188, 104
188, 105
188, 106
188, 107
188, 108
188, 109
188, 110
188, 111
188, 112
188, 113
188, 114
188, 115
188, 116
188, 117
188, 118
188, 119
188, 120
188, 121
188, 122
188, 123
188, 124
188, 125
188, 126
188, 127
188, 128
188, 129
188, 130
188, 131
188, 132
188, 133
188, 134
188, 135
188, 136
188, 137
189, 102
189, 103
189, 104
189, 105
189, 106
189, 107
189, 108
189, 109
189, 110
189, 111
189, 112
189, 113
189, 114
189, 115
189, 116
189, 117
189, 118
189, 119
189, 120
189, 121
189, 122
189, 123
189, 124
189, 125
189, 126
189, 127
189, 128
189, 129
189, 130
189, 131
189, 132
189, 133
189, 134
189, 135
189, 136
189, 137
190, 103
190, 104
190, 105
190, 106
190, 107
190, 108
190, 109
190, 110
190, 111
190, 112
190, 113
190, 114
190, 115
190, 116
190, 117
190, 118
190, 119
190, 120
190, 121
190, 122
190, 123
190, 124
190, 125
190, 126
190, 127
190, 128
190, 129
190, 130
190, 131
190, 132
190, 133
190, 134
190, 135
190, 136
190, 137
190, 138
191, 103
191, 104
191, 105
191, 106
191, 107
191, 108
191, 109
191, 110
191, 111
191, 112
191, 113
191, 114
191, 115
191, 116
191, 117
191, 118
191, 119
191, 120
191, 121
191, 122
191, 123
191, 124
191, 125
191, 126
191, 127
191, 128
191, 129
191, 130
191, 131
191, 132
191, 133
191, 134
191, 135
191, 136
191, 137
191, 138
192, 103
192, 104
192, 105
192, 106
192, 107
192, 108
192, 109
192, 110
192, 111
192, 112
192, 113
192, 114
192, 115
192, 116
192, 117
192, 118
192, 119
192, 120
192, 121
192, 122
192, 123
192, 124
192, 125
192, 126
192, 127
192, 128
192, 129
192, 130
192, 131
192, 132
192, 133
192, 134
192, 135
192, 136
192, 137
192, 138
193, 104
193, 105
193, 106
193, 107
193, 108
193, 109
193, 110
193, 111
193, 112
193, 113
193, 114
193, 115
193, 116
193, 117
193, 118
193, 119
193, 120
193, 121
193, 122
193, 123
193, 124
193, 125
193, 126
193, 127
193, 128
193, 129
193, 130
193, 131
193, 132
193, 133
193, 134
193, 135
193, 136
193, 137
193, 138
193, 139
194, 104
194, 105
194, 106
194, 107
194, 108
194, 109
194, 110
194, 111
194, 112
194, 113
194, 114
194, 115
194, 116
194, 117
194, 118
194, 119
194, 120
194, 121
194, 122
194, 123
194, 124
194, 125
194, 126
194, 127
194, 128
194, 129
194, 130
194, 131
194, 132
194, 133
194, 134
194, 135
194, 136
194, 137
194, 138
194, 139
195, 104
195, 105
195, 106
195, 107
195, 108
195, 109
195, 110
195, 111
195, 112
195, 113
195, 114
195, 115
195, 116
195, 117
195, 118
195, 119
195, 120
195, 121
195, 122
195, 123
195, 124
195, 125
195, 126
195, 127
195, 128
195, 129
195, 130
195, 131
195, 132
195, 133
195, 134
195, 135
195, 136
195, 137
195, 138
195, 139
196, 104
196, 105
196, 106
196, 107
196, 108
196, 109
196, 110
196, 111
196, 112
196, 113
196, 114
196, 115
196, 116
196, 117
196, 118
196, 119
196, 120
196, 121
196, 122
196, 123
196, 124
196, 125
196, 126
196, 127
196, 128
196, 129
196, 130
196, 131
196, 132
196, 133
196, 134
196, 135
196, 136
196, 137
196, 138
196, 139
197, 104
197, 105
197, 106
197, 107
197, 108
197, 109
197, 110
197, 111
197, 112
197, 113
197, 114
197, 115
197, 116
197, 117
197, 118
197, 119
197, 120
197, 121
197, 122
197, 123
197, 124
197, 125
197, 126
197, 127
197, 128
197, 129
197, 130
197, 131
197, 132
197, 133
197, 134
197, 135
197, 136
197, 137
197, 138
197, 139
197, 140
198, 104
198, 105
198, 106
198, 107
198, 108
198, 109
198, 110
198, 111
198, 112
198, 113
198, 114
198, 115
198, 116
198, 117
198, 118
198, 119
198, 120
198, 121
198, 122
198, 123
198, 124
198, 125
198, 126
198, 127
198, 128
198, 129
198, 130
198, 131
198, 132
198, 133
198, 134
198, 135
198, 136
198, 137
198, 138
198, 139
198, 140
199, 105
199, 106
199, 107
199, 108
199, 109
199, 110
199, 111
199, 112
199, 113
199, 114
199, 115
199, 116
199, 117
199, 118
199, 119
199, 120
199, 121
199, 122
199, 123
199, 124
199, 125
199, 126
199, 127
199, 128
199, 129
199, 130
199, 131
199, 132
199, 133
199, 134
199, 135
199, 136
199, 137
199, 138
199, 139
199, 140
200, 105
200, 106
200, 107
200, 108
200, 109
200, 110
200, 111
200, 112
200, 113
200, 114
200, 115
200, 116
200, 117
200, 118
200, 119
200, 120
200, 121
200, 122
200, 123
200, 124
200, 125
200, 126
200, 127
200, 128
200, 129
200, 130
200, 131
200, 132
200, 133
200, 134
200, 135
200, 136
200, 137
200, 138
200, 139
200, 140
201, 105
201, 106
201, 107
201, 108
201, 109
201, 110
201, 111
201, 112
201, 113
201, 114
201, 115
201, 116
201, 117
201, 118
201, 119
201, 120
201, 121
201, 122
201, 123
201, 124
201, 125
201, 126
201, 127
201, 128
201, 129
201, 130
201, 131
201, 132
201, 133
201, 134
201, 135
201, 136
201, 137
201, 138
201, 139
201, 140
202, 105
202, 106
202, 107
202, 108
202, 109
202, 110
202, 111
202, 112
202, 113
202, 114
202, 115
202, 116
202, 117
202, 118
202, 119
202, 120
202, 121
202, 122
202, 123
202, 124
202, 125
202, 126
202, 127
202, 128
202, 129
202, 130
202, 131
202, 132
202, 133
202, 134
202, 135
202, 136
202, 137
202, 138
202, 139
202, 140
203, 106
203, 107
203, 108
203, 109
203, 110
203, 111
203, 112
203, 113
203, 114
203, 115
203, 116
203, 117
203, 118
203, 119
203, 120
203, 121
203, 122
203, 123
203, 124
203, 125
203, 126
203, 127
203, 128
203, 129
203, 130
203, 131
203, 132
203, 133
203, 134
203, 135
203, 136
203, 137
203, 138
203, 139
203, 140
204, 106
204, 107
204, 108
204, 109
204, 110
204, 111
204, 112
204, 113
204, 114
204, 115
204, 116
204, 117
204, 118
204, 119
204, 120
204, 121
204, 122
204, 123
204, 124
204, 125
204, 126
204, 127
204, 128
204, 129
204, 130
204, 131
204, 132
204, 133
204, 134
204, 135
204, 136
204, 137
204, 138
204, 139
204, 140
204, 141
205, 107
205, 108
205, 109
205, 110
205, 111
205, 112
205, 113
205, 114
205, 115
205, 116
205, 117
205, 118
205, 119
205, 120
205, 121
205, 122
205, 123
205, 124
205, 125
205, 126
205, 127
205, 128
205, 129
205, 130
205, 131
205, 132
205, 133
205, 134
205, 135
205, 136
205, 137
205, 138
205, 139
205, 140
205, 141
206, 108
206, 109
206, 110
206, 111
206, 112
206, 113
206, 114
206, 115
206, 116
206, 117
206, 118
206, 119
206, 120
206, 121
206, 122
206, 123
206, 124
206, 125
206, 126
206, 127
206, 128
206, 129
206, 130
206, 131
206, 132
206, 133
206, 134
206, 135
206, 136
206, 137
206, 138
206, 139
206, 140
206, 141
207, 109
207, 110
207, 111
207, 112
207, 113
207, 114
207, 115
207, 116
207, 117
207, 118
207, 119
207, 120
207, 121
207, 122
207, 123
207, 124
207, 125
207, 126
207, 127
207, 128
207, 129
207, 130
207, 131
207, 132
207, 133
207, 134
207, 135
207, 136
207, 137
207, 138
207, 139
207, 140
207, 141
208, 114
208, 115
208, 116
208, 117
208, 118
208, 119
208, 120
208, 121
208, 122
208, 123
208, 124
208, 125
208, 126
208, 127
208, 128
208, 129
208, 130
208, 131
208, 132
208, 133
208, 134
208, 135
208, 136
208, 137
208, 138
208, 139
208, 140
208, 141
209, 118
209, 119
209, 120
209, 121
209, 122
209, 123
209, 124
209, 125
209, 126
209, 127
209, 128
209, 129
209, 130
209, 131
209, 132
209, 133
209, 134
209, 135
209, 136
209, 137
209, 138
209, 139
209, 140
209, 141
210, 118
210, 119
210, 120
210, 121
210, 122
210, 123
210, 124
210, 125
210, 126
210, 127
210, 128
210, 129
210, 130
210, 131
210, 132
210, 133
210, 134
210, 135
210, 136
210, 137
210, 138
210, 139
210, 140
210, 141
211, 118
211, 119
211, 120
211, 121
211, 122
211, 123
211, 124
211, 125
211, 126
211, 127
211, 128
211, 129
211, 130
211, 131
211, 132
211, 133
211, 134
211, 135
211, 136
211, 137
211, 138
211, 139
211, 140
211, 141
212, 118
212, 119
212, 120
212, 121
212, 122
212, 123
212, 124
212, 125
212, 126
212, 127
212, 128
212, 129
212, 130
212, 131
212, 132
212, 133
212, 134
212, 135
212, 136
212, 137
212, 138
212, 139
212, 140
212, 141
213, 114
213, 115
213, 119
213, 120
213, 121
213, 122
213, 123
213, 124
213, 125
213, 126
213, 127
213, 128
213, 129
213, 130
213, 131
213, 132
213, 133
213, 134
213, 135
213, 136
213, 137
213, 138
213, 139
213, 140
213, 141
214, 113
214, 114
214, 115
214, 119
214, 120
214, 121
214, 122
214, 123
214, 124
214, 125
214, 126
214, 127
214, 128
214, 129
214, 130
214, 131
214, 132
214, 133
214, 134
214, 135
214, 136
214, 137
214, 138
214, 139
214, 140
214, 141
215, 113
215, 114
215, 115
215, 116
215, 119
215, 120
215, 121
215, 122
215, 123
215, 124
215, 125
215, 126
215, 127
215, 128
215, 129
215, 130
215, 131
215, 132
215, 133
215, 134
215, 135
215, 136
215, 137
215, 138
215, 139
215, 140
215, 141
216, 113
216, 114
216, 115
216, 116
216, 119
216, 120
216, 121
216, 122
216, 123
216, 124
216, 125
216, 126
216, 127
216, 128
216, 129
216, 130
216, 131
216, 132
216, 133
216, 134
216, 135
216, 136
216, 137
216, 138
216, 139
216, 140
216, 141
217, 113
217, 114
217, 115
217, 116
217, 119
217, 120
217, 121
217, 122
217, 123
217, 124
217, 125
217, 126
217, 127
217, 128
217, 129
217, 130
217, 131
217, 132
217, 133
217, 134
217, 135
217, 136
217, 137
217, 138
217, 139
217, 140
217, 141
218, 113
218, 114
218, 121
218, 122
218, 123
218, 124
218, 125
218, 126
218, 127
218, 128
218, 129
218, 130
218, 131
218, 132
218, 133
218, 134
218, 135
218, 136
218, 137
218, 138
218, 139
218, 140
218, 141
219, 123
219, 124
219, 125
219, 126
219, 127
219, 128
219, 129
219, 130
219, 131
219, 132
219, 133
219, 134
219, 135
219, 136
219, 137
219, 138
219, 139
219, 140
219, 141
220, 125
220, 126
220, 127
220, 128
220, 129
220, 130
220, 131
220, 132
220, 133
220, 134
220, 135
220, 136
220, 137
220, 138
220, 139
220, 140
220, 141
221, 127
221, 128
221, 129
221, 130
221, 131
221, 132
221, 133
221, 134
221, 135
221, 136
221, 137
221, 138
221, 139
221, 140
221, 141
222, 128
222, 129
222, 130
222, 131
222, 132
222, 133
222, 134
222, 135
222, 136
222, 137
222, 138
222, 139
222, 140
223, 129
223, 130
223, 131
223, 132
223, 133
223, 134
223, 135
223, 136
223, 137
223, 138
223, 139
223, 140
224, 130
224, 131
224, 132
224, 133
224, 134
224, 135
224, 136
224, 137
224, 138
224, 139
224, 140
225, 130
225, 131
225, 132
225, 133
225, 134
225, 135
225, 136
225, 137
225, 138
225, 139
225, 140
226, 131
226, 132
226, 133
226, 134
226, 135
226, 136
226, 137
226, 138
226, 139
226, 140
227, 131
227, 132
227, 133
227, 134
227, 135
227, 136
227, 137
227, 138
227, 139
227, 140
228, 131
228, 132
228, 133
228, 134
228, 135
228, 136
228, 137
228, 138
228, 139
228, 140
229, 131
229, 132
229, 133
229, 134
229, 135
229, 136
229, 137
229, 138
229, 139
229, 140
230, 131
230, 132
230, 133
230, 134
230, 135
230, 136
230, 137
230, 138
230, 139
230, 140
231, 131
231, 132
231, 133
231, 134
231, 135
231, 136
231, 137
231, 138
231, 139
231, 140
232, 131
232, 132
232, 133
232, 134
232, 135
232, 136
232, 137
232, 138
232, 139
232, 140
232, 141
233, 131
233, 132
233, 133
233, 134
233, 135
233, 136
233, 137
233, 138
233, 139
233, 140
233, 141
234, 131
234, 132
234, 133
234, 134
234, 135
234, 136
234, 137
234, 138
234, 139
234, 140
234, 141
235, 131
235, 132
235, 133
235, 134
235, 135
235, 136
235, 137
235, 138
235, 139
235, 140
235, 141
236, 131
236, 132
236, 133
236, 134
236, 135
236, 136
236, 137
236, 138
236, 139
236, 140
236, 141
237, 130
237, 131
237, 132
237, 133
237, 134
237, 135
237, 136
237, 137
237, 138
237, 139
237, 140
237, 141
237, 142
238, 130
238, 131
238, 132
238, 133
238, 134
238, 135
238, 136
238, 137
238, 138
238, 139
238, 140
238, 141
238, 142
239, 130
239, 131
239, 132
239, 133
239, 134
239, 135
239, 136
239, 137
239, 138
239, 139
239, 140
239, 141
239, 142
240, 130
240, 131
240, 132
240, 133
240, 134
240, 135
240, 136
240, 137
240, 138
240, 139
240, 140
240, 141
240, 142
241, 130
241, 131
241, 132
241, 133
241, 134
241, 135
241, 136
241, 137
241, 138
241, 139
241, 140
241, 141
241, 142
242, 130
242, 131
242, 132
242, 133
242, 134
242, 135
242, 136
242, 137
242, 138
242, 139
242, 140
242, 141
242, 142
242, 143
243, 129
243, 130
243, 131
243, 132
243, 133
243, 134
243, 135
243, 136
243, 137
243, 138
243, 139
243, 140
243, 141
243, 142
243, 143
244, 129
244, 130
244, 131
244, 132
244, 133
244, 134
244, 135
244, 136
244, 137
244, 138
244, 139
244, 140
244, 141
244, 142
244, 143
245, 130
245, 131
245, 132
245, 133
245, 134
245, 135
245, 136
245, 137
245, 138
245, 139
245, 140
245, 141
245, 142
245, 143
246, 130
246, 131
246, 132
246, 133
246, 134
246, 135
246, 136
246, 137
246, 138
246, 139
246, 140
246, 141
246, 142
246, 143
247, 130
247, 131
247, 132
247, 133
247, 134
247, 135
247, 136
247, 137
247, 138
247, 139
247, 140
247, 141
247, 142
247, 143
248, 130
248, 131
248, 132
248, 133
248, 134
248, 135
248, 136
248, 137
248, 138
248, 139
248, 140
248, 141
248, 142
248, 143
249, 130
249, 131
249, 132
249, 133
249, 134
249, 135
249, 136
249, 137
249, 138
249, 139
249, 140
249, 141
249, 142
249, 143
250, 131
250, 132
250, 133
250, 134
250, 135
250, 136
250, 137
250, 138
250, 139
250, 140
250, 141
250, 142
250, 143
251, 131
251, 132
251, 133
251, 134
251, 135
251, 136
251, 137
251, 138
251, 139
251, 140
251, 141
251, 142
251, 143
252, 131
252, 132
252, 133
252, 134
252, 135
252, 136
252, 137
252, 138
252, 139
252, 140
252, 141
252, 142
252, 143
253, 132
253, 133
253, 134
253, 135
253, 136
253, 137
253, 138
253, 139
253, 140
253, 141
253, 142
253, 143
254, 133
254, 134
254, 135
254, 136
254, 137
254, 138
254, 139
254, 140
254, 141
254, 142
255, 134
255, 135
255, 136
255, 137
255, 138
255, 139
255, 140
255, 141
256, 137
256, 138
256, 139
293, 46
293, 47
293, 48
293, 49
294, 44
294, 45
294, 46
294, 47
294, 48
294, 49
294, 50
295, 44
295, 45
295, 46
295, 47
295, 48
295, 49
295, 50
295, 51
296, 43
296, 44
296, 45
296, 46
296, 47
296, 48
296, 49
296, 50
296, 51
297, 43
297, 44
297, 45
297, 46
297, 47
297, 48
297, 49
297, 50
297, 51
298, 44
298, 45
298, 46
298, 47
298, 48
298, 49
298, 50
298, 51
299, 44
299, 45
299, 46
299, 47
299, 48
299, 49
299, 50
299, 51
300, 44
300, 45
300, 46
300, 47
300, 48
300, 49
300, 50
300, 51
301, 44
301, 45
301, 46
301, 47
301, 48
301, 49
301, 50
301, 51
302, 44
302, 45
302, 46
302, 47
302, 48
302, 49
302, 50
302, 51
303, 44
303, 45
303, 46
303, 47
303, 48
303, 49
303, 50
303, 51
304, 44
304, 45
304, 46
304, 47
304, 48
304, 49
304, 50
304, 51
305, 46
305, 47
305, 48
305, 49
305, 50
