22, 52
22, 53
22, 54
22, 55
22, 56
22, 57
22, 58
22, 59
22, 60
22, 61
22, 62
22, 63
22, 64
22, 65
23, 45
23, 46
23, 47
23, 48
23, 49
23, 50
23, 51
23, 52
23, 53
23, 54
23, 55
23, 56
23, 57
23, 58
23, 59
23, 60
23, 61
23, 62
23, 63
23, 64
23, 65
23, 66
23, 67
23, 68
23, 69
23, 70
23, 71
23, 72
23, 73
23, 74
23, 75
24, 41
24, 42
24, 43
24, 44
24, 45
24, 46
24, 47
24, 48
24, 49
24, 50
24, 51
24, 52
24, 53
24, 54
24, 55
24, 56
24, 57
24, 58
24, 59
24, 60
24, 61
24, 62
24, 63
24, 64
24, 65
24, 66
24, 67
24, 68
24, 69
24, 70
24, 71
24, 72
24, 73
24, 74
24, 75
24, 76
25, 35
25, 36
25, 37
25, 38
25, 39
25, 40
25, 41
25, 42
25, 43
25, 44
25, 45
25, 46
25, 47
25, 48
25, 49
25, 50
25, 51
25, 52
25, 53
25, 54
25, 55
25, 56
25, 57
25, 58
25, 59
25, 60
25, 61
25, 62
25, 63
25, 64
25, 65
25, 66
25, 67
25, 68
25, 69
25, 70
25, 71
25, 72
25, 73
25, 74
25, 75
25, 76
25, 77
26, 34
26, 35
26, 36
26, 37
26, 38
26, 39
26, 40
26, 41
26, 42
26, 43
26, 44
26, 45
26, 46
26, 47
26, 48
26, 49
26, 50
26, 51
26, 52
26, 53
26, 54
26, 55
26, 56
26, 57
26, 58
26, 59
26, 60
26, 61
26, 62
26, 63
26, 64
26, 65
26, 66
26, 67
26, 68
26, 69
26, 70
26, 71
26, 72
26, 73
26, 74
26, 75
26, 76
26, 77
26, 78
27, 34
27, 35
27, 36
27, 37
27, 38
27, 39
27, 40
27, 41
27, 42
27, 43
27, 44
27, 45
27, 46
27, 47
27, 48
27, 49
27, 50
27, 51
27, 52
27, 53
27, 54
27, 55
27, 56
27, 57
27, 58
27, 59
27, 60
27, 61
27, 62
27, 63
27, 64
27, 65
27, 66
27, 67
27, 68
27, 69
27, 70
27, 71
27, 72
27, 73
27, 74
27, 75
27, 76
27, 77
27, 78
28, 34
28, 35
28, 36
28, 37
28, 38
28, 39
28, 40
28, 41
28, 42
28, 43
28, 44
28, 45
28, 46
28, 47
28, 48
28, 49
28, 50
28, 51
28, 52
28, 53
28, 54
28, 55
28, 56
28, 57
28, 58
28, 59
28, 60
28, 61
28, 62
28, 63
28, 64
28, 65
28, 66
28, 67
28, 68
28, 69
28, 70
28, 71
28, 72
28, 73
28, 74
28, 75
28, 76
28, 77
28, 78
29, 34
29, 35
29, 36
29, 37
29, 38
29, 39
29, 40
29, 41
29, 42
29, 43
29, 44
29, 45
29, 46
29, 47
29, 48
29, 49
29, 50
29, 51
29, 52
29, 53
29, 54
29, 55
29, 56
29, 57
29, 58
29, 59
29, 60
29, 61
29, 62
29, 63
29, 64
29, 65
29, 66
29, 67
29, 68
29, 69
29, 70
29, 71
29, 72
29, 73
29, 74
29, 75
29, 76
29, 77
29, 78
30, 34
30, 35
30, 36
30, 37
30, 38
30, 39
30, 40
30, 41
30, 42
30, 43
30, 44
30, 45
30, 46
30, 47
30, 48
30, 49
30, 50
30, 51
30, 52
30, 53
30, 54
30, 55
30, 56
30, 57
30, 58
30, 59
30, 60
30, 61
30, 62
30, 63
30, 64
30, 65
30, 66
30, 67
30, 68
30, 69
30, 70
30, 71
30, 72
30, 73
30, 74
30, 75
30, 76
30, 77
30, 78
31, 34
31, 35
31, 36
31, 37
31, 38
31, 39
31, 40
31, 41
31, 42
31, 43
31, 44
31, 45
31, 46
31, 47
31, 48
31, 49
31, 50
31, 51
31, 52
31, 53
31, 54
31, 55
31, 56
31, 57
31, 58
31, 59
31, 60
31, 61
31, 62
31, 63
31, 64
31, 65
31, 66
31, 67
31, 68
31, 69
31, 70
31, 71
31, 72
31, 73
31, 74
31, 75
31, 76
31, 77
31, 78
32, 33
32, 34
32, 35
32, 36
32, 37
32, 38
32, 39
32, 40
32, 41
32, 42
32, 43
32, 44
32, 45
32, 46
32, 47
32, 48
32, 49
32, 50
32, 51
32, 52
32, 53
32, 54
32, 55
32, 56
32, 57
32, 58
32, 59
32, 60
32, 61
32, 62
32, 63
32, 64
32, 65
32, 66
32, 67
32, 68
32, 69
32, 70
32, 71
32, 72
32, 73
32, 74
32, 75
32, 76
32, 77
32, 78
33, 33
33, 34
33, 35
33, 36
33, 37
33, 38
33, 39
33, 40
33, 41
33, 42
33, 43
33, 44
33, 45
33, 46
33, 47
33, 48
33, 49
33, 50
33, 51
33, 52
33, 53
33, 54
33, 55
33, 56
33, 57
33, 58
33, 59
33, 60
33, 61
33, 62
33, 63
33, 64
33, 65
33, 66
33, 67
33, 68
33, 69
33, 70
33, 71
33, 72
33, 73
33, 74
33, 75
33, 76
33, 77
33, 78
34, 33
34, 34
34, 35
34, 36
34, 37
34, 38
34, 39
34, 40
34, 41
34, 42
34, 43
34, 44
34, 45
34, 46
34, 47
34, 48
34, 49
34, 50
34, 51
34, 52
34, 53
34, 54
34, 55
34, 56
34, 57
34, 58
34, 59
34, 60
34, 61
34, 62
34, 63
34, 64
34, 65
34, 66
34, 67
34, 68
34, 69
34, 70
34, 71
34, 72
34, 73
34, 74
34, 75
34, 76
34, 77
34, 78
35, 33
35, 34
35, 35
35, 36
35, 37
35, 38
35, 39
35, 40
35, 41
35, 42
35, 43
35, 44
35, 45
35, 46
35, 47
35, 48
35, 49
35, 50
35, 51
35, 52
35, 53
35, 54
35, 55
35, 56
35, 57
35, 58
35, 59
35, 60
35, 61
35, 62
35, 63
35, 64
35, 65
35, 66
35, 67
35, 68
35, 69
35, 70
35, 71
35, 72
35, 73
35, 74
35, 75
35, 76
35, 77
35, 78
36, 33
36, 34
36, 35
36, 36
36, 37
36, 38
36, 39
36, 40
36, 41
36, 42
36, 43
36, 44
36, 45
36, 46
36, 47
36, 48
36, 49
36, 50
36, 51
36, 52
36, 53
36, 54
36, 55
36, 56
36, 57
36, 58
36, 59
36, 60
36, 61
36, 62
36, 63
36, 64
36, 65
36, 66
36, 67
36, 68
36, 69
36, 70
36, 71
36, 72
36, 73
36, 74
36, 75
36, 76
36, 77
36, 78
36, 79
37, 34
37, 35
37, 36
37, 37
37, 38
37, 39
37, 40
37, 41
37, 42
37, 43
37, 44
37, 45
37, 46
37, 47
37, 48
37, 49
37, 50
37, 51
37, 52
37, 53
37, 54
37, 55
37, 56
37, 57
37, 58
37, 59
37, 60
37, 61
37, 62
37, 63
37, 64
37, 65
37, 66
37, 67
37, 68
37, 69
37, 70
37, 71
37, 72
37, 73
37, 74
37, 75
37, 76
37, 77
37, 78
37, 79
38, 34
38, 35
38, 36
38, 37
38, 38
38, 39
38, 40
38, 41
38, 42
38, 43
38, 44
38, 45
38, 46
38, 47
38, 48
38, 49
38, 50
38, 51
38, 52
38, 53
38, 54
38, 55
38, 56
38, 57
38, 58
38, 59
38, 60
38, 61
38, 62
38, 63
38, 64
38, 65
38, 66
38, 67
38, 68
38, 69
38, 70
38, 71
38, 72
38, 73
38, 74
38, 75
38, 76
38, 77
38, 78
38, 79
39, 35
39, 36
39, 37
39, 38
39, 39
39, 40
39, 41
39, 42
39, 43
39, 44
39, 45
39, 46
39, 47
39, 48
39, 49
39, 50
39, 51
39, 52
39, 53
39, 54
39, 55
39, 56
39, 57
39, 58
39, 59
39, 60
39, 61
39, 62
39, 63
39, 64
39, 65
39, 66
39, 67
39, 68
39, 69
39, 70
39, 71
39, 72
39, 73
39, 74
39, 75
39, 76
39, 77
39, 78
39, 79
40, 35
40, 36
40, 37
40, 38
40, 39
40, 40
40, 41
40, 42
40, 43
40, 44
40, 45
40, 46
40, 47
40, 48
40, 49
40, 50
40, 51
40, 52
40, 53
40, 54
40, 55
40, 56
40, 57
40, 58
40, 59
40, 60
40, 61
40, 62
40, 63
40, 64
40, 65
40, 66
40, 67
40, 68
40, 69
40, 70
40, 71
40, 72
40, 73
40, 74
40, 75
40, 76
40, 77
40, 78
40, 79
41, 30
41, 31
41, 35
41, 36
41, 37
41, 38
41, 39
41, 40
41, 41
41, 42
41, 43
41, 44
41, 45
41, 46
41, 47
41, 48
41, 49
41, 50
41, 51
41, 52
41, 53
41, 54
41, 55
41, 56
41, 57
41, 58
41, 59
41, 60
41, 61
41, 62
41, 63
41, 64
41, 65
41, 66
41, 67
41, 68
41, 69
41, 70
41, 71
41, 72
41, 73
41, 74
41, 75
41, 76
41, 77
41, 78
41, 79
42, 28
42, 29
42, 30
42, 31
42, 36
42, 37
42, 38
42, 39
42, 40
42, 41
42, 42
42, 43
42, 44
42, 45
42, 46
42, 47
42, 48
42, 49
42, 50
42, 51
42, 52
42, 53
42, 54
42, 55
42, 56
42, 57
42, 58
42, 59
42, 60
42, 61
42, 62
42, 63
42, 64
42, 65
42, 66
42, 67
42, 68
42, 69
42, 70
42, 71
42, 72
42, 73
42, 74
42, 75
42, 76
42, 77
42, 78
42, 79
43, 27
43, 28
43, 29
43, 30
43, 31
43, 36
43, 37
43, 38
43, 39
43, 40
43, 41
43, 42
43, 43
43, 44
43, 45
43, 46
43, 47
43, 48
43, 49
43, 50
43, 51
43, 52
43, 53
43, 54
43, 55
43, 56
43, 57
43, 58
43, 59
43, 60
43, 61
43, 62
43, 63
43, 64
43, 65
43, 66
43, 67
43, 68
43, 69
43, 70
43, 71
43, 72
43, 73
43, 74
43, 75
43, 76
43, 77
43, 78
43, 79
44, 27
44, 28
44, 29
44, 30
44, 31
44, 36
44, 37
44, 38
44, 39
44, 40
44, 41
44, 42
44, 43
44, 44
44, 45
44, 46
44, 47
44, 48
44, 49
44, 50
44, 51
44, 52
44, 53
44, 54
44, 55
44, 56
44, 57
44, 58
44, 59
44, 60
44, 61
44, 62
44, 63
44, 64
44, 65
44, 66
44, 67
44, 68
44, 69
44, 70
44, 71
44, 72
44, 73
44, 74
44, 75
44, 76
44, 77
44, 78
44, 79
45, 26
45, 27
45, 28
45, 29
45, 30
45, 31
45, 32
45, 36
45, 37
45, 38
45, 39
45, 40
45, 41
45, 42
45, 43
45, 44
45, 45
45, 46
45, 47
45, 48
45, 49
45, 50
45, 51
45, 52
45, 53
45, 54
45, 55
45, 56
45, 57
45, 58
45, 59
45, 60
45, 61
45, 62
45, 63
45, 64
45, 65
45, 66
45, 67
45, 68
45, 69
45, 70
45, 71
45, 72
45, 73
45, 74
45, 75
45, 76
45, 77
45, 78
45, 79
46, 20
46, 21
46, 22
46, 23
46, 24
46, 25
46, 26
46, 27
46, 28
46, 29
46, 30
46, 31
46, 32
46, 36
46, 37
46, 38
46, 39
46, 40
46, 41
46, 42
46, 43
46, 44
46, 45
46, 46
46, 47
46, 48
46, 49
46, 50
46, 51
46, 52
46, 53
46, 54
46, 55
46, 56
46, 57
46, 58
46, 59
46, 60
46, 61
46, 62
46, 63
46, 64
46, 65
46, 66
46, 67
46, 68
46, 69
46, 70
46, 71
46, 72
46, 73
46, 74
46, 75
46, 76
46, 77
46, 78
46, 79
47, 17
47, 18
47, 19
47, 20
47, 21
47, 22
47, 23
47, 24
47, 25
47, 26
47, 27
47, 28
47, 29
47, 30
47, 31
47, 32
47, 36
47, 37
47, 38
47, 39
47, 40
47, 41
47, 42
47, 43
47, 44
47, 45
47, 46
47, 47
47, 48
47, 49
47, 50
47, 51
47, 52
47, 53
47, 54
47, 55
47, 56
47, 57
47, 58
47, 59
47, 60
47, 61
47, 62
47, 63
47, 64
47, 65
47, 66
47, 67
47, 68
47, 69
47, 70
47, 71
47, 72
47, 73
47, 74
47, 75
47, 76
47, 77
47, 78
47, 79
48, 15
48, 16
48, 17
48, 18
48, 19
48, 20
48, 21
48, 22
48, 23
48, 24
48, 25
48, 26
48, 27
48, 28
48, 29
48, 30
48, 31
48, 32
48, 36
48, 37
48, 38
48, 39
48, 40
48, 41
48, 42
48, 43
48, 44
48, 45
48, 46
48, 47
48, 48
48, 49
48, 50
48, 51
48, 52
48, 53
48, 54
48, 55
48, 56
48, 57
48, 58
48, 59
48, 60
48, 61
48, 62
48, 63
48, 64
48, 65
48, 66
48, 67
48, 68
48, 69
48, 70
48, 71
48, 72
48, 73
48, 74
48, 75
48, 76
48, 77
48, 78
48, 79
49, 15
49, 16
49, 17
49, 18
49, 19
49, 20
49, 21
49, 22
49, 23
49, 24
49, 25
49, 26
49, 27
49, 28
49, 29
49, 30
49, 31
49, 32
49, 36
49, 37
49, 38
49, 39
49, 40
49, 41
49, 42
49, 43
49, 44
49, 45
49, 46
49, 47
49, 48
49, 49
49, 50
49, 51
49, 52
49, 53
49, 54
49, 55
49, 56
49, 57
49, 58
49, 59
49, 60
49, 61
49, 62
49, 63
49, 64
49, 65
49, 66
49, 67
49, 68
49, 69
49, 70
49, 71
49, 72
49, 73
49, 74
49, 75
49, 76
49, 77
49, 78
49, 79
50, 14
50, 15
50, 16
50, 17
50, 18
50, 19
50, 20
50, 21
50, 22
50, 23
50, 24
50, 25
50, 26
50, 27
50, 28
50, 29
50, 30
50, 31
50, 32
50, 36
50, 37
50, 38
50, 39
50, 40
50, 41
50, 42
50, 43
50, 44
50, 45
50, 46
50, 47
50, 48
50, 49
50, 50
50, 51
50, 52
50, 53
50, 54
50, 55
50, 56
50, 57
50, 58
50, 59
50, 60
50, 61
50, 62
50, 63
50, 64
50, 65
50, 66
50, 67
50, 68
50, 69
50, 70
50, 71
50, 72
50, 73
50, 74
50, 75
50, 76
50, 77
50, 78
50, 79
51, 14
51, 15
51, 16
51, 17
51, 18
51, 19
51, 20
51, 21
51, 22
51, 23
51, 24
51, 25
51, 26
51, 27
51, 28
51, 29
51, 30
51, 31
51, 32
51, 36
51, 37
51, 38
51, 39
51, 40
51, 41
51, 42
51, 43
51, 44
51, 45
51, 46
51, 47
51, 48
51, 49
51, 50
51, 51
51, 52
51, 53
51, 54
51, 55
51, 56
51, 57
51, 58
51, 59
51, 60
51, 61
51, 62
51, 63
51, 64
51, 65
51, 66
51, 67
51, 68
51, 69
51, 70
51, 71
51, 72
51, 73
51, 74
51, 75
51, 76
51, 77
51, 78
51, 79
52, 14
52, 15
52, 16
52, 17
52, 18
52, 19
52, 20
52, 21
52, 22
52, 23
52, 24
52, 25
52, 26
52, 27
52, 28
52, 29
52, 30
52, 31
52, 36
52, 37
52, 38
52, 39
52, 40
52, 41
52, 42
52, 43
52, 44
52, 45
52, 46
52, 47
52, 48
52, 49
52, 50
52, 51
52, 52
52, 53
52, 54
52, 55
52, 56
52, 57
52, 58
52, 59
52, 60
52, 61
52, 62
52, 63
52, 64
52, 65
52, 66
52, 67
52, 68
52, 69
52, 70
52, 71
52, 72
52, 73
52, 74
52, 75
52, 76
52, 77
52, 78
52, 79
53, 14
53, 15
53, 16
53, 17
53, 18
53, 19
53, 20
53, 21
53, 22
53, 23
53, 24
53, 25
53, 26
53, 27
53, 28
53, 29
53, 30
53, 31
53, 36
53, 37
53, 38
53, 39
53, 40
53, 41
53, 42
53, 43
53, 44
53, 45
53, 46
53, 47
53, 48
53, 49
53, 50
53, 51
53, 52
53, 53
53, 54
53, 55
53, 56
53, 57
53, 58
53, 59
53, 60
53, 61
53, 62
53, 63
53, 64
53, 65
53, 66
53, 67
53, 68
53, 69
53, 70
53, 71
53, 72
53, 73
53, 74
53, 75
53, 76
53, 77
53, 78
53, 79
54, 14
54, 15
54, 16
54, 17
54, 18
54, 19
54, 20
54, 21
54, 22
54, 23
54, 24
54, 25
54, 26
54, 27
54, 28
54, 29
54, 30
54, 36
54, 37
54, 38
54, 39
54, 40
54, 41
54, 42
54, 43
54, 44
54, 45
54, 46
54, 47
54, 48
54, 49
54, 50
54, 51
54, 52
54, 53
54, 54
54, 55
54, 56
54, 57
54, 58
54, 59
54, 60
54, 61
54, 62
54, 63
54, 64
54, 65
54, 66
54, 67
54, 68
54, 69
54, 70
54, 71
54, 72
54, 73
54, 74
54, 75
54, 76
54, 77
54, 78
54, 79
55, 14
55, 15
55, 16
55, 17
55, 18
55, 19
55, 20
55, 21
55, 22
55, 23
55, 24
55, 25
55, 26
55, 27
55, 28
55, 29
55, 30
55, 36
55, 37
55, 38
55, 39
55, 40
55, 41
55, 42
55, 43
55, 44
55, 45
55, 46
55, 47
55, 48
55, 49
55, 50
55, 51
55, 52
55, 53
55, 54
55, 55
55, 56
55, 57
55, 58
55, 59
55, 60
55, 61
55, 62
55, 63
55, 64
55, 65
55, 66
55, 67
55, 68
55, 69
55, 70
55, 71
55, 72
55, 73
55, 74
55, 75
55, 76
55, 77
55, 78
55, 79
56, 14
56, 15
56, 16
56, 17
56, 18
56, 19
56, 20
56, 21
56, 22
56, 23
56, 24
56, 25
56, 26
56, 27
56, 28
56, 29
56, 30
56, 36
56, 37
56, 38
56, 39
56, 40
56, 41
56, 42
56, 43
56, 44
56, 45
56, 46
56, 47
56, 48
56, 49
56, 50
56, 51
56, 52
56, 53
56, 54
56, 55
56, 56
56, 57
56, 58
56, 59
56, 60
56, 61
56, 62
56, 63
56, 64
56, 65
56, 66
56, 67
56, 68
56, 69
56, 70
56, 71
56, 72
56, 73
56, 74
56, 75
56, 76
56, 77
56, 78
56, 79
57, 14
57, 15
57, 16
57, 17
57, 18
57, 19
57, 20
57, 21
57, 22
57, 23
57, 24
57, 25
57, 26
57, 27
57, 28
57, 29
57, 36
57, 37
57, 38
57, 39
57, 40
57, 41
57, 42
57, 43
57, 44
57, 45
57, 46
57, 47
57, 48
57, 49
57, 50
57, 51
57, 52
57, 53
57, 54
57, 55
57, 56
57, 57
57, 58
57, 59
57, 60
57, 61
57, 62
57, 63
57, 64
57, 65
57, 66
57, 67
57, 68
57, 69
57, 70
57, 71
57, 72
57, 73
57, 74
57, 75
57, 76
57, 77
57, 78
57, 79
58, 14
58, 15
58, 16
58, 17
58, 18
58, 19
58, 20
58, 21
58, 22
58, 23
58, 24
58, 25
58, 26
58, 27
58, 28
58, 29
58, 37
58, 38
58, 39
58, 40
58, 41
58, 42
58, 43
58, 44
58, 45
58, 46
58, 47
58, 48
58, 49
58, 50
58, 51
58, 52
58, 53
58, 54
58, 55
58, 56
58, 57
58, 58
58, 59
58, 60
58, 61
58, 62
58, 63
58, 64
58, 65
58, 66
58, 67
58, 68
58, 69
58, 70
58, 71
58, 72
58, 73
58, 74
58, 75
58, 76
58, 77
58, 78
58, 79
59, 14
59, 15
59, 16
59, 17
59, 18
59, 19
59, 20
59, 21
59, 22
59, 23
59, 24
59, 25
59, 26
59, 27
59, 28
59, 29
59, 37
59, 38
59, 39
59, 40
59, 41
59, 42
59, 43
59, 44
59, 45
59, 46
59, 47
59, 48
59, 49
59, 50
59, 51
59, 52
59, 53
59, 54
59, 55
59, 56
59, 57
59, 58
59, 59
59, 60
59, 61
59, 62
59, 63
59, 64
59, 65
59, 66
59, 67
59, 68
59, 69
59, 70
59, 71
59, 72
59, 73
59, 74
59, 75
59, 76
59, 77
59, 78
59, 79
60, 14
60, 15
60, 16
60, 17
60, 18
60, 19
60, 20
60, 21
60, 22
60, 23
60, 24
60, 25
60, 26
60, 27
60, 28
60, 29
60, 37
60, 38
60, 39
60, 40
60, 41
60, 42
60, 43
60, 44
60, 45
60, 46
60, 47
60, 48
60, 49
60, 50
60, 51
60, 52
60, 53
60, 54
60, 55
60, 56
60, 57
60, 58
60, 59
60, 60
60, 61
60, 62
60, 63
60, 64
60, 65
60, 66
60, 67
60, 68
60, 69
60, 70
60, 71
60, 72
60, 73
60, 74
60, 75
60, 76
60, 77
60, 78
60, 79
61, 14
61, 15
61, 16
61, 17
61, 18
61, 19
61, 20
61, 21
61, 22
61, 23
61, 24
61, 25
61, 26
61, 27
61, 28
61, 29
61, 38
61, 39
61, 40
61, 41
61, 42
61, 43
61, 44
61, 45
61, 46
61, 47
61, 48
61, 49
61, 50
61, 51
61, 52
61, 53
61, 54
61, 55
61, 56
61, 57
61, 58
61, 59
61, 60
61, 61
61, 62
61, 63
61, 64
61, 65
61, 66
61, 67
61, 68
61, 69
61, 70
61, 71
61, 72
61, 73
61, 74
61, 75
61, 76
61, 77
61, 78
61, 79
62, 14
62, 15
62, 16
62, 17
62, 18
62, 19
62, 20
62, 21
62, 22
62, 23
62, 24
62, 25
62, 26
62, 27
62, 28
62, 29
62, 38
62, 39
62, 40
62, 41
62, 42
62, 43
62, 44
62, 45
62, 46
62, 47
62, 48
62, 49
62, 50
62, 51
62, 52
62, 53
62, 54
62, 55
62, 56
62, 57
62, 58
62, 59
62, 60
62, 61
62, 62
62, 63
62, 64
62, 65
62, 66
62, 67
62, 68
62, 69
62, 70
62, 71
62, 72
62, 73
62, 74
62, 75
62, 76
62, 77
62, 78
62, 79
63, 14
63, 15
63, 16
63, 17
63, 18
63, 19
63, 20
63, 21
63, 22
63, 23
63, 24
63, 25
63, 26
63, 27
63, 28
63, 29
63, 38
63, 39
63, 40
63, 41
63, 42
63, 43
63, 44
63, 45
63, 46
63, 47
63, 48
63, 49
63, 50
63, 51
63, 52
63, 53
63, 54
63, 55
63, 56
63, 57
63, 58
63, 59
63, 60
63, 61
63, 62
63, 63
63, 64
63, 65
63, 66
63, 67
63, 68
63, 69
63, 70
63, 71
63, 72
63, 73
63, 74
63, 75
63, 76
63, 77
63, 78
63, 79
64, 14
64, 15
64, 16
64, 17
64, 18
64, 19
64, 20
64, 21
64, 22
64, 23
64, 24
64, 25
64, 26
64, 27
64, 28
64, 29
64, 38
64, 39
64, 40
64, 41
64, 42
64, 43
64, 44
64, 45
64, 46
64, 47
64, 48
64, 49
64, 50
64, 51
64, 52
64, 53
64, 54
64, 55
64, 56
64, 57
64, 58
64, 59
64, 60
64, 61
64, 62
64, 63
64, 64
64, 65
64, 66
64, 67
64, 68
64, 69
64, 70
64, 71
64, 72
64, 73
64, 74
64, 75
64, 76
64, 77
64, 78
64, 79
65, 14
65, 15
65, 16
65, 17
65, 18
65, 19
65, 20
65, 21
65, 22
65, 23
65, 24
65, 25
65, 26
65, 27
65, 28
65, 38
65, 39
65, 40
65, 41
65, 42
65, 43
65, 44
65, 45
65, 46
65, 47
65, 48
65, 49
65, 50
65, 51
65, 52
65, 53
65, 54
65, 55
65, 56
65, 57
65, 58
65, 59
65, 60
65, 61
65, 62
65, 63
65, 64
65, 65
65, 66
65, 67
65, 68
65, 69
65, 70
65, 71
65, 72
65, 73
65, 74
65, 75
65, 76
65, 77
65, 78
65, 79
66, 14
66, 15
66, 16
66, 17
66, 18
66, 19
66, 20
66, 21
66, 22
66, 23
66, 24
66, 25
66, 26
66, 27
66, 28
66, 29
66, 38
66, 39
66, 40
66, 41
66, 42
66, 43
66, 44
66, 45
66, 46
66, 47
66, 48
66, 49
66, 50
66, 51
66, 52
66, 53
66, 54
66, 55
66, 56
66, 57
66, 58
66, 59
66, 60
66, 61
66, 62
66, 63
66, 64
66, 65
66, 66
66, 67
66, 68
66, 69
66, 70
66, 71
66, 72
66, 73
66, 74
66, 75
66, 76
66, 77
66, 78
66, 79
67, 14
67, 15
67, 16
67, 17
67, 18
67, 19
67, 20
67, 21
67, 22
67, 23
67, 24
67, 25
67, 26
67, 27
67, 28
67, 29
67, 38
67, 39
67, 40
67, 41
67, 42
67, 43
67, 44
67, 45
67, 46
67, 47
67, 48
67, 49
67, 50
67, 51
67, 52
67, 53
67, 54
67, 55
67, 56
67, 57
67, 58
67, 59
67, 60
67, 61
67, 62
67, 63
67, 64
67, 65
67, 66
67, 67
67, 68
67, 69
67, 70
67, 71
67, 72
67, 73
67, 74
67, 75
67, 76
67, 77
67, 78
67, 79
68, 14
68, 15
68, 16
68, 17
68, 18
68, 19
68, 20
68, 21
68, 22
68, 23
68, 24
68, 25
68, 26
68, 27
68, 28
68, 29
68, 36
68, 37
68, 38
68, 39
68, 40
68, 41
68, 42
68, 43
68, 44
68, 45
68, 46
68, 47
68, 48
68, 49
68, 50
68, 51
68, 52
68, 53
68, 54
68, 55
68, 56
68, 57
68, 58
68, 59
68, 60
68, 61
68, 62
68, 63
68, 64
68, 65
68, 66
68, 67
68, 68
68, 69
68, 70
68, 71
68, 72
68, 73
68, 74
68, 75
68, 76
68, 77
68, 78
69, 14
69, 15
69, 16
69, 17
69, 18
69, 19
69, 20
69, 21
69, 22
69, 23
69, 24
69, 25
69, 26
69, 27
69, 28
69, 29
69, 32
69, 33
69, 34
69, 35
69, 36
69, 37
69, 38
69, 39
69, 40
69, 41
69, 42
69, 43
69, 44
69, 45
69, 46
69, 47
69, 48
69, 49
69, 50
69, 51
69, 52
69, 53
69, 54
69, 55
69, 56
69, 57
69, 58
69, 59
69, 60
69, 61
69, 62
69, 63
69, 64
69, 65
69, 66
69, 67
69, 68
69, 69
69, 70
69, 71
69, 72
69, 73
69, 74
69, 75
69, 76
69, 77
69, 78
70, 14
70, 15
70, 16
70, 17
70, 18
70, 19
70, 20
70, 21
70, 22
70, 23
70, 24
70, 25
70, 26
70, 27
70, 28
70, 29
70, 30
70, 31
70, 32
70, 33
70, 34
70, 35
70, 36
70, 37
70, 38
70, 39
70, 40
70, 41
70, 42
70, 43
70, 44
70, 45
70, 46
70, 47
70, 48
70, 49
70, 50
70, 51
70, 52
70, 53
70, 54
70, 55
70, 56
70, 57
70, 58
70, 59
70, 60
70, 61
70, 62
70, 63
70, 64
70, 65
70, 66
70, 67
70, 68
70, 69
70, 70
70, 71
70, 72
70, 73
70, 74
70, 75
70, 76
70, 77
70, 78
71, 14
71, 15
71, 16
71, 17
71, 18
71, 19
71, 20
71, 21
71, 22
71, 23
71, 24
71, 25
71, 26
71, 27
71, 28
71, 29
71, 30
71, 31
71, 32
71, 33
71, 34
71, 35
71, 36
71, 37
71, 38
71, 39
71, 40
71, 41
71, 42
71, 43
71, 44
71, 45
71, 46
71, 47
71, 48
71, 49
71, 50
71, 51
71, 52
71, 53
71, 54
71, 55
71, 56
71, 57
71, 58
71, 59
71, 60
71, 61
71, 62
71, 63
71, 64
71, 65
71, 66
71, 67
71, 68
71, 69
71, 70
71, 71
71, 72
71, 73
71, 74
71, 75
71, 76
71, 77
71, 78
72, 14
72, 15
72, 16
72, 17
72, 18
72, 19
72, 20
72, 21
72, 22
72, 23
72, 24
72, 25
72, 26
72, 27
72, 28
72, 29
72, 30
72, 31
72, 32
72, 33
72, 34
72, 35
72, 36
72, 37
72, 38
72, 39
72, 40
72, 41
72, 42
72, 43
72, 44
72, 45
72, 46
72, 47
72, 48
72, 49
72, 50
72, 51
72, 52
72, 53
72, 54
72, 55
72, 56
72, 57
72, 58
72, 59
72, 60
72, 61
72, 62
72, 63
72, 64
72, 65
72, 66
72, 67
72, 68
72, 69
72, 70
72, 71
72, 72
72, 73
72, 74
72, 75
72, 76
72, 77
73, 14
73, 15
73, 16
73, 17
73, 18
73, 19
73, 20
73, 21
73, 22
73, 23
73, 24
73, 25
73, 26
73, 27
73, 28
73, 29
73, 30
73, 31
73, 32
73, 33
73, 34
73, 35
73, 36
73, 37
73, 38
73, 39
73, 40
73, 41
73, 42
73, 43
73, 44
73, 45
73, 46
73, 47
73, 48
73, 49
73, 50
73, 51
73, 52
73, 53
73, 54
73, 55
73, 56
73, 57
73, 58
73, 59
73, 60
73, 61
73, 62
73, 63
73, 64
73, 65
73, 66
73, 67
73, 68
73, 69
73, 70
73, 71
73, 72
73, 73
73, 74
73, 75
73, 76
73, 77
74, 15
74, 16
74, 17
74, 18
74, 19
74, 20
74, 21
74, 22
74, 23
74, 24
74, 25
74, 26
74, 27
74, 28
74, 29
74, 30
74, 31
74, 32
74, 33
74, 34
74, 35
74, 36
74, 37
74, 38
74, 39
74, 40
74, 41
74, 42
74, 43
74, 44
74, 45
74, 46
74, 47
74, 48
74, 49
74, 50
74, 51
74, 52
74, 53
74, 54
74, 55
74, 56
74, 57
74, 58
74, 59
74, 60
74, 61
74, 62
74, 63
74, 64
74, 65
74, 66
74, 67
74, 68
74, 69
74, 70
74, 71
74, 72
74, 73
74, 74
74, 75
74, 76
74, 77
75, 15
75, 16
75, 17
75, 18
75, 19
75, 20
75, 21
75, 22
75, 23
75, 24
75, 25
75, 26
75, 27
75, 28
75, 29
75, 30
75, 31
75, 32
75, 33
75, 34
75, 35
75, 36
75, 37
75, 38
75, 39
75, 40
75, 41
75, 42
75, 43
75, 44
75, 45
75, 46
75, 47
75, 48
75, 49
75, 50
75, 51
75, 52
75, 53
75, 54
75, 55
75, 56
75, 57
75, 58
75, 59
75, 60
75, 61
75, 62
75, 63
75, 64
75, 65
75, 66
75, 67
75, 68
75, 69
75, 70
75, 71
75, 72
75, 73
75, 74
75, 75
75, 76
75, 77
76, 15
76, 16
76, 17
76, 18
76, 19
76, 20
76, 21
76, 22
76, 23
76, 24
76, 25
76, 26
76, 27
76, 28
76, 29
76, 30
76, 31
76, 32
76, 33
76, 34
76, 35
76, 36
76, 37
76, 38
76, 39
76, 40
76, 41
76, 42
76, 43
76, 44
76, 45
76, 46
76, 47
76, 48
76, 49
76, 50
76, 51
76, 52
76, 53
76, 54
76, 55
76, 56
76, 57
76, 58
76, 59
76, 60
76, 61
76, 62
76, 63
76, 64
76, 65
76, 66
76, 67
76, 68
76, 69
76, 70
76, 71
76, 72
76, 73
76, 74
76, 75
76, 76
77, 15
77, 16
77, 17
77, 18
77, 19
77, 20
77, 21
77, 22
77, 23
77, 24
77, 25
77, 26
77, 27
77, 28
77, 29
77, 30
77, 31
77, 32
77, 33
77, 34
77, 35
77, 36
77, 37
77, 38
77, 39
77, 40
77, 41
77, 42
77, 43
77, 44
77, 45
77, 46
77, 47
77, 48
77, 49
77, 50
77, 51
77, 52
77, 53
77, 54
77, 55
77, 56
77, 57
77, 58
77, 59
77, 60
77, 61
77, 62
77, 63
77, 64
77, 65
77, 66
77, 67
77, 68
77, 69
77, 70
77, 71
77, 72
77, 73
77, 74
77, 75
77, 76
78, 15
78, 16
78, 17
78, 18
78, 19
78, 20
78, 21
78, 22
78, 23
78, 24
78, 25
78, 26
78, 27
78, 28
78, 29
78, 30
78, 31
78, 32
78, 33
78, 34
78, 35
78, 36
78, 37
78, 38
78, 39
78, 40
78, 41
78, 42
78, 43
78, 44
78, 45
78, 46
78, 47
78, 48
78, 49
78, 50
78, 51
78, 52
78, 53
78, 54
78, 55
78, 56
78, 57
78, 58
78, 59
78, 60
78, 61
78, 62
78, 63
78, 64
78, 65
78, 66
78, 67
78, 68
78, 69
78, 70
78, 71
78, 72
78, 73
78, 74
78, 75
78, 76
79, 16
79, 17
79, 18
79, 19
79, 20
79, 21
79, 22
79, 23
79, 24
79, 25
79, 26
79, 27
79, 28
79, 29
79, 30
79, 31
79, 32
79, 33
79, 34
79, 35
79, 36
79, 37
79, 38
79, 39
79, 40
79, 41
79, 42
79, 43
79, 44
79, 45
79, 46
79, 47
79, 48
79, 49
79, 50
79, 51
79, 52
79, 53
79, 54
79, 55
79, 56
79, 57
79, 58
79, 59
79, 60
79, 61
79, 62
79, 63
79, 64
79, 65
79, 66
79, 67
79, 68
79, 69
79, 70
79, 71
79, 72
79, 73
79, 74
79, 75
79, 76
80, 16
80, 17
80, 18
80, 19
80, 20
80, 21
80, 22
80, 23
80, 24
80, 25
80, 26
80, 27
80, 28
80, 29
80, 30
80, 31
80, 32
80, 33
80, 34
80, 35
80, 36
80, 37
80, 38
80, 39
80, 40
80, 41
80, 42
80, 43
80, 44
80, 45
80, 46
80, 47
80, 48
80, 49
80, 50
80, 51
80, 52
80, 53
80, 54
80, 55
80, 56
80, 57
80, 58
80, 59
80, 61
80, 62
80, 63
80, 64
80, 65
80, 66
80, 67
80, 68
80, 69
80, 70
80, 71
80, 72
80, 73
80, 74
80, 75
81, 16
81, 17
81, 18
81, 19
81, 20
81, 21
81, 22
81, 23
81, 24
81, 25
81, 26
81, 27
81, 28
81, 29
81, 30
81, 31
81, 32
81, 33
81, 34
81, 35
81, 36
81, 37
81, 38
81, 39
81, 40
81, 41
81, 42
81, 43
81, 44
81, 45
81, 46
81, 47
81, 48
81, 49
81, 50
81, 51
81, 52
81, 53
81, 54
81, 55
81, 56
81, 57
81, 58
81, 63
81, 64
81, 65
81, 66
81, 67
81, 68
81, 69
81, 70
81, 71
81, 72
81, 73
81, 74
82, 17
82, 18
82, 19
82, 21
82, 22
82, 23
82, 24
82, 25
82, 26
82, 27
82, 28
82, 29
82, 31
82, 32
82, 33
82, 34
82, 35
82, 36
82, 37
82, 38
82, 39
82, 40
82, 41
82, 42
82, 43
82, 44
82, 45
82, 46
82, 47
82, 48
82, 49
82, 50
82, 51
82, 52
82, 53
82, 54
82, 55
82, 56
82, 57
82, 67
82, 68
82, 69
82, 70
82, 71
82, 72
82, 73
82, 74
83, 23
83, 24
83, 25
83, 26
83, 27
83, 28
83, 29
83, 31
83, 32
83, 33
83, 34
83, 35
83, 36
83, 37
83, 38
83, 39
83, 40
83, 41
83, 42
83, 43
83, 44
83, 45
83, 46
83, 47
83, 48
83, 49
83, 50
83, 51
83, 69
83, 70
83, 71
83, 72
83, 73
84, 24
84, 25
84, 26
84, 27
84, 28
84, 31
84, 32
84, 33
84, 34
84, 35
84, 36
84, 37
84, 38
84, 39
84, 40
84, 41
84, 42
84, 43
84, 44
84, 45
84, 46
84, 47
84, 48
84, 49
84, 50
84, 71
84, 72
85, 31
85, 32
85, 33
85, 34
85, 35
85, 36
85, 37
85, 38
85, 39
85, 40
85, 41
85, 42
85, 43
85, 44
85, 45
85, 46
85, 47
86, 31
86, 32
86, 33
86, 34
86, 35
86, 36
86, 37
86, 38
86, 39
86, 40
86, 41
86, 42
86, 43
86, 44
87, 31
87, 32
87, 33
87, 34
87, 35
87, 36
87, 37
87, 38
87, 39
87, 40
87, 41
87, 42
87, 43
88, 31
88, 32
88, 33
88, 34
88, 35
88, 36
88, 37
88, 38
88, 39
88, 40
88, 41
88, 42
89, 31
89, 32
89, 33
89, 34
89, 35
89, 36
89, 37
89, 38
89, 39
89, 40
89, 41
89, 42
90, 31
90, 32
90, 33
90, 34
90, 35
90, 36
90, 37
90, 38
90, 39
90, 40
90, 41
90, 42
91, 31
91, 32
91, 33
91, 34
91, 35
91, 36
91, 37
91, 38
91, 39
91, 40
91, 41
91, 42
92, 31
92, 32
92, 33
92, 34
92, 35
92, 36
92, 37
92, 38
92, 39
92, 40
92, 41
92, 42
93, 31
93, 32
93, 33
93, 34
93, 35
93, 36
93, 37
93, 38
93, 39
93, 40
93, 41
93, 42
94, 30
94, 31
94, 32
94, 33
94, 34
94, 35
94, 36
94, 37
94, 38
94, 39
94, 40
94, 41
94, 42
95, 30
95, 31
95, 32
95, 33
95, 34
95, 35
95, 36
95, 37
95, 38
95, 39
95, 40
95, 41
95, 42
96, 30
96, 31
96, 32
96, 33
96, 34
96, 35
96, 36
96, 37
96, 38
96, 39
96, 40
96, 41
96, 42
97, 30
97, 31
97, 32
97, 33
97, 34
97, 35
97, 36
97, 37
97, 38
97, 39
97, 40
97, 41
97, 42
98, 31
98, 32
98, 33
98, 34
98, 35
98, 36
98, 37
98, 38
98, 39
98, 40
98, 41
98, 42
99, 31
99, 32
99, 33
99, 34
99, 35
99, 36
99, 37
99, 38
99, 39
99, 40
99, 41
99, 42
100, 31
100, 32
100, 33
100, 34
100, 35
100, 36
100, 37
100, 38
100, 39
100, 40
100, 41
100, 42
101, 31
101, 32
101, 33
101, 34
101, 35
101, 36
101, 37
101, 38
101, 39
101, 40
101, 41
101, 42
102, 31
102, 32
102, 33
102, 34
102, 35
102, 36
102, 37
102, 38
102, 39
102, 40
102, 41
102, 42
103, 32
103, 33
103, 34
103, 35
103, 36
103, 37
103, 38
103, 39
103, 40
103, 41
103, 42
104, 32
104, 33
104, 34
104, 35
104, 36
104, 37
104, 38
104, 39
104, 40
104, 41
104, 42
105, 32
105, 33
105, 34
105, 35
105, 36
105, 37
105, 38
105, 39
105, 40
105, 41
105, 42
106, 32
106, 33
106, 34
106, 35
106, 36
106, 37
106, 38
106, 39
106, 40
106, 41
106, 42
107, 32
107, 33
107, 34
107, 35
107, 36
107, 37
107, 38
107, 39
107, 40
107, 41
107, 42
108, 32
108, 33
108, 34
108, 35
108, 36
108, 37
108, 38
108, 39
108, 40
108, 41
108, 42
109, 32
109, 33
109, 34
109, 35
109, 36
109, 37
109, 38
109, 39
109, 40
109, 41
109, 42
110, 32
110, 33
110, 34
110, 35
110, 36
110, 37
110, 38
110, 39
110, 40
110, 41
110, 42
111, 32
111, 33
111, 34
111, 35
111, 36
111, 37
111, 38
111, 39
111, 40
111, 41
111, 42
112, 31
112, 32
112, 33
112, 34
112, 35
112, 36
112, 37
112, 38
112, 39
112, 40
112, 41
112, 42
113, 31
113, 32
113, 33
113, 34
113, 35
113, 36
113, 37
113, 38
113, 39
113, 40
113, 41
113, 42
114, 31
114, 32
114, 33
114, 34
114, 35
114, 36
114, 37
114, 38
114, 39
114, 40
114, 41
114, 42
115, 31
115, 32
115, 33
115, 34
115, 35
115, 36
115, 37
115, 38
115, 39
115, 40
115, 41
115, 42
115, 43
116, 31
116, 32
116, 33
116, 34
116, 35
116, 36
116, 37
116, 38
116, 39
116, 40
116, 41
116, 42
116, 43
117, 31
117, 32
117, 33
117, 34
117, 35
117, 36
117, 37
117, 38
117, 39
117, 40
117, 41
117, 42
117, 43
118, 31
118, 32
118, 33
118, 34
118, 35
118, 36
118, 37
118, 38
118, 39
118, 40
118, 41
118, 42
118, 43
118, 44
119, 31
119, 32
119, 33
119, 34
119, 35
119, 36
119, 37
119, 38
119, 39
119, 40
119, 41
119, 42
119, 43
119, 44
120, 31
120, 32
120, 33
120, 34
120, 35
120, 36
120, 37
120, 38
120, 39
120, 40
120, 41
120, 42
120, 43
120, 44
121, 31
121, 32
121, 33
121, 34
121, 35
121, 36
121, 37
121, 38
121, 39
121, 40
121, 41
121, 42
121, 43
121, 44
122, 31
122, 32
122, 33
122, 34
122, 35
122, 36
122, 37
122, 38
122, 39
122, 40
122, 41
122, 42
122, 43
122, 44
123, 31
123, 32
123, 33
123, 34
123, 35
123, 36
123, 37
123, 38
123, 39
123, 40
123, 41
123, 42
123, 43
123, 44
124, 31
124, 32
124, 33
124, 34
124, 35
124, 36
124, 37
124, 38
124, 39
124, 40
124, 41
124, 42
124, 43
124, 44
125, 31
125, 32
125, 33
125, 34
125, 35
125, 36
125, 37
125, 38
125, 39
125, 40
125, 41
125, 42
125, 43
125, 44
126, 30
126, 31
126, 32
126, 33
126, 34
126, 35
126, 36
126, 37
126, 38
126, 39
126, 40
126, 41
126, 42
126, 43
126, 44
127, 30
127, 31
127, 32
127, 33
127, 34
127, 35
127, 36
127, 37
127, 38
127, 39
127, 40
127, 41
127, 42
127, 43
127, 44
128, 30
128, 31
128, 32
128, 33
128, 34
128, 35
128, 36
128, 37
128, 38
128, 39
128, 40
128, 41
128, 42
128, 43
128, 44
129, 30
129, 31
129, 32
129, 33
129, 34
129, 35
129, 36
129, 37
129, 38
129, 39
129, 40
129, 41
129, 42
129, 43
129, 44
129, 45
130, 30
130, 31
130, 32
130, 33
130, 34
130, 35
130, 36
130, 37
130, 38
130, 39
130, 40
130, 41
130, 42
130, 43
130, 44
130, 45
131, 30
131, 31
131, 32
131, 33
131, 34
131, 35
131, 36
131, 37
131, 38
131, 39
131, 40
131, 41
131, 42
131, 43
131, 44
131, 45
132, 30
132, 31
132, 32
132, 33
132, 34
132, 35
132, 36
132, 37
132, 38
132, 39
132, 40
132, 41
132, 42
132, 43
132, 44
132, 45
132, 46
133, 30
133, 31
133, 32
133, 33
133, 34
133, 35
133, 36
133, 37
133, 38
133, 39
133, 40
133, 41
133, 42
133, 43
133, 44
133, 45
133, 46
134, 30
134, 31
134, 32
134, 33
134, 34
134, 35
134, 36
134, 37
134, 38
134, 39
134, 40
134, 41
134, 42
134, 43
134, 44
134, 45
134, 46
134, 47
135, 30
135, 31
135, 32
135, 33
135, 34
135, 35
135, 36
135, 37
135, 38
135, 39
135, 40
135, 41
135, 42
135, 43
135, 44
135, 45
135, 46
135, 47
136, 30
136, 31
136, 32
136, 33
136, 34
136, 35
136, 36
136, 37
136, 38
136, 39
136, 40
136, 41
136, 42
136, 43
136, 44
136, 45
136, 46
136, 47
137, 30
137, 31
137, 32
137, 33
137, 34
137, 35
137, 36
137, 37
137, 38
137, 39
137, 40
137, 41
137, 42
137, 43
137, 44
137, 45
137, 46
137, 47
138, 30
138, 31
138, 32
138, 33
138, 34
138, 35
138, 36
138, 37
138, 38
138, 39
138, 40
138, 41
138, 42
138, 43
138, 44
138, 45
138, 46
138, 47
139, 30
139, 31
139, 32
139, 33
139, 34
139, 35
139, 36
139, 37
139, 38
139, 39
139, 40
139, 41
139, 42
139, 43
139, 44
139, 45
139, 46
139, 47
140, 30
140, 31
140, 32
140, 33
140, 34
140, 35
140, 36
140, 37
140, 38
140, 39
140, 40
140, 41
140, 42
140, 43
140, 44
140, 45
140, 46
140, 47
140, 48
141, 30
141, 31
141, 32
141, 33
141, 34
141, 35
141, 36
141, 37
141, 38
141, 39
141, 40
141, 41
141, 42
141, 43
141, 44
141, 45
141, 46
141, 47
141, 48
142, 29
142, 30
142, 31
142, 32
142, 33
142, 34
142, 35
142, 36
142, 37
142, 38
142, 39
142, 40
142, 41
142, 42
142, 43
142, 44
142, 45
142, 46
142, 47
142, 48
143, 29
143, 30
143, 31
143, 32
143, 33
143, 34
143, 35
143, 36
143, 37
143, 38
143, 39
143, 40
143, 41
143, 42
143, 43
143, 44
143, 45
143, 46
143, 47
143, 48
144, 29
144, 30
144, 31
144, 32
144, 33
144, 34
144, 35
144, 36
144, 37
144, 38
144, 39
144, 40
144, 41
144, 42
144, 43
144, 44
144, 45
144, 46
144, 47
144, 48
145, 29
145, 30
145, 31
145, 32
145, 33
145, 34
145, 35
145, 36
145, 37
145, 38
145, 39
145, 40
145, 41
145, 42
145, 43
145, 44
145, 45
145, 46
145, 47
145, 48
146, 29
146, 30
146, 31
146, 32
146, 33
146, 34
146, 35
146, 36
146, 37
146, 38
146, 39
146, 40
146, 41
146, 42
146, 43
146, 44
146, 45
146, 46
146, 47
146, 48
146, 49
147, 30
147, 31
147, 32
147, 33
147, 34
147, 35
147, 36
147, 37
147, 38
147, 39
147, 40
147, 41
147, 42
147, 43
147, 44
147, 45
147, 46
147, 47
147, 48
147, 49
147, 50
148, 30
148, 31
148, 32
148, 33
148, 34
148, 35
148, 36
148, 37
148, 38
148, 39
148, 40
148, 41
148, 42
148, 43
148, 44
148, 45
148, 46
148, 47
148, 48
148, 49
148, 50
149, 30
149, 31
149, 32
149, 33
149, 34
149, 35
149, 36
149, 37
149, 38
149, 39
149, 40
149, 41
149, 42
149, 43
149, 44
149, 45
149, 46
149, 47
149, 48
149, 49
149, 50
150, 30
150, 31
150, 32
150, 33
150, 34
150, 35
150, 36
150, 37
150, 38
150, 39
150, 40
150, 41
150, 42
150, 43
150, 44
150, 45
150, 46
150, 47
150, 48
150, 49
150, 50
150, 51
151, 30
151, 31
151, 32
151, 33
151, 34
151, 35
151, 36
151, 37
151, 38
151, 39
151, 40
151, 41
151, 42
151, 43
151, 44
151, 45
151, 46
151, 47
151, 48
151, 49
151, 50
151, 51
152, 30
152, 31
152, 32
152, 33
152, 34
152, 35
152, 36
152, 37
152, 38
152, 39
152, 40
152, 41
152, 42
152, 43
152, 44
152, 45
152, 46
152, 47
152, 48
152, 49
152, 50
152, 51
153, 30
153, 31
153, 32
153, 33
153, 34
153, 35
153, 36
153, 37
153, 38
153, 39
153, 40
153, 41
153, 42
153, 43
153, 44
153, 45
153, 46
153, 47
153, 48
153, 49
153, 50
153, 51
154, 30
154, 31
154, 32
154, 33
154, 34
154, 35
154, 36
154, 37
154, 38
154, 39
154, 40
154, 41
154, 42
154, 43
154, 44
154, 45
154, 46
154, 47
154, 48
154, 49
154, 50
154, 51
155, 29
155, 30
155, 31
155, 32
155, 33
155, 34
155, 35
155, 36
155, 37
155, 38
155, 39
155, 40
155, 41
155, 42
155, 43
155, 44
155, 45
155, 46
155, 47
155, 48
155, 49
155, 50
155, 51
156, 29
156, 30
156, 31
156, 32
156, 33
156, 34
156, 35
156, 36
156, 37
156, 38
156, 39
156, 40
156, 41
156, 42
156, 43
156, 44
156, 45
156, 46
156, 47
156, 48
156, 49
156, 50
156, 51
157, 29
157, 30
157, 31
157, 32
157, 33
157, 34
157, 35
157, 36
157, 37
157, 38
157, 39
157, 40
157, 41
157, 42
157, 43
157, 44
157, 45
157, 46
157, 47
157, 48
157, 49
157, 50
157, 51
158, 29
158, 30
158, 31
158, 32
158, 33
158, 34
158, 35
158, 36
158, 37
158, 38
158, 39
158, 40
158, 41
158, 42
158, 43
158, 44
158, 45
158, 46
158, 47
158, 48
158, 49
158, 50
158, 51
159, 29
159, 30
159, 31
159, 32
159, 33
159, 34
159, 35
159, 36
159, 37
159, 38
159, 39
159, 40
159, 41
159, 42
159, 43
159, 44
159, 45
159, 46
159, 47
159, 48
159, 49
159, 50
159, 51
159, 79
160, 29
160, 30
160, 31
160, 32
160, 33
160, 34
160, 35
160, 36
160, 37
160, 38
160, 39
160, 40
160, 41
160, 42
160, 43
160, 44
160, 45
160, 46
160, 47
160, 48
160, 49
160, 50
160, 51
160, 79
161, 29
161, 30
161, 31
161, 32
161, 33
161, 34
161, 35
161, 36
161, 37
161, 38
161, 39
161, 40
161, 41
161, 42
161, 43
161, 44
161, 45
161, 46
161, 47
161, 48
161, 49
161, 50
161, 51
162, 29
162, 30
162, 31
162, 32
162, 33
162, 34
162, 35
162, 36
162, 37
162, 38
162, 39
162, 40
162, 41
162, 42
162, 43
162, 44
162, 45
162, 46
162, 47
162, 48
162, 49
162, 50
162, 51
162, 52
163, 30
163, 31
163, 32
163, 33
163, 34
163, 35
163, 36
163, 37
163, 38
163, 39
163, 40
163, 41
163, 42
163, 43
163, 44
163, 45
163, 46
163, 47
163, 48
163, 49
163, 50
163, 51
163, 52
164, 30
164, 31
164, 32
164, 33
164, 34
164, 35
164, 36
164, 37
164, 38
164, 39
164, 40
164, 41
164, 42
164, 43
164, 44
164, 45
164, 46
164, 47
164, 48
164, 49
164, 50
164, 51
164, 52
165, 30
165, 31
165, 32
165, 33
165, 34
165, 35
165, 36
165, 37
165, 38
165, 39
165, 40
165, 41
165, 42
165, 43
165, 44
165, 45
165, 46
165, 47
165, 48
165, 49
165, 50
165, 51
165, 52
166, 30
166, 31
166, 32
166, 33
166, 34
166, 35
166, 36
166, 37
166, 38
166, 39
166, 40
166, 41
166, 42
166, 43
166, 44
166, 45
166, 46
166, 47
166, 48
166, 49
166, 50
166, 51
166, 52
167, 30
167, 31
167, 32
167, 33
167, 34
167, 35
167, 36
167, 37
167, 38
167, 39
167, 40
167, 41
167, 42
167, 43
167, 44
167, 45
167, 46
167, 47
167, 48
167, 49
167, 50
167, 51
167, 52
167, 53
168, 30
168, 31
168, 32
168, 33
168, 34
168, 35
168, 36
168, 37
168, 38
168, 39
168, 40
168, 41
168, 42
168, 43
168, 44
168, 45
168, 46
168, 47
168, 48
168, 49
168, 50
168, 51
168, 52
168, 53
168, 85
168, 86
169, 30
169, 31
169, 32
169, 33
169, 34
169, 35
169, 36
169, 37
169, 38
169, 39
169, 40
169, 41
169, 42
169, 43
169, 44
169, 45
169, 46
169, 47
169, 48
169, 49
169, 50
169, 51
169, 52
169, 53
169, 85
169, 86
170, 30
170, 31
170, 32
170, 33
170, 34
170, 35
170, 36
170, 37
170, 38
170, 39
170, 40
170, 41
170, 42
170, 43
170, 44
170, 45
170, 46
170, 47
170, 48
170, 49
170, 50
170, 51
170, 52
170, 85
170, 86
170, 87
171, 30
171, 31
171, 32
171, 33
171, 34
171, 35
171, 36
171, 37
171, 38
171, 39
171, 40
171, 41
171, 42
171, 43
171, 44
171, 45
171, 46
171, 47
171, 48
171, 49
171, 50
171, 51
171, 52
171, 85
171, 86
171, 87
171, 88
172, 30
172, 31
172, 32
172, 33
172, 34
172, 35
172, 36
172, 37
172, 38
172, 39
172, 40
172, 41
172, 42
172, 43
172, 44
172, 45
172, 46
172, 47
172, 48
172, 49
172, 50
172, 51
172, 52
172, 85
172, 86
172, 87
172, 88
172, 89
173, 30
173, 31
173, 32
173, 33
173, 34
173, 35
173, 36
173, 37
173, 38
173, 39
173, 40
173, 41
173, 42
173, 43
173, 44
173, 45
173, 46
173, 47
173, 48
173, 49
173, 50
173, 51
173, 52
173, 85
173, 86
173, 87
173, 88
173, 89
174, 30
174, 31
174, 32
174, 33
174, 34
174, 35
174, 36
174, 37
174, 38
174, 39
174, 40
174, 41
174, 42
174, 43
174, 44
174, 45
174, 46
174, 47
174, 48
174, 49
174, 50
174, 51
174, 52
174, 84
174, 85
174, 86
174, 87
174, 88
174, 89
174, 90
175, 30
175, 31
175, 32
175, 33
175, 34
175, 35
175, 36
175, 37
175, 38
175, 39
175, 40
175, 41
175, 42
175, 43
175, 44
175, 45
175, 46
175, 47
175, 48
175, 49
175, 50
175, 51
175, 52
175, 84
175, 85
175, 86
175, 87
175, 88
175, 89
175, 90
176, 30
176, 31
176, 32
176, 33
176, 34
176, 35
176, 36
176, 37
176, 38
176, 39
176, 40
176, 41
176, 42
176, 43
176, 44
176, 45
176, 46
176, 47
176, 48
176, 49
176, 50
176, 51
176, 52
176, 84
176, 85
176, 86
176, 87
176, 88
176, 89
176, 90
176, 91
177, 30
177, 31
177, 32
177, 33
177, 34
177, 35
177, 36
177, 37
177, 38
177, 39
177, 40
177, 41
177, 42
177, 43
177, 44
177, 45
177, 46
177, 47
177, 48
177, 49
177, 50
177, 51
177, 52
177, 85
177, 86
177, 87
177, 88
177, 89
177, 90
177, 91
178, 30
178, 31
178, 32
178, 33
178, 34
178, 35
178, 36
178, 37
178, 38
178, 39
178, 40
178, 41
178, 42
178, 43
178, 44
178, 45
178, 46
178, 47
178, 48
178, 49
178, 50
178, 51
178, 52
178, 85
178, 86
178, 87
178, 88
178, 89
178, 90
178, 91
178, 92
179, 31
179, 32
179, 33
179, 34
179, 35
179, 36
179, 37
179, 38
179, 39
179, 40
179, 41
179, 42
179, 43
179, 44
179, 45
179, 46
179, 47
179, 48
179, 49
179, 50
179, 51
179, 52
179, 85
179, 86
179, 87
179, 88
179, 89
179, 90
179, 91
179, 92
180, 31
180, 32
180, 33
180, 34
180, 35
180, 36
180, 37
180, 38
180, 39
180, 40
180, 41
180, 42
180, 43
180, 44
180, 45
180, 46
180, 47
180, 48
180, 49
180, 50
180, 51
180, 52
180, 85
180, 86
180, 87
180, 88
180, 89
180, 90
180, 91
180, 92
180, 93
181, 31
181, 32
181, 33
181, 34
181, 35
181, 36
181, 37
181, 38
181, 39
181, 40
181, 41
181, 42
181, 43
181, 44
181, 45
181, 46
181, 47
181, 48
181, 49
181, 50
181, 51
181, 86
181, 87
181, 88
181, 89
181, 90
181, 91
181, 92
181, 93
182, 31
182, 32
182, 33
182, 34
182, 35
182, 36
182, 37
182, 38
182, 39
182, 40
182, 41
182, 42
182, 43
182, 44
182, 45
182, 46
182, 47
182, 48
182, 49
182, 50
182, 51
182, 86
182, 87
182, 88
182, 89
182, 90
182, 91
182, 92
182, 93
182, 94
183, 32
183, 33
183, 34
183, 35
183, 36
183, 37
183, 38
183, 39
183, 40
183, 41
183, 42
183, 43
183, 44
183, 45
183, 46
183, 47
183, 48
183, 49
183, 50
183, 51
183, 86
183, 87
183, 88
183, 89
183, 90
183, 91
183, 92
183, 93
183, 94
184, 32
184, 33
184, 34
184, 35
184, 36
184, 37
184, 38
184, 39
184, 40
184, 41
184, 42
184, 43
184, 44
184, 45
184, 46
184, 47
184, 48
184, 49
184, 50
184, 51
184, 86
184, 87
184, 88
184, 89
184, 90
184, 91
184, 92
184, 93
184, 94
184, 95
185, 32
185, 33
185, 34
185, 35
185, 36
185, 37
185, 38
185, 39
185, 40
185, 41
185, 42
185, 43
185, 44
185, 45
185, 46
185, 47
185, 48
185, 49
185, 50
185, 51
185, 86
185, 87
185, 88
185, 89
185, 90
185, 91
185, 92
185, 93
185, 94
185, 95
186, 32
186, 33
186, 34
186, 35
186, 36
186, 37
186, 38
186, 39
186, 40
186, 41
186, 42
186, 43
186, 44
186, 45
186, 46
186, 47
186, 48
186, 49
186, 50
186, 51
186, 87
186, 88
186, 89
186, 90
186, 91
186, 92
186, 93
186, 94
186, 95
187, 32
187, 33
187, 34
187, 35
187, 36
187, 37
187, 38
187, 39
187, 40
187, 41
187, 42
187, 43
187, 44
187, 45
187, 46
187, 47
187, 48
187, 49
187, 50
187, 51
187, 87
187, 88
187, 89
187, 90
187, 91
187, 92
187, 93
187, 94
187, 95
187, 96
188, 32
188, 33
188, 34
188, 35
188, 36
188, 37
188, 38
188, 39
188, 40
188, 41
188, 42
188, 43
188, 44
188, 45
188, 46
188, 47
188, 48
188, 49
188, 50
188, 51
188, 87
188, 88
188, 89
188, 90
188, 91
188, 92
188, 93
188, 94
188, 95
188, 96
189, 32
189, 33
189, 34
189, 35
189, 36
189, 37
189, 38
189, 39
189, 40
189, 41
189, 42
189, 43
189, 44
189, 45
189, 46
189, 47
189, 48
189, 49
189, 50
189, 51
189, 87
189, 88
189, 89
189, 90
189, 91
189, 92
189, 93
189, 94
189, 95
189, 96
189, 97
190, 32
190, 33
190, 34
190, 35
190, 36
190, 37
190, 38
190, 39
190, 40
190, 41
190, 42
190, 43
190, 44
190, 45
190, 46
190, 47
190, 48
190, 49
190, 50
190, 51
190, 87
190, 88
190, 89
190, 90
190, 91
190, 92
190, 93
190, 94
190, 95
190, 96
190, 97
191, 32
191, 33
191, 34
191, 35
191, 36
191, 37
191, 38
191, 39
191, 40
191, 41
191, 42
191, 43
191, 44
191, 45
191, 46
191, 47
191, 48
191, 49
191, 50
191, 51
191, 87
191, 88
191, 89
191, 90
191, 91
191, 92
191, 93
191, 94
191, 95
191, 96
191, 97
192, 33
192, 34
192, 35
192, 36
192, 37
192, 38
192, 39
192, 40
192, 41
192, 42
192, 43
192, 44
192, 45
192, 46
192, 47
192, 48
192, 49
192, 50
192, 51
192, 87
192, 88
192, 89
192, 90
192, 91
192, 92
192, 93
192, 94
192, 95
192, 96
192, 97
193, 33
193, 34
193, 35
193, 36
193, 37
193, 38
193, 39
193, 40
193, 41
193, 42
193, 43
193, 44
193, 45
193, 46
193, 47
193, 48
193, 49
193, 50
193, 51
193, 87
193, 88
193, 89
193, 90
193, 91
193, 92
193, 93
193, 94
193, 95
193, 96
193, 97
193, 98
194, 34
194, 35
194, 36
194, 37
194, 38
194, 39
194, 40
194, 41
194, 42
194, 43
194, 44
194, 45
194, 46
194, 47
194, 48
194, 49
194, 50
194, 51
194, 87
194, 88
194, 89
194, 90
194, 91
194, 92
194, 93
194, 94
194, 95
194, 96
194, 97
194, 98
195, 35
195, 36
195, 37
195, 38
195, 39
195, 40
195, 41
195, 42
195, 43
195, 44
195, 45
195, 46
195, 47
195, 48
195, 49
195, 50
195, 51
195, 87
195, 88
195, 89
195, 90
195, 91
195, 92
195, 93
195, 94
195, 95
195, 96
195, 97
195, 98
196, 36
196, 37
196, 38
196, 39
196, 40
196, 41
196, 42
196, 43
196, 44
196, 45
196, 46
196, 47
196, 48
196, 49
196, 50
196, 88
196, 89
196, 90
196, 91
196, 92
196, 93
196, 94
196, 95
196, 96
196, 97
196, 98
196, 99
197, 37
197, 38
197, 39
197, 40
197, 41
197, 42
197, 43
197, 44
197, 45
197, 46
197, 47
197, 48
197, 49
197, 50
197, 88
197, 89
197, 90
197, 91
197, 92
197, 93
197, 94
197, 95
197, 96
197, 97
197, 98
197, 99
198, 38
198, 39
198, 40
198, 41
198, 42
198, 43
198, 44
198, 45
198, 46
198, 47
198, 48
198, 49
198, 50
198, 88
198, 89
198, 90
198, 91
198, 92
198, 93
198, 94
198, 95
198, 96
198, 97
198, 98
198, 99
199, 38
199, 39
199, 40
199, 41
199, 42
199, 43
199, 44
199, 45
199, 46
199, 47
199, 48
199, 49
199, 50
199, 88
199, 89
199, 90
199, 91
199, 92
199, 93
199, 94
199, 95
199, 96
199, 97
199, 98
199, 99
200, 39
200, 40
200, 41
200, 42
200, 43
200, 44
200, 45
200, 46
200, 47
200, 48
200, 49
200, 50
200, 88
200, 89
200, 90
200, 91
200, 92
200, 93
200, 94
200, 95
200, 96
200, 97
200, 98
200, 99
200, 100
201, 39
201, 40
201, 41
201, 42
201, 43
201, 44
201, 45
201, 46
201, 47
201, 48
201, 49
201, 50
201, 88
201, 89
201, 90
201, 91
201, 92
201, 93
201, 94
201, 95
201, 96
201, 97
201, 98
201, 99
201, 100
202, 39
202, 40
202, 41
202, 42
202, 43
202, 44
202, 45
202, 46
202, 47
202, 48
202, 49
202, 50
202, 88
202, 89
202, 90
202, 91
202, 92
202, 93
202, 94
202, 95
202, 96
202, 97
202, 98
202, 99
202, 100
203, 39
203, 40
203, 41
203, 42
203, 43
203, 44
203, 45
203, 46
203, 47
203, 48
203, 49
203, 50
203, 88
203, 89
203, 90
203, 91
203, 92
203, 93
203, 94
203, 95
203, 96
203, 97
203, 98
203, 99
203, 100
203, 101
204, 39
204, 40
204, 41
204, 42
204, 43
204, 44
204, 45
204, 46
204, 47
204, 48
204, 49
204, 50
204, 88
204, 89
204, 90
204, 91
204, 92
204, 93
204, 94
204, 95
204, 96
204, 97
204, 98
204, 99
204, 100
204, 101
205, 39
205, 40
205, 41
205, 42
205, 43
205, 44
205, 45
205, 46
205, 47
205, 48
205, 49
205, 50
205, 88
205, 89
205, 90
205, 91
205, 92
205, 93
205, 94
205, 95
205, 96
205, 97
205, 98
205, 99
205, 100
205, 101
205, 102
206, 39
206, 40
206, 41
206, 42
206, 43
206, 44
206, 45
206, 46
206, 47
206, 48
206, 49
206, 50
206, 88
206, 89
206, 90
206, 91
206, 92
206, 93
206, 94
206, 95
206, 96
206, 97
206, 98
206, 99
206, 100
206, 101
206, 102
207, 39
207, 40
207, 41
207, 42
207, 43
207, 44
207, 45
207, 46
207, 47
207, 48
207, 49
207, 50
207, 88
207, 89
207, 90
207, 91
207, 92
207, 93
207, 94
207, 95
207, 96
207, 97
207, 98
207, 99
207, 100
207, 101
207, 102
208, 40
208, 41
208, 42
208, 43
208, 44
208, 45
208, 46
208, 47
208, 48
208, 49
208, 50
208, 88
208, 89
208, 90
208, 91
208, 92
208, 93
208, 94
208, 95
208, 96
208, 97
208, 98
208, 99
208, 100
208, 101
208, 102
209, 40
209, 41
209, 42
209, 43
209, 44
209, 45
209, 46
209, 47
209, 48
209, 49
209, 50
209, 88
209, 89
209, 90
209, 91
209, 92
209, 93
209, 94
209, 95
209, 96
209, 97
209, 98
209, 99
209, 100
209, 101
209, 102
210, 40
210, 41
210, 42
210, 43
210, 44
210, 45
210, 46
210, 47
210, 48
210, 49
210, 50
210, 88
210, 89
210, 90
210, 91
210, 92
210, 93
210, 94
210, 95
210, 96
210, 97
210, 98
210, 99
210, 100
210, 101
210, 102
211, 40
211, 41
211, 42
211, 43
211, 44
211, 45
211, 46
211, 47
211, 48
211, 49
211, 50
211, 89
211, 90
211, 91
211, 92
211, 93
211, 94
211, 95
211, 96
211, 97
211, 98
211, 99
211, 100
211, 101
211, 102
212, 40
212, 41
212, 42
212, 43
212, 44
212, 45
212, 46
212, 47
212, 48
212, 49
212, 50
212, 89
212, 90
212, 91
212, 92
212, 93
212, 94
212, 95
212, 96
212, 97
212, 98
212, 99
212, 100
212, 101
212, 102
213, 40
213, 41
213, 42
213, 43
213, 44
213, 45
213, 46
213, 47
213, 48
213, 49
213, 50
213, 89
213, 90
213, 91
213, 92
213, 93
213, 94
213, 95
213, 96
213, 97
213, 98
213, 99
213, 100
213, 101
213, 102
214, 40
214, 41
214, 42
214, 43
214, 44
214, 45
214, 46
214, 47
214, 48
214, 49
214, 50
214, 89
214, 90
214, 91
214, 92
214, 93
214, 94
214, 95
214, 96
214, 97
214, 98
214, 99
214, 100
214, 101
214, 102
215, 40
215, 41
215, 42
215, 43
215, 44
215, 45
215, 46
215, 47
215, 48
215, 49
215, 50
215, 89
215, 90
215, 91
215, 92
215, 93
215, 94
215, 95
215, 96
215, 97
215, 98
215, 99
215, 100
215, 101
215, 102
216, 40
216, 41
216, 42
216, 43
216, 44
216, 45
216, 46
216, 47
216, 48
216, 49
216, 50
216, 89
216, 90
216, 91
216, 92
216, 93
216, 94
216, 95
216, 96
216, 97
216, 98
216, 99
216, 100
216, 101
216, 102
217, 40
217, 41
217, 42
217, 43
217, 44
217, 45
217, 46
217, 47
217, 48
217, 49
217, 89
217, 90
217, 91
217, 92
217, 93
217, 94
217, 95
217, 96
217, 97
217, 98
217, 99
217, 100
217, 101
217, 102
218, 41
218, 42
218, 43
218, 44
218, 45
218, 46
218, 47
218, 48
218, 89
218, 90
218, 91
218, 92
218, 93
218, 94
218, 95
218, 96
218, 97
218, 98
218, 99
218, 100
218, 101
218, 102
219, 42
219, 43
219, 44
219, 45
219, 46
219, 47
219, 48
219, 89
219, 90
219, 91
219, 92
219, 93
219, 94
219, 95
219, 96
219, 97
219, 98
219, 99
219, 100
219, 101
219, 102
220, 43
220, 44
220, 45
220, 46
220, 47
220, 90
220, 91
220, 92
220, 93
220, 94
220, 95
220, 96
220, 97
220, 98
220, 99
220, 100
220, 101
220, 102
221, 46
221, 90
221, 91
221, 92
221, 93
221, 94
221, 95
221, 96
221, 97
221, 98
221, 99
221, 100
221, 101
221, 102
222, 90
222, 91
222, 92
222, 93
222, 94
222, 95
222, 96
222, 97
222, 98
222, 99
222, 100
222, 101
222, 102
223, 90
223, 91
223, 92
223, 93
223, 94
223, 95
223, 96
223, 97
223, 98
223, 99
223, 100
223, 101
223, 102
224, 91
224, 92
224, 93
224, 94
224, 95
224, 96
224, 97
224, 98
224, 99
224, 100
224, 101
224, 102
225, 91
225, 92
225, 93
225, 94
225, 95
225, 96
225, 97
225, 98
225, 99
225, 100
225, 101
225, 102
226, 92
226, 93
226, 94
226, 95
226, 96
226, 97
226, 98
226, 99
226, 100
226, 101
226, 102
227, 92
227, 93
227, 94
227, 95
227, 96
227, 97
227, 98
227, 99
227, 100
227, 101
227, 102
228, 93
228, 94
228, 95
228, 96
228, 97
228, 98
228, 99
228, 100
228, 101
228, 102
229, 93
229, 94
229, 95
229, 96
229, 97
229, 98
229, 99
229, 100
229, 101
229, 102
230, 93
230, 94
230, 95
230, 96
230, 97
230, 98
230, 99
230, 100
230, 101
230, 102
231, 94
231, 95
231, 96
231, 97
231, 98
231, 99
231, 100
231, 101
231, 102
232, 94
232, 95
232, 96
232, 97
232, 98
232, 99
232, 100
232, 101
232, 102
233, 94
233, 95
233, 96
233, 97
233, 98
233, 99
233, 100
233, 101
233, 102
234, 94
234, 95
234, 96
234, 97
234, 98
234, 99
234, 100
234, 101
234, 102
235, 94
235, 95
235, 96
235, 97
235, 98
235, 99
235, 100
235, 101
235, 102
236, 94
236, 95
236, 96
236, 97
236, 98
236, 99
236, 100
236, 101
236, 102
237, 95
237, 96
237, 97
237, 98
237, 99
237, 100
237, 101
237, 102
238, 95
238, 96
238, 97
238, 98
238, 99
238, 100
238, 101
238, 102
239, 96
239, 97
239, 98
239, 99
239, 100
239, 101
239, 102
240, 100
240, 101
240, 102
