39, 17
39, 18
39, 19
39, 20
39, 21
39, 22
39, 23
39, 24
39, 25
39, 26
39, 27
40, 15
40, 16
40, 17
40, 18
40, 19
40, 20
40, 21
40, 22
40, 23
40, 24
40, 25
40, 26
40, 27
40, 28
40, 29
41, 14
41, 15
41, 16
41, 17
41, 18
41, 19
41, 20
41, 21
41, 22
41, 23
41, 24
41, 25
41, 26
41, 27
41, 28
41, 29
41, 30
42, 14
42, 15
42, 16
42, 17
42, 18
42, 19
42, 20
42, 21
42, 22
42, 23
42, 24
42, 25
42, 26
42, 27
42, 28
42, 29
42, 30
43, 14
43, 15
43, 16
43, 17
43, 18
43, 19
43, 20
43, 21
43, 22
43, 23
43, 24
43, 25
43, 26
43, 27
43, 28
43, 29
43, 30
44, 13
44, 14
44, 15
44, 16
44, 17
44, 18
44, 19
44, 20
44, 21
44, 22
44, 23
44, 24
44, 25
44, 26
44, 27
44, 28
44, 29
44, 30
45, 13
45, 14
45, 15
45, 16
45, 17
45, 18
45, 19
45, 20
45, 21
45, 22
45, 23
45, 24
45, 25
45, 26
45, 27
45, 28
45, 29
45, 30
46, 13
46, 14
46, 15
46, 16
46, 17
46, 18
46, 19
46, 20
46, 21
46, 22
46, 23
46, 24
46, 25
46, 26
46, 27
46, 28
46, 29
46, 30
46, 44
46, 45
46, 46
46, 47
47, 13
47, 14
47, 15
47, 16
47, 17
47, 18
47, 19
47, 20
47, 21
47, 22
47, 23
47, 24
47, 25
47, 26
47, 27
47, 28
47, 29
47, 30
47, 44
47, 45
47, 46
47, 47
47, 48
48, 13
48, 14
48, 15
48, 16
48, 17
48, 18
48, 19
48, 20
48, 21
48, 22
48, 23
48, 24
48, 25
48, 26
48, 27
48, 28
48, 29
48, 30
48, 44
48, 45
48, 46
48, 47
48, 48
48, 49
48, 50
49, 12
49, 13
49, 14
49, 15
49, 16
49, 17
49, 18
49, 19
49, 20
49, 21
49, 22
49, 23
49, 24
49, 25
49, 26
49, 27
49, 28
49, 29
49, 30
49, 45
49, 46
49, 47
49, 48
49, 49
49, 50
49, 51
50, 12
50, 13
50, 14
50, 15
50, 16
50, 17
50, 18
50, 19
50, 20
50, 21
50, 22
50, 23
50, 24
50, 25
50, 26
50, 27
50, 28
50, 29
50, 30
50, 45
50, 46
50, 47
50, 48
50, 49
50, 50
50, 51
50, 52
51, 12
51, 13
51, 14
51, 15
51, 16
51, 17
51, 18
51, 19
51, 20
51, 21
51, 22
51, 23
51, 24
51, 25
51, 26
51, 27
51, 28
51, 29
51, 30
51, 45
51, 46
51, 47
51, 48
51, 49
51, 50
51, 51
51, 52
51, 53
52, 12
52, 13
52, 14
52, 15
52, 16
52, 17
52, 18
52, 19
52, 20
52, 21
52, 22
52, 23
52, 24
52, 25
52, 26
52, 27
52, 28
52, 29
52, 30
52, 45
52, 46
52, 47
52, 48
52, 49
52, 50
52, 51
52, 52
52, 53
52, 54
53, 12
53, 13
53, 14
53, 15
53, 16
53, 17
53, 18
53, 19
53, 20
53, 21
53, 22
53, 23
53, 24
53, 25
53, 26
53, 27
53, 28
53, 29
53, 30
53, 44
53, 45
53, 46
53, 47
53, 48
53, 49
53, 50
53, 51
53, 52
53, 53
53, 54
53, 55
54, 12
54, 13
54, 14
54, 15
54, 16
54, 17
54, 18
54, 19
54, 20
54, 21
54, 22
54, 23
54, 24
54, 25
54, 26
54, 27
54, 28
54, 29
54, 30
54, 44
54, 45
54, 46
54, 47
54, 48
54, 49
54, 50
54, 51
54, 52
54, 53
54, 54
54, 55
55, 12
55, 13
55, 14
55, 15
55, 16
55, 17
55, 18
55, 19
55, 20
55, 21
55, 22
55, 23
55, 24
55, 25
55, 26
55, 27
55, 28
55, 29
55, 30
55, 44
55, 45
55, 46
55, 47
55, 48
55, 49
55, 50
55, 51
55, 52
55, 53
55, 54
55, 55
55, 56
56, 12
56, 13
56, 14
56, 15
56, 16
56, 17
56, 18
56, 19
56, 20
56, 21
56, 22
56, 23
56, 24
56, 25
56, 26
56, 27
56, 28
56, 29
56, 30
56, 44
56, 45
56, 46
56, 47
56, 48
56, 49
56, 50
56, 51
56, 52
56, 53
56, 54
56, 55
56, 56
57, 12
57, 13
57, 14
57, 15
57, 16
57, 17
57, 18
57, 19
57, 20
57, 21
57, 22
57, 23
57, 24
57, 25
57, 26
57, 27
57, 28
57, 29
57, 30
57, 44
57, 45
57, 46
57, 47
57, 48
57, 49
57, 50
57, 51
57, 52
57, 53
57, 54
57, 55
57, 56
57, 57
58, 12
58, 13
58, 14
58, 15
58, 16
58, 17
58, 18
58, 19
58, 20
58, 21
58, 22
58, 23
58, 24
58, 25
58, 26
58, 27
58, 28
58, 29
58, 44
58, 45
58, 46
58, 47
58, 48
58, 49
58, 50
58, 51
58, 52
58, 53
58, 54
58, 55
58, 56
58, 57
59, 12
59, 13
59, 14
59, 15
59, 16
59, 17
59, 18
59, 19
59, 20
59, 21
59, 22
59, 23
59, 24
59, 25
59, 26
59, 27
59, 28
59, 29
59, 44
59, 45
59, 46
59, 47
59, 48
59, 49
59, 50
59, 51
59, 52
59, 53
59, 54
59, 55
59, 56
59, 57
59, 58
60, 12
60, 13
60, 14
60, 15
60, 16
60, 17
60, 18
60, 19
60, 20
60, 21
60, 22
60, 23
60, 24
60, 25
60, 26
60, 27
60, 28
60, 29
60, 44
60, 45
60, 46
60, 47
60, 48
60, 49
60, 50
60, 51
60, 52
60, 53
60, 54
60, 55
60, 56
60, 57
60, 58
61, 12
61, 13
61, 14
61, 15
61, 16
61, 17
61, 18
61, 19
61, 20
61, 21
61, 22
61, 23
61, 24
61, 25
61, 26
61, 27
61, 28
61, 29
61, 44
61, 45
61, 46
61, 47
61, 48
61, 49
61, 50
61, 51
61, 52
61, 53
61, 54
61, 55
61, 56
61, 57
61, 58
61, 59
62, 12
62, 13
62, 14
62, 15
62, 16
62, 17
62, 18
62, 19
62, 20
62, 21
62, 22
62, 23
62, 24
62, 25
62, 26
62, 27
62, 28
62, 29
62, 44
62, 45
62, 46
62, 47
62, 48
62, 49
62, 50
62, 51
62, 52
62, 53
62, 54
62, 55
62, 56
62, 57
62, 58
62, 59
63, 12
63, 13
63, 14
63, 15
63, 16
63, 17
63, 18
63, 19
63, 20
63, 21
63, 22
63, 23
63, 24
63, 25
63, 26
63, 27
63, 28
63, 29
63, 44
63, 45
63, 46
63, 47
63, 48
63, 49
63, 50
63, 51
63, 52
63, 53
63, 54
63, 55
63, 56
63, 57
63, 58
63, 59
64, 12
64, 13
64, 14
64, 15
64, 16
64, 17
64, 18
64, 19
64, 20
64, 21
64, 22
64, 23
64, 24
64, 25
64, 26
64, 27
64, 28
64, 29
64, 44
64, 45
64, 46
64, 47
64, 48
64, 49
64, 50
64, 51
64, 52
64, 53
64, 54
64, 55
64, 56
64, 57
64, 58
64, 59
65, 12
65, 13
65, 14
65, 15
65, 16
65, 17
65, 18
65, 19
65, 20
65, 21
65, 22
65, 23
65, 24
65, 25
65, 26
65, 27
65, 28
65, 29
65, 44
65, 45
65, 46
65, 47
65, 48
65, 49
65, 50
65, 51
65, 52
65, 53
65, 54
65, 55
65, 56
65, 57
65, 58
65, 59
66, 12
66, 13
66, 14
66, 15
66, 16
66, 17
66, 18
66, 19
66, 20
66, 21
66, 22
66, 23
66, 24
66, 25
66, 26
66, 27
66, 28
66, 29
66, 44
66, 45
66, 46
66, 47
66, 48
66, 49
66, 50
66, 51
66, 52
66, 53
66, 54
66, 55
66, 56
66, 57
66, 58
66, 59
67, 12
67, 13
67, 14
67, 15
67, 16
67, 17
67, 18
67, 19
67, 20
67, 21
67, 22
67, 23
67, 24
67, 25
67, 26
67, 27
67, 28
67, 29
67, 44
67, 45
67, 46
67, 47
67, 48
67, 49
67, 50
67, 51
67, 52
67, 53
67, 54
67, 55
67, 56
67, 57
67, 58
67, 59
68, 12
68, 13
68, 14
68, 15
68, 16
68, 17
68, 18
68, 19
68, 20
68, 21
68, 22
68, 23
68, 24
68, 25
68, 26
68, 27
68, 28
68, 29
68, 44
68, 45
68, 46
68, 47
68, 48
68, 49
68, 50
68, 51
68, 52
68, 53
68, 54
68, 55
68, 56
68, 57
68, 58
68, 59
68, 60
69, 12
69, 13
69, 14
69, 15
69, 16
69, 17
69, 18
69, 19
69, 20
69, 21
69, 22
69, 23
69, 24
69, 25
69, 26
69, 27
69, 28
69, 29
69, 44
69, 45
69, 46
69, 47
69, 48
69, 49
69, 50
69, 51
69, 52
69, 53
69, 54
69, 55
69, 56
69, 57
69, 58
69, 59
69, 60
70, 12
70, 13
70, 14
70, 15
70, 16
70, 17
70, 18
70, 19
70, 20
70, 21
70, 22
70, 23
70, 24
70, 25
70, 26
70, 27
70, 28
70, 29
70, 44
70, 45
70, 46
70, 47
70, 48
70, 49
70, 50
70, 51
70, 52
70, 53
70, 54
70, 55
70, 56
70, 57
70, 58
70, 59
70, 60
71, 12
71, 13
71, 14
71, 15
71, 16
71, 17
71, 18
71, 19
71, 20
71, 21
71, 22
71, 23
71, 24
71, 25
71, 26
71, 27
71, 28
71, 29
71, 44
71, 45
71, 46
71, 47
71, 48
71, 49
71, 50
71, 51
71, 52
71, 53
71, 54
71, 55
71, 56
71, 57
71, 58
71, 59
71, 60
72, 12
72, 13
72, 14
72, 15
72, 16
72, 17
72, 18
72, 19
72, 20
72, 21
72, 22
72, 23
72, 24
72, 25
72, 26
72, 27
72, 28
72, 29
72, 44
72, 45
72, 46
72, 47
72, 48
72, 49
72, 50
72, 51
72, 52
72, 53
72, 54
72, 55
72, 56
72, 57
72, 58
72, 59
72, 60
73, 12
73, 13
73, 14
73, 15
73, 16
73, 17
73, 18
73, 19
73, 20
73, 21
73, 22
73, 23
73, 24
73, 25
73, 26
73, 27
73, 28
73, 29
73, 44
73, 45
73, 46
73, 47
73, 48
73, 49
73, 50
73, 51
73, 52
73, 53
73, 54
73, 55
73, 56
73, 57
73, 58
73, 59
73, 60
74, 12
74, 13
74, 14
74, 15
74, 16
74, 17
74, 18
74, 19
74, 20
74, 21
74, 22
74, 23
74, 24
74, 25
74, 26
74, 27
74, 28
74, 29
74, 44
74, 45
74, 46
74, 47
74, 48
74, 49
74, 50
74, 51
74, 52
74, 53
74, 54
74, 55
74, 56
74, 57
74, 58
74, 59
74, 60
75, 12
75, 13
75, 14
75, 15
75, 16
75, 17
75, 18
75, 19
75, 20
75, 21
75, 22
75, 23
75, 24
75, 25
75, 26
75, 27
75, 28
75, 29
75, 44
75, 45
75, 46
75, 47
75, 48
75, 49
75, 50
75, 51
75, 52
75, 53
75, 54
75, 55
75, 56
75, 57
75, 58
75, 59
75, 60
76, 12
76, 13
76, 14
76, 15
76, 16
76, 17
76, 18
76, 19
76, 20
76, 21
76, 22
76, 23
76, 24
76, 25
76, 26
76, 27
76, 28
76, 29
76, 44
76, 45
76, 46
76, 47
76, 48
76, 49
76, 50
76, 51
76, 52
76, 53
76, 54
76, 55
76, 56
76, 57
76, 58
76, 59
76, 60
76, 61
77, 12
77, 13
77, 14
77, 15
77, 16
77, 17
77, 18
77, 19
77, 20
77, 21
77, 22
77, 23
77, 24
77, 25
77, 26
77, 27
77, 28
77, 29
77, 44
77, 45
77, 46
77, 47
77, 48
77, 49
77, 50
77, 51
77, 52
77, 53
77, 54
77, 55
77, 56
77, 57
77, 58
77, 59
77, 60
77, 61
78, 12
78, 13
78, 14
78, 15
78, 16
78, 17
78, 18
78, 19
78, 20
78, 21
78, 22
78, 23
78, 24
78, 25
78, 26
78, 27
78, 28
78, 29
78, 44
78, 45
78, 46
78, 47
78, 48
78, 49
78, 50
78, 51
78, 52
78, 53
78, 54
78, 55
78, 56
78, 57
78, 58
78, 59
78, 60
78, 61
79, 12
79, 13
79, 14
79, 15
79, 16
79, 17
79, 18
79, 19
79, 20
79, 21
79, 22
79, 23
79, 24
79, 25
79, 26
79, 27
79, 28
79, 29
79, 44
79, 45
79, 46
79, 47
79, 48
79, 49
79, 50
79, 51
79, 52
79, 53
79, 54
79, 55
79, 56
79, 57
79, 58
79, 59
79, 60
79, 61
80, 12
80, 13
80, 14
80, 15
80, 16
80, 17
80, 18
80, 19
80, 20
80, 21
80, 22
80, 23
80, 24
80, 25
80, 26
80, 27
80, 28
80, 29
80, 44
80, 45
80, 46
80, 47
80, 48
80, 49
80, 50
80, 51
80, 52
80, 53
80, 54
80, 55
80, 56
80, 57
80, 58
80, 59
80, 60
80, 61
81, 12
81, 13
81, 14
81, 15
81, 16
81, 17
81, 18
81, 19
81, 20
81, 21
81, 22
81, 23
81, 24
81, 25
81, 26
81, 27
81, 28
81, 29
81, 44
81, 45
81, 46
81, 47
81, 48
81, 49
81, 50
81, 51
81, 52
81, 53
81, 54
81, 55
81, 56
81, 57
81, 58
81, 59
81, 60
81, 61
82, 12
82, 13
82, 14
82, 15
82, 16
82, 17
82, 18
82, 19
82, 20
82, 21
82, 22
82, 23
82, 24
82, 25
82, 26
82, 27
82, 28
82, 29
82, 44
82, 45
82, 46
82, 47
82, 48
82, 49
82, 50
82, 51
82, 52
82, 53
82, 54
82, 55
82, 56
82, 57
82, 58
82, 59
82, 60
82, 61
83, 12
83, 13
83, 14
83, 15
83, 16
83, 17
83, 18
83, 19
83, 20
83, 21
83, 22
83, 23
83, 24
83, 25
83, 26
83, 27
83, 28
83, 29
83, 44
83, 45
83, 46
83, 47
83, 48
83, 49
83, 50
83, 51
83, 52
83, 53
83, 54
83, 55
83, 56
83, 57
83, 58
83, 59
83, 60
83, 61
84, 12
84, 13
84, 14
84, 15
84, 16
84, 17
84, 18
84, 19
84, 20
84, 21
84, 22
84, 23
84, 24
84, 25
84, 26
84, 27
84, 28
84, 29
84, 44
84, 45
84, 46
84, 47
84, 48
84, 49
84, 50
84, 51
84, 52
84, 53
84, 54
84, 55
84, 56
84, 57
84, 58
84, 59
84, 60
85, 12
85, 13
85, 14
85, 15
85, 16
85, 17
85, 18
85, 19
85, 20
85, 21
85, 22
85, 23
85, 24
85, 25
85, 26
85, 27
85, 28
85, 29
85, 44
85, 45
85, 46
85, 47
85, 48
85, 49
85, 50
85, 51
85, 52
85, 53
85, 54
85, 55
85, 56
85, 57
85, 58
85, 59
85, 60
86, 12
86, 13
86, 14
86, 15
86, 16
86, 17
86, 18
86, 19
86, 20
86, 21
86, 22
86, 23
86, 24
86, 25
86, 26
86, 27
86, 28
86, 29
86, 44
86, 45
86, 46
86, 47
86, 48
86, 49
86, 50
86, 51
86, 52
86, 53
86, 54
86, 55
86, 56
86, 57
86, 58
86, 59
87, 12
87, 13
87, 14
87, 15
87, 16
87, 17
87, 18
87, 19
87, 20
87, 21
87, 22
87, 23
87, 24
87, 25
87, 26
87, 27
87, 28
87, 29
87, 44
87, 45
87, 46
87, 47
87, 48
87, 49
87, 50
87, 51
87, 52
87, 53
87, 54
87, 55
87, 56
87, 57
87, 58
88, 12
88, 13
88, 14
88, 15
88, 16
88, 17
88, 18
88, 19
88, 20
88, 21
88, 22
88, 23
88, 24
88, 25
88, 26
88, 27
88, 28
88, 29
88, 44
88, 45
88, 46
88, 47
88, 48
88, 49
88, 50
88, 51
88, 52
88, 53
88, 54
88, 55
88, 56
88, 57
89, 12
89, 13
89, 14
89, 15
89, 16
89, 17
89, 18
89, 19
89, 20
89, 21
89, 22
89, 23
89, 24
89, 25
89, 26
89, 27
89, 28
89, 29
89, 44
89, 45
89, 46
89, 47
89, 48
89, 49
89, 50
89, 51
89, 52
89, 53
89, 54
89, 55
90, 12
90, 13
90, 14
90, 15
90, 16
90, 17
90, 18
90, 19
90, 20
90, 21
90, 22
90, 23
90, 24
90, 25
90, 26
90, 27
90, 28
90, 29
90, 44
90, 45
90, 46
90, 47
90, 48
90, 49
90, 50
90, 51
90, 52
90, 53
90, 54
91, 12
91, 13
91, 14
91, 15
91, 16
91, 17
91, 18
91, 19
91, 20
91, 21
91, 22
91, 23
91, 24
91, 25
91, 26
91, 27
91, 28
91, 29
91, 44
91, 45
91, 46
91, 47
91, 48
91, 49
91, 50
91, 51
91, 52
91, 53
92, 12
92, 13
92, 14
92, 15
92, 16
92, 17
92, 18
92, 19
92, 20
92, 21
92, 22
92, 23
92, 24
92, 25
92, 26
92, 27
92, 28
92, 29
92, 44
92, 45
92, 46
92, 47
92, 48
92, 49
92, 50
92, 51
92, 52
93, 12
93, 13
93, 14
93, 15
93, 16
93, 17
93, 18
93, 19
93, 20
93, 21
93, 22
93, 23
93, 24
93, 25
93, 26
93, 27
93, 28
93, 29
93, 44
93, 45
93, 46
93, 47
93, 48
93, 49
93, 50
93, 51
93, 52
94, 12
94, 13
94, 14
94, 15
94, 16
94, 17
94, 18
94, 19
94, 20
94, 21
94, 22
94, 23
94, 24
94, 25
94, 26
94, 27
94, 28
94, 29
94, 44
94, 45
94, 46
94, 47
94, 48
94, 49
94, 50
94, 51
95, 12
95, 13
95, 14
95, 15
95, 16
95, 17
95, 18
95, 19
95, 20
95, 21
95, 22
95, 23
95, 24
95, 25
95, 26
95, 27
95, 28
95, 29
95, 44
95, 45
95, 46
95, 47
95, 48
95, 49
95, 50
95, 51
96, 12
96, 13
96, 14
96, 15
96, 16
96, 17
96, 18
96, 19
96, 20
96, 21
96, 22
96, 23
96, 24
96, 25
96, 26
96, 27
96, 28
96, 29
96, 44
96, 45
96, 46
96, 47
96, 48
96, 49
96, 50
96, 51
97, 12
97, 13
97, 14
97, 15
97, 16
97, 17
97, 18
97, 19
97, 20
97, 21
97, 22
97, 23
97, 24
97, 25
97, 26
97, 27
97, 28
97, 29
97, 45
97, 46
97, 47
97, 48
97, 49
97, 50
98, 12
98, 13
98, 14
98, 15
98, 16
98, 17
98, 18
98, 19
98, 20
98, 21
98, 22
98, 23
98, 24
98, 25
98, 26
98, 27
98, 28
98, 29
98, 45
98, 46
98, 47
98, 48
98, 49
98, 50
99, 12
99, 13
99, 14
99, 15
99, 16
99, 17
99, 18
99, 19
99, 20
99, 21
99, 22
99, 23
99, 24
99, 25
99, 26
99, 27
99, 28
99, 29
99, 45
99, 46
99, 47
99, 48
99, 49
99, 50
100, 12
100, 13
100, 14
100, 15
100, 16
100, 17
100, 18
100, 19
100, 20
100, 21
100, 22
100, 23
100, 24
100, 25
100, 26
100, 27
100, 28
100, 29
100, 45
100, 46
100, 47
100, 48
100, 49
100, 50
101, 12
101, 13
101, 14
101, 15
101, 16
101, 17
101, 18
101, 19
101, 20
101, 21
101, 22
101, 23
101, 24
101, 25
101, 26
101, 27
101, 28
101, 29
101, 30
101, 45
101, 46
101, 47
101, 48
101, 49
101, 50
102, 12
102, 13
102, 14
102, 15
102, 16
102, 17
102, 18
102, 19
102, 20
102, 21
102, 22
102, 23
102, 24
102, 25
102, 26
102, 27
102, 28
102, 29
102, 30
102, 45
102, 46
102, 47
102, 48
102, 49
102, 50
103, 12
103, 13
103, 14
103, 15
103, 16
103, 17
103, 18
103, 19
103, 20
103, 21
103, 22
103, 23
103, 24
103, 25
103, 26
103, 27
103, 28
103, 29
103, 30
103, 45
103, 46
103, 47
103, 48
103, 49
103, 50
104, 12
104, 13
104, 14
104, 15
104, 16
104, 17
104, 18
104, 19
104, 20
104, 21
104, 22
104, 23
104, 24
104, 25
104, 26
104, 27
104, 28
104, 29
104, 30
104, 45
104, 46
104, 47
104, 48
104, 49
104, 50
105, 12
105, 13
105, 14
105, 15
105, 16
105, 17
105, 18
105, 19
105, 20
105, 21
105, 22
105, 23
105, 24
105, 25
105, 26
105, 27
105, 28
105, 29
105, 30
105, 45
105, 46
105, 47
105, 48
105, 49
105, 50
106, 12
106, 13
106, 14
106, 15
106, 16
106, 17
106, 18
106, 19
106, 20
106, 21
106, 22
106, 23
106, 24
106, 25
106, 26
106, 27
106, 28
106, 29
106, 30
106, 45
106, 46
106, 47
106, 48
106, 49
106, 50
107, 12
107, 13
107, 14
107, 15
107, 16
107, 17
107, 18
107, 19
107, 20
107, 21
107, 22
107, 23
107, 24
107, 25
107, 26
107, 27
107, 28
107, 29
107, 30
107, 45
107, 46
107, 47
107, 48
107, 49
107, 50
108, 12
108, 13
108, 14
108, 15
108, 16
108, 17
108, 18
108, 19
108, 20
108, 21
108, 22
108, 23
108, 24
108, 25
108, 26
108, 27
108, 28
108, 29
108, 30
108, 45
108, 46
108, 47
108, 48
108, 49
108, 50
109, 12
109, 13
109, 14
109, 15
109, 16
109, 17
109, 18
109, 19
109, 20
109, 21
109, 22
109, 23
109, 24
109, 25
109, 26
109, 27
109, 28
109, 29
109, 30
109, 46
109, 47
109, 48
109, 49
110, 12
110, 13
110, 14
110, 15
110, 16
110, 17
110, 18
110, 19
110, 20
110, 21
110, 22
110, 23
110, 24
110, 25
110, 26
110, 27
110, 28
110, 29
110, 30
110, 46
110, 47
110, 48
110, 49
111, 12
111, 13
111, 14
111, 15
111, 16
111, 17
111, 18
111, 19
111, 20
111, 21
111, 22
111, 23
111, 24
111, 25
111, 26
111, 27
111, 28
111, 29
111, 30
111, 31
111, 46
111, 47
111, 48
111, 49
112, 12
112, 13
112, 14
112, 15
112, 16
112, 17
112, 18
112, 19
112, 20
112, 21
112, 22
112, 23
112, 24
112, 25
112, 26
112, 27
112, 28
112, 29
112, 30
112, 31
112, 46
112, 47
112, 48
112, 49
113, 12
113, 13
113, 14
113, 15
113, 16
113, 17
113, 18
113, 19
113, 20
113, 21
113, 22
113, 23
113, 24
113, 25
113, 26
113, 27
113, 28
113, 29
113, 30
113, 31
113, 46
113, 47
113, 48
113, 49
114, 12
114, 13
114, 14
114, 15
114, 16
114, 17
114, 18
114, 19
114, 20
114, 21
114, 22
114, 23
114, 24
114, 25
114, 26
114, 27
114, 28
114, 29
114, 30
114, 31
114, 46
114, 47
114, 48
114, 49
115, 12
115, 13
115, 14
115, 15
115, 16
115, 17
115, 18
115, 19
115, 20
115, 21
115, 22
115, 23
115, 24
115, 25
115, 26
115, 27
115, 28
115, 29
115, 30
115, 31
115, 46
115, 47
115, 48
115, 49
116, 12
116, 13
116, 14
116, 15
116, 16
116, 17
116, 18
116, 19
116, 20
116, 21
116, 22
116, 23
116, 24
116, 25
116, 26
116, 27
116, 28
116, 29
116, 30
116, 31
116, 47
116, 48
116, 49
117, 12
117, 13
117, 14
117, 15
117, 16
117, 17
117, 18
117, 19
117, 20
117, 21
117, 22
117, 23
117, 24
117, 25
117, 26
117, 27
117, 28
117, 29
117, 30
117, 31
117, 47
117, 48
117, 49
118, 12
118, 13
118, 14
118, 15
118, 16
118, 17
118, 18
118, 19
118, 20
118, 21
118, 22
118, 23
118, 24
118, 25
118, 26
118, 27
118, 28
118, 29
118, 30
118, 31
118, 47
118, 48
118, 49
119, 12
119, 13
119, 14
119, 15
119, 16
119, 17
119, 18
119, 19
119, 20
119, 21
119, 22
119, 23
119, 24
119, 25
119, 26
119, 27
119, 28
119, 29
119, 30
119, 31
119, 47
119, 48
119, 49
120, 12
120, 13
120, 14
120, 15
120, 16
120, 17
120, 18
120, 19
120, 20
120, 21
120, 22
120, 23
120, 24
120, 25
120, 26
120, 27
120, 28
120, 29
120, 30
120, 31
120, 47
120, 48
120, 49
121, 12
121, 13
121, 14
121, 15
121, 16
121, 17
121, 18
121, 19
121, 20
121, 21
121, 22
121, 23
121, 24
121, 25
121, 26
121, 27
121, 28
121, 29
121, 30
121, 31
121, 48
122, 12
122, 13
122, 14
122, 15
122, 16
122, 17
122, 18
122, 19
122, 20
122, 21
122, 22
122, 23
122, 24
122, 25
122, 26
122, 27
122, 28
122, 29
122, 30
122, 31
123, 12
123, 13
123, 14
123, 15
123, 16
123, 17
123, 18
123, 19
123, 20
123, 21
123, 22
123, 23
123, 24
123, 25
123, 26
123, 27
123, 28
123, 29
123, 30
123, 31
124, 12
124, 13
124, 14
124, 15
124, 16
124, 17
124, 18
124, 19
124, 20
124, 21
124, 22
124, 23
124, 24
124, 25
124, 26
124, 27
124, 28
124, 29
124, 30
124, 31
125, 12
125, 13
125, 14
125, 15
125, 16
125, 17
125, 18
125, 19
125, 20
125, 21
125, 22
125, 23
125, 24
125, 25
125, 26
125, 27
125, 28
125, 29
125, 30
125, 31
126, 12
126, 13
126, 14
126, 15
126, 16
126, 17
126, 18
126, 19
126, 20
126, 21
126, 22
126, 23
126, 24
126, 25
126, 26
126, 27
126, 28
126, 29
126, 30
126, 31
127, 12
127, 13
127, 14
127, 15
127, 16
127, 17
127, 18
127, 19
127, 20
127, 21
127, 22
127, 23
127, 24
127, 25
127, 26
127, 27
127, 28
127, 29
127, 30
127, 31
128, 12
128, 13
128, 14
128, 15
128, 16
128, 17
128, 18
128, 19
128, 20
128, 21
128, 22
128, 23
128, 24
128, 25
128, 26
128, 27
128, 28
128, 29
128, 30
128, 31
129, 12
129, 13
129, 14
129, 15
129, 16
129, 17
129, 18
129, 19
129, 20
129, 21
129, 22
129, 23
129, 24
129, 25
129, 26
129, 27
129, 28
129, 29
129, 30
129, 31
130, 12
130, 13
130, 14
130, 15
130, 16
130, 17
130, 18
130, 19
130, 20
130, 21
130, 22
130, 23
130, 24
130, 25
130, 26
130, 27
130, 28
130, 29
130, 30
130, 31
131, 12
131, 13
131, 14
131, 15
131, 16
131, 17
131, 18
131, 19
131, 20
131, 21
131, 22
131, 23
131, 24
131, 25
131, 26
131, 27
131, 28
131, 29
131, 30
131, 31
132, 12
132, 13
132, 14
132, 15
132, 16
132, 17
132, 18
132, 19
132, 20
132, 21
132, 22
132, 23
132, 24
132, 25
132, 26
132, 27
132, 28
132, 29
132, 30
132, 31
133, 12
133, 13
133, 14
133, 15
133, 16
133, 17
133, 18
133, 19
133, 20
133, 21
133, 22
133, 23
133, 24
133, 25
133, 26
133, 27
133, 28
133, 29
133, 30
133, 31
134, 12
134, 13
134, 14
134, 15
134, 16
134, 17
134, 18
134, 19
134, 20
134, 21
134, 22
134, 23
134, 24
134, 25
134, 26
134, 27
134, 28
134, 29
134, 30
134, 31
135, 12
135, 13
135, 14
135, 15
135, 16
135, 17
135, 18
135, 19
135, 20
135, 21
135, 22
135, 23
135, 24
135, 25
135, 26
135, 27
135, 28
135, 29
135, 30
135, 31
135, 32
136, 12
136, 13
136, 14
136, 15
136, 16
136, 17
136, 18
136, 19
136, 20
136, 21
136, 22
136, 23
136, 24
136, 25
136, 26
136, 27
136, 28
136, 29
136, 30
136, 31
136, 32
137, 12
137, 13
137, 14
137, 15
137, 16
137, 17
137, 18
137, 19
137, 20
137, 21
137, 22
137, 23
137, 24
137, 25
137, 26
137, 27
137, 28
137, 29
137, 30
137, 31
137, 32
138, 12
138, 13
138, 14
138, 15
138, 16
138, 17
138, 18
138, 19
138, 20
138, 21
138, 22
138, 23
138, 24
138, 25
138, 26
138, 27
138, 28
138, 29
138, 30
138, 31
138, 32
139, 12
139, 13
139, 14
139, 15
139, 16
139, 17
139, 18
139, 19
139, 20
139, 21
139, 22
139, 23
139, 24
139, 25
139, 26
139, 27
139, 28
139, 29
139, 30
139, 31
139, 32
140, 12
140, 13
140, 14
140, 15
140, 16
140, 17
140, 18
140, 19
140, 20
140, 21
140, 22
140, 23
140, 24
140, 25
140, 26
140, 27
140, 28
140, 29
140, 30
140, 31
140, 32
141, 12
141, 13
141, 14
141, 15
141, 16
141, 17
141, 18
141, 19
141, 20
141, 21
141, 22
141, 23
141, 24
141, 25
141, 26
141, 27
141, 28
141, 29
141, 30
141, 31
141, 32
142, 12
142, 13
142, 14
142, 15
142, 16
142, 17
142, 18
142, 19
142, 20
142, 21
142, 22
142, 23
142, 24
142, 25
142, 26
142, 27
142, 28
142, 29
142, 30
142, 31
142, 32
143, 12
143, 13
143, 14
143, 15
143, 16
143, 17
143, 18
143, 19
143, 20
143, 21
143, 22
143, 23
143, 24
143, 25
143, 26
143, 27
143, 28
143, 29
143, 30
143, 31
143, 32
143, 33
144, 12
144, 13
144, 14
144, 15
144, 16
144, 17
144, 18
144, 19
144, 20
144, 21
144, 22
144, 23
144, 24
144, 25
144, 26
144, 27
144, 28
144, 29
144, 30
144, 31
144, 32
144, 33
144, 34
145, 12
145, 13
145, 14
145, 15
145, 16
145, 17
145, 18
145, 19
145, 20
145, 21
145, 22
145, 23
145, 24
145, 25
145, 26
145, 27
145, 28
145, 29
145, 30
145, 31
145, 32
145, 33
145, 34
145, 35
146, 12
146, 13
146, 14
146, 15
146, 16
146, 17
146, 18
146, 19
146, 20
146, 21
146, 22
146, 23
146, 24
146, 25
146, 26
146, 27
146, 28
146, 29
146, 30
146, 31
146, 32
146, 33
146, 34
146, 35
146, 36
147, 12
147, 13
147, 14
147, 15
147, 16
147, 17
147, 18
147, 19
147, 20
147, 21
147, 22
147, 23
147, 24
147, 25
147, 26
147, 27
147, 28
147, 29
147, 30
147, 31
147, 32
147, 33
147, 34
147, 35
147, 36
148, 12
148, 13
148, 14
148, 15
148, 16
148, 17
148, 18
148, 19
148, 20
148, 21
148, 22
148, 23
148, 24
148, 25
148, 26
148, 27
148, 28
148, 29
148, 30
148, 31
148, 32
148, 33
148, 34
148, 35
148, 36
149, 12
149, 13
149, 14
149, 15
149, 16
149, 17
149, 18
149, 19
149, 20
149, 21
149, 22
149, 23
149, 24
149, 25
149, 26
149, 27
149, 28
149, 29
149, 30
149, 31
149, 32
149, 33
149, 34
149, 35
149, 36
150, 12
150, 13
150, 14
150, 15
150, 16
150, 17
150, 18
150, 19
150, 20
150, 21
150, 22
150, 23
150, 24
150, 25
150, 26
150, 27
150, 28
150, 29
150, 30
150, 31
150, 32
150, 33
150, 34
150, 35
150, 36
151, 12
151, 13
151, 14
151, 15
151, 16
151, 17
151, 18
151, 19
151, 20
151, 21
151, 22
151, 23
151, 24
151, 25
151, 26
151, 27
151, 28
151, 29
151, 30
151, 31
151, 32
151, 33
151, 34
151, 35
151, 36
152, 12
152, 13
152, 14
152, 15
152, 16
152, 17
152, 18
152, 19
152, 20
152, 21
152, 22
152, 23
152, 24
152, 25
152, 26
152, 27
152, 28
152, 29
152, 30
152, 31
152, 32
152, 33
152, 34
152, 35
152, 36
152, 37
153, 12
153, 13
153, 14
153, 15
153, 16
153, 17
153, 18
153, 19
153, 20
153, 21
153, 22
153, 23
153, 24
153, 25
153, 26
153, 27
153, 28
153, 29
153, 30
153, 31
153, 32
153, 33
153, 34
153, 35
153, 36
153, 37
153, 38
153, 51
153, 52
154, 12
154, 13
154, 14
154, 15
154, 16
154, 17
154, 18
154, 19
154, 20
154, 21
154, 22
154, 23
154, 24
154, 25
154, 26
154, 27
154, 28
154, 29
154, 30
154, 31
154, 32
154, 33
154, 34
154, 35
154, 36
154, 37
154, 38
154, 39
154, 50
154, 51
154, 52
154, 53
155, 12
155, 13
155, 14
155, 15
155, 16
155, 17
155, 18
155, 19
155, 20
155, 21
155, 22
155, 23
155, 24
155, 25
155, 26
155, 27
155, 28
155, 29
155, 30
155, 31
155, 32
155, 33
155, 34
155, 35
155, 36
155, 37
155, 38
155, 39
155, 40
155, 49
155, 50
155, 51
155, 52
155, 53
156, 12
156, 13
156, 14
156, 15
156, 16
156, 17
156, 18
156, 19
156, 20
156, 21
156, 22
156, 23
156, 24
156, 25
156, 26
156, 27
156, 28
156, 29
156, 30
156, 31
156, 32
156, 33
156, 34
156, 35
156, 36
156, 37
156, 38
156, 39
156, 40
156, 49
156, 50
156, 51
156, 52
156, 53
157, 12
157, 13
157, 14
157, 15
157, 16
157, 17
157, 18
157, 19
157, 20
157, 21
157, 22
157, 23
157, 24
157, 25
157, 26
157, 27
157, 28
157, 29
157, 30
157, 31
157, 32
157, 33
157, 34
157, 35
157, 36
157, 37
157, 38
157, 39
157, 40
157, 41
157, 49
157, 50
157, 51
157, 52
157, 53
158, 12
158, 13
158, 14
158, 15
158, 16
158, 17
158, 18
158, 19
158, 20
158, 21
158, 22
158, 23
158, 24
158, 25
158, 26
158, 27
158, 28
158, 29
158, 30
158, 31
158, 32
158, 33
158, 34
158, 35
158, 36
158, 37
158, 38
158, 39
158, 40
158, 41
158, 49
158, 50
158, 51
158, 52
158, 53
159, 12
159, 13
159, 14
159, 15
159, 16
159, 17
159, 18
159, 19
159, 20
159, 21
159, 22
159, 23
159, 24
159, 25
159, 26
159, 27
159, 28
159, 29
159, 30
159, 31
159, 32
159, 33
159, 34
159, 35
159, 36
159, 37
159, 38
159, 39
159, 40
159, 41
159, 49
159, 50
159, 51
159, 52
159, 53
160, 12
160, 13
160, 14
160, 15
160, 16
160, 17
160, 18
160, 19
160, 20
160, 21
160, 22
160, 23
160, 24
160, 25
160, 26
160, 27
160, 28
160, 29
160, 30
160, 31
160, 32
160, 33
160, 34
160, 35
160, 36
160, 37
160, 38
160, 39
160, 40
160, 41
160, 49
160, 50
160, 51
160, 52
160, 53
161, 12
161, 13
161, 14
161, 15
161, 16
161, 17
161, 18
161, 19
161, 20
161, 21
161, 22
161, 23
161, 24
161, 25
161, 26
161, 27
161, 28
161, 29
161, 30
161, 31
161, 32
161, 33
161, 34
161, 35
161, 36
161, 37
161, 38
161, 39
161, 40
161, 41
161, 49
161, 50
161, 51
161, 52
161, 53
162, 12
162, 13
162, 14
162, 15
162, 16
162, 17
162, 18
162, 19
162, 20
162, 21
162, 22
162, 23
162, 24
162, 25
162, 26
162, 27
162, 28
162, 29
162, 30
162, 31
162, 32
162, 33
162, 34
162, 35
162, 36
162, 37
162, 38
162, 39
162, 40
162, 41
162, 42
162, 48
162, 49
162, 50
162, 51
162, 52
162, 53
163, 12
163, 13
163, 14
163, 15
163, 16
163, 17
163, 18
163, 19
163, 20
163, 21
163, 22
163, 23
163, 24
163, 25
163, 26
163, 27
163, 28
163, 29
163, 30
163, 31
163, 32
163, 33
163, 34
163, 35
163, 36
163, 37
163, 38
163, 39
163, 40
163, 41
163, 42
163, 43
163, 48
163, 49
163, 50
163, 51
163, 52
163, 53
164, 12
164, 13
164, 14
164, 15
164, 16
164, 17
164, 18
164, 19
164, 20
164, 21
164, 22
164, 23
164, 24
164, 25
164, 26
164, 27
164, 28
164, 29
164, 30
164, 31
164, 32
164, 33
164, 34
164, 35
164, 36
164, 37
164, 38
164, 39
164, 40
164, 41
164, 42
164, 43
164, 44
164, 45
164, 46
164, 47
164, 48
164, 49
164, 50
164, 51
164, 52
164, 53
165, 12
165, 13
165, 14
165, 15
165, 16
165, 17
165, 18
165, 19
165, 20
165, 21
165, 22
165, 23
165, 24
165, 25
165, 26
165, 27
165, 28
165, 29
165, 30
165, 31
165, 32
165, 33
165, 34
165, 35
165, 36
165, 37
165, 38
165, 39
165, 40
165, 41
165, 42
165, 43
165, 44
165, 45
165, 46
165, 47
165, 48
165, 49
165, 50
165, 51
165, 52
165, 53
166, 12
166, 13
166, 14
166, 15
166, 16
166, 17
166, 18
166, 19
166, 20
166, 21
166, 22
166, 23
166, 24
166, 25
166, 26
166, 27
166, 28
166, 29
166, 30
166, 31
166, 32
166, 33
166, 34
166, 35
166, 36
166, 37
166, 38
166, 39
166, 40
166, 41
166, 42
166, 43
166, 44
166, 45
166, 46
166, 47
166, 48
166, 49
166, 50
166, 51
166, 52
166, 53
166, 54
167, 12
167, 13
167, 14
167, 15
167, 16
167, 17
167, 18
167, 19
167, 20
167, 21
167, 22
167, 23
167, 24
167, 25
167, 26
167, 27
167, 28
167, 29
167, 30
167, 31
167, 32
167, 33
167, 34
167, 35
167, 36
167, 37
167, 38
167, 39
167, 40
167, 41
167, 42
167, 43
167, 44
167, 45
167, 46
167, 47
167, 48
167, 49
167, 50
167, 51
167, 52
167, 53
167, 54
168, 12
168, 13
168, 14
168, 15
168, 16
168, 17
168, 18
168, 19
168, 20
168, 21
168, 22
168, 23
168, 24
168, 25
168, 26
168, 27
168, 28
168, 29
168, 30
168, 31
168, 32
168, 33
168, 34
168, 35
168, 36
168, 37
168, 38
168, 39
168, 40
168, 41
168, 42
168, 43
168, 44
168, 45
168, 46
168, 47
168, 48
168, 49
168, 50
168, 51
168, 52
168, 53
168, 54
169, 12
169, 13
169, 14
169, 15
169, 16
169, 17
169, 18
169, 19
169, 20
169, 21
169, 22
169, 23
169, 24
169, 25
169, 26
169, 27
169, 28
169, 29
169, 30
169, 31
169, 32
169, 33
169, 34
169, 35
169, 36
169, 37
169, 38
169, 39
169, 40
169, 41
169, 42
169, 43
169, 44
169, 45
169, 46
169, 47
169, 48
169, 49
169, 50
169, 51
169, 52
169, 53
169, 54
170, 12
170, 13
170, 14
170, 15
170, 16
170, 17
170, 18
170, 19
170, 20
170, 21
170, 22
170, 23
170, 24
170, 25
170, 26
170, 27
170, 28
170, 29
170, 30
170, 31
170, 32
170, 33
170, 34
170, 35
170, 36
170, 37
170, 38
170, 39
170, 40
170, 41
170, 42
170, 43
170, 44
170, 45
170, 46
170, 47
170, 48
170, 49
170, 50
170, 51
170, 52
170, 53
170, 54
171, 13
171, 14
171, 15
171, 16
171, 17
171, 18
171, 19
171, 20
171, 21
171, 22
171, 23
171, 24
171, 25
171, 26
171, 27
171, 28
171, 29
171, 30
171, 31
171, 32
171, 33
171, 34
171, 35
171, 36
171, 37
171, 38
171, 39
171, 40
171, 41
171, 42
171, 43
171, 44
171, 45
171, 46
171, 47
171, 48
171, 49
171, 50
171, 51
171, 52
171, 53
171, 54
172, 13
172, 14
172, 15
172, 16
172, 17
172, 18
172, 19
172, 20
172, 21
172, 22
172, 23
172, 24
172, 25
172, 26
172, 27
172, 28
172, 29
172, 30
172, 31
172, 32
172, 33
172, 34
172, 35
172, 36
172, 37
172, 38
172, 39
172, 40
172, 41
172, 42
172, 43
172, 44
172, 45
172, 46
172, 47
172, 48
172, 49
172, 50
172, 51
172, 52
172, 53
